#Task Selector: 5
#PID Parameters: kp: 0.06, kd: 0.03, ki: 0.02
#n_pos: 8
#n_vel: 8
t x_ref y_ref vx_ref vy_ref x_raw y_raw x y vx_raw vy_raw vx vy
1684258094603190 0.00 0.00 0.00 0.00 2.01 5.25 0.25 0.66 0.00 0.00 0.00 0.00
1684258094603191 0.00 0.00 0.00 0.00 0.77 7.75 0.35 1.62 -15.66 -40.84 -1.96 -5.11
1684258094621040 0.00 0.00 0.00 0.00 3.26 5.25 0.75 2.28 -5.37 -54.26 -2.63 -11.89
1684258094636829 0.00 0.00 0.00 0.00 4.50 5.25 1.32 2.94 -25.79 -41.55 -5.85 -17.08
1684258094651676 0.00 0.00 0.00 0.00 5.75 5.25 2.04 3.59 -37.92 -44.19 -10.59 -22.61
1684258094669273 0.00 0.00 0.00 0.00 6.99 7.75 2.91 4.56 -40.85 -37.28 -15.70 -27.27
1684258094686184 0.00 0.00 0.00 0.00 8.24 5.25 3.94 5.22 -51.71 -57.27 -22.16 -34.43
1684258094701476 0.00 0.00 0.00 0.00 8.24 8.99 4.97 6.34 -67.38 -42.89 -30.59 -39.79
1684258094717536 0.00 0.00 0.00 0.00 8.24 8.99 5.75 6.81 -64.13 -70.01 -38.60 -48.54
1684258094733477 0.00 0.00 0.00 0.00 8.24 10.24 6.68 7.12 -48.84 -29.38 -42.75 -47.10
1684258094750909 0.00 0.00 0.00 0.00 11.98 10.24 7.77 7.75 -53.58 -17.89 -48.78 -42.56
1684258094766359 0.00 0.00 0.00 0.00 10.73 11.49 8.55 8.53 -70.54 -40.37 -54.37 -42.41
1684258094782328 0.00 0.00 0.00 0.00 10.73 10.24 9.17 9.15 -48.72 -48.83 -55.72 -42.99
1684258094798427 0.00 0.00 0.00 0.00 11.97 15.22 9.80 10.08 -38.67 -38.76 -55.45 -43.18
1684258094815207 0.00 0.00 0.00 0.00 11.97 15.22 10.26 11.33 -37.07 -55.69 -53.62 -42.98
1684258094832772 0.00 0.00 0.00 0.00 10.73 15.22 10.57 12.11 -26.53 -71.00 -48.51 -46.49
1684258094847033 0.00 0.00 0.00 0.00 11.97 16.47 11.04 13.04 -21.79 -54.61 -43.22 -44.57
1684258094866693 0.00 0.00 0.00 0.00 13.22 16.47 11.66 13.82 -23.72 -47.52 -40.08 -46.83
1684258094879365 0.00 0.00 0.00 0.00 13.22 15.22 11.82 14.44 -49.11 -61.41 -39.52 -52.27
1684258094895980 0.00 0.00 0.00 0.00 15.71 16.47 12.44 15.07 -9.34 -37.50 -31.87 -51.91
1684258094912019 0.00 0.00 0.00 0.00 16.96 13.97 13.22 15.53 -38.84 -38.80 -30.63 -50.66
1684258094929967 0.00 0.00 0.00 0.00 16.96 15.22 13.84 15.53 -43.42 -26.00 -31.23 -49.07
1684258094944988 0.00 0.00 0.00 0.00 19.47 12.72 14.78 15.22 -41.53 0.04 -31.79 -42.10
1684258094961145 0.00 0.00 0.00 0.00 19.47 11.47 15.87 14.75 -58.00 19.36 -35.72 -30.80
1684258094977553 0.00 0.00 0.00 0.00 21.98 11.47 17.12 14.13 -66.62 28.58 -41.32 -20.41
1684258094994891 0.00 0.00 0.00 0.00 21.98 11.47 18.22 13.50 -72.14 36.06 -47.37 -9.96
1684258095008715 0.00 0.00 0.00 0.00 23.24 10.21 19.47 12.87 -79.21 45.22 -51.14 3.37
1684258095025340 0.00 0.00 0.00 0.00 23.24 8.96 20.41 11.94 -75.32 37.66 -59.38 12.77
1684258095040920 0.00 0.00 0.00 0.00 23.24 8.96 21.20 11.31 -60.39 60.20 -62.08 25.14
1684258095058260 0.00 0.00 0.00 0.00 24.50 7.71 22.14 10.37 -45.24 36.12 -62.31 32.91
1684258095073920 0.00 0.00 0.00 0.00 27.02 7.70 23.08 9.74 -60.17 59.97 -64.64 40.40
1684258095090851 0.00 0.00 0.00 0.00 25.77 5.19 23.87 8.96 -55.74 37.09 -64.35 42.61
1684258095106434 0.00 0.00 0.00 0.00 25.77 3.94 24.34 8.02 -50.52 50.36 -62.34 45.34
1684258095122538 0.00 0.00 0.00 0.00 28.29 5.18 25.13 7.23 -29.47 58.42 -57.01 48.13
1684258095138934 0.00 0.00 0.00 0.00 28.30 2.67 25.77 6.29 -48.11 47.90 -53.12 48.47
1684258095156431 0.00 0.00 0.00 0.00 28.31 1.41 26.40 5.35 -36.18 53.88 -48.23 50.49
1684258095172329 0.00 0.00 0.00 0.00 30.83 1.40 27.35 4.40 -39.84 59.35 -45.66 50.39
1684258095187739 0.00 0.00 0.00 0.00 30.84 -1.11 28.14 3.30 -61.57 61.33 -47.70 53.54
1684258095204194 0.00 0.00 0.00 0.00 29.59 -2.37 28.46 2.04 -48.18 67.01 -46.20 54.42
1684258095220480 0.00 0.00 0.00 0.00 30.85 -2.37 29.10 1.09 -19.72 77.25 -41.70 59.44
1684258095237561 0.00 0.00 0.00 0.00 29.59 -2.37 29.57 0.31 -37.18 55.39 -40.03 60.07
1684258095258260 0.00 0.00 0.00 0.00 30.85 -3.63 29.89 -0.80 -23.03 38.09 -39.23 57.53
1684258095270557 0.00 0.00 0.00 0.00 30.85 -3.63 30.21 -1.58 -26.10 89.64 -36.47 62.74
1684258095287680 0.00 0.00 0.00 0.00 29.60 -4.89 30.38 -2.37 -18.66 46.04 -34.28 61.76
1684258095305766 0.00 0.00 0.00 0.00 30.87 -6.16 30.38 -3.32 -8.94 43.56 -30.42 59.79
1684258095318403 0.00 0.00 0.00 0.00 29.61 -6.15 30.23 -3.95 -0.38 74.76 -22.77 61.47
1684258095335938 0.00 0.00 0.00 0.00 30.87 -7.42 30.39 -4.58 8.81 35.89 -15.65 57.58
1684258095350189 0.00 0.00 0.00 0.00 29.61 -7.41 30.23 -5.21 -11.29 44.29 -14.59 53.46
1684258095366107 0.00 0.00 0.00 0.00 29.61 -7.41 30.24 -5.84 9.71 39.55 -8.73 51.48
1684258095382383 0.00 0.00 0.00 0.00 28.35 -7.40 29.92 -6.31 -0.20 38.73 -5.88 51.56
1684258095402460 0.00 0.00 0.00 0.00 27.09 -7.40 29.45 -6.78 15.59 23.48 -0.67 43.29
1684258095415456 0.00 0.00 0.00 0.00 25.84 -8.65 28.98 -7.25 36.20 36.21 6.19 42.06
1684258095431378 0.00 0.00 0.00 0.00 25.83 -7.39 28.35 -7.40 29.53 29.57 11.00 40.31
1684258095448029 0.00 0.00 0.00 0.00 24.58 -8.65 27.72 -7.72 37.81 9.28 15.77 32.13
1684258095463900 0.00 0.00 0.00 0.00 25.84 -8.65 27.09 -7.87 39.60 19.68 19.62 30.10
1684258095482463 0.00 0.00 0.00 0.00 23.31 -7.38 26.31 -7.87 33.91 8.34 25.27 25.61
1684258095497668 0.00 0.00 0.00 0.00 24.57 -7.39 25.68 -7.86 51.78 -0.26 30.53 20.63
1684258095514102 0.00 0.00 0.00 0.00 23.31 -7.38 25.05 -7.86 38.34 -0.19 35.34 15.76
1684258095533539 0.00 0.00 0.00 0.00 23.31 -7.38 24.57 -7.86 32.40 -0.16 37.44 12.81
1684258095546101 0.00 0.00 0.00 0.00 20.80 -7.37 23.95 -7.70 37.59 -0.19 37.62 8.26
1684258095565364 0.00 0.00 0.00 0.00 20.80 -7.37 23.32 -7.70 32.70 -8.36 38.01 3.52
1684258095578241 0.00 0.00 0.00 0.00 20.79 -6.10 22.84 -7.38 48.86 -0.24 39.40 2.33
1684258095597263 0.00 0.00 0.00 0.00 19.54 -6.10 22.06 -7.06 24.88 -16.72 37.56 -2.22
1684258095610250 0.00 0.00 0.00 0.00 19.54 -6.10 21.58 -6.90 60.65 -24.60 40.90 -6.34
1684258095626605 0.00 0.00 0.00 0.00 20.79 -4.84 21.11 -6.58 28.87 -9.79 38.04 -7.53
1684258095645272 0.00 0.00 0.00 0.00 19.53 -4.84 20.64 -6.26 25.35 -17.03 36.41 -9.64
1684258095658931 0.00 0.00 0.00 0.00 20.79 -4.84 20.32 -5.94 34.62 -23.27 36.69 -12.52
1684258095675370 0.00 0.00 0.00 0.00 19.53 -4.84 20.16 -5.63 19.22 -19.29 34.39 -14.91
1684258095691630 0.00 0.00 0.00 0.00 19.52 -3.58 20.00 -5.15 9.75 -19.45 31.52 -16.30
1684258095711479 0.00 0.00 0.00 0.00 20.78 -3.58 20.00 -4.84 8.02 -23.87 26.42 -19.25
1684258095724555 0.00 0.00 0.00 0.00 20.77 -2.32 20.16 -4.37 0.12 -24.12 23.32 -20.18
1684258095741849 0.00 0.00 0.00 0.00 19.52 -3.58 20.15 -4.05 -8.95 -27.30 14.62 -20.51
1684258095756811 0.00 0.00 0.00 0.00 19.52 -2.32 20.00 -3.74 0.10 -21.07 11.03 -21.92
1684258095773106 0.00 0.00 0.00 0.00 20.77 -2.32 20.15 -3.42 9.72 -19.38 9.07 -22.22
1684258095789261 0.00 0.00 0.00 0.00 17.01 -2.31 19.68 -3.10 -9.63 -19.46 3.54 -21.74
1684258095805195 0.00 0.00 0.00 0.00 19.52 -2.32 19.68 -2.79 29.62 -19.90 4.84 -21.82
1684258095821370 0.00 0.00 0.00 0.00 20.77 -2.32 19.83 -2.63 0.09 -19.48 3.64 -21.82
1684258095837611 0.00 0.00 0.00 0.00 20.77 -2.32 19.83 -2.48 -9.62 -9.65 1.43 -20.04
1684258095854766 0.00 0.00 0.00 0.00 22.02 -1.07 19.99 -2.32 0.04 -9.18 1.42 -18.18
1684258095870442 0.00 0.00 0.00 0.00 22.03 -2.33 20.30 -2.16 -9.97 -9.99 1.29 -16.01
1684258095887306 0.00 0.00 0.00 0.00 22.02 -1.07 20.62 -2.01 -18.58 -9.25 -1.04 -14.54
1684258095902800 0.00 0.00 0.00 0.00 23.28 -1.08 20.93 -1.85 -20.21 -10.06 -4.78 -13.37
1684258095920315 0.00 0.00 0.00 0.00 23.28 -1.08 21.71 -1.70 -17.89 -8.90 -5.81 -12.05
1684258095935301 0.00 0.00 0.00 0.00 22.02 -1.07 22.03 -1.54 -52.31 -10.26 -16.06 -10.85
1684258095952340 0.00 0.00 0.00 0.00 22.02 -1.07 22.18 -1.38 -18.38 -9.15 -18.37 -9.56
1684258095967766 0.00 0.00 0.00 0.00 23.28 -1.08 22.50 -1.23 -10.13 -10.15 -18.43 -9.62
1684258095985493 0.00 0.00 0.00 0.00 23.28 -1.08 22.65 -1.23 -17.68 -8.79 -20.64 -9.57
1684258096000427 0.00 0.00 0.00 0.00 23.28 -1.08 22.81 -1.07 -10.52 0.05 -20.71 -8.31
1684258096015620 0.00 0.00 0.00 0.00 23.28 -1.08 22.97 -1.07 -10.29 -10.31 -19.68 -8.45
1684258096039743 0.00 0.00 0.00 0.00 23.28 -1.08 22.97 -1.07 -6.51 0.03 -17.97 -7.18
1684258096052429 0.00 0.00 0.00 0.00 23.28 0.18 22.97 -0.92 0.00 0.00 -15.73 -6.07
1684258096065202 0.00 0.00 0.00 0.00 23.28 0.18 23.12 -0.76 0.06 -12.31 -9.18 -6.33
1684258096080444 0.00 0.00 0.00 0.00 23.28 0.18 23.28 -0.60 -10.26 -10.27 -8.17 -6.47
1684258096098287 0.00 0.00 0.00 0.00 24.53 0.18 23.44 -0.45 -8.76 -8.77 -8.00 -6.30
1684258096113726 0.00 0.00 0.00 0.00 24.50 8.96 23.59 0.81 -10.13 -10.14 -7.05 -6.46
1684258096129059 0.00 0.00 0.00 0.00 24.53 0.18 23.74 0.96 -9.90 -81.81 -6.97 -16.70
1684258096145870 0.00 0.00 0.00 0.00 24.53 0.18 23.90 1.12 -9.31 -9.31 -6.85 -16.57
1684258096161970 0.00 0.00 0.00 0.00 24.53 0.18 24.06 1.28 -9.72 -9.72 -7.25 -17.79
1684258096178617 0.00 0.00 0.00 0.00 25.79 0.17 24.37 1.27 -9.40 -9.40 -8.43 -18.96
1684258096203690 0.00 0.00 0.00 0.00 24.53 0.18 24.53 1.27 -12.55 0.06 -10.00 -17.42
1684258096215658 0.00 0.00 0.00 0.00 25.79 0.17 24.84 1.27 -13.14 0.06 -10.36 -16.13
1684258096229216 0.00 0.00 0.00 0.00 28.31 0.16 25.32 1.27 -23.20 0.12 -12.17 -15.02
1684258096245913 0.00 0.00 0.00 0.00 25.79 1.43 25.48 0.33 -28.29 0.14 -14.44 -13.73
1684258096259078 0.00 0.00 0.00 0.00 25.79 0.17 25.63 0.33 -12.25 71.51 -14.73 5.43
1684258096276652 0.00 0.00 0.00 0.00 25.79 0.17 25.79 0.33 -8.95 0.05 -14.69 6.60
1684258096291753 0.00 0.00 0.00 0.00 25.79 0.17 25.95 0.33 -10.42 0.05 -14.77 7.82
1684258096307872 0.00 0.00 0.00 0.00 25.80 -1.09 25.95 0.17 -9.76 0.05 -14.82 9.01
1684258096324234 0.00 0.00 0.00 0.00 25.80 -1.09 26.11 0.01 -0.05 9.61 -13.26 10.20
1684258096341234 0.00 0.00 0.00 0.00 27.05 1.42 26.26 0.17 -9.30 9.30 -12.78 11.35
1684258096368139 0.00 0.00 0.00 0.00 27.05 0.16 26.11 0.17 -5.82 -5.81 -10.61 10.61
1684258096387067 0.00 0.00 0.00 0.00 27.05 0.16 26.27 0.01 8.32 -0.04 -6.03 10.59
1684258096402673 0.00 0.00 0.00 0.00 25.80 -1.09 26.27 -0.15 -10.14 10.12 -5.77 2.92
1684258096414883 0.00 0.00 0.00 0.00 25.79 0.17 26.27 -0.15 -0.07 12.88 -4.65 4.52
1684258096427523 0.00 0.00 0.00 0.00 28.31 0.16 26.58 -0.15 0.00 0.00 -3.35 4.51
1684258096439577 0.00 0.00 0.00 0.00 25.79 0.17 26.58 0.01 -26.14 0.13 -5.40 4.52
1684258096454958 0.00 0.00 0.00 0.00 25.80 -1.09 26.58 0.01 0.05 -10.23 -5.39 2.04
1684258096472754 0.00 0.00 0.00 0.00 25.80 -1.09 26.42 -0.31 0.00 0.00 -4.22 0.88
1684258096487279 0.00 0.00 0.00 0.00 25.80 -1.09 26.27 -0.46 10.73 21.60 -2.15 4.31
1684258096506158 0.00 0.00 0.00 0.00 25.79 0.17 26.11 -0.46 8.30 8.29 -2.16 5.35
1684258096519660 0.00 0.00 0.00 0.00 25.80 -1.09 26.11 -0.46 11.66 -0.06 0.57 4.08
1684258096535911 0.00 0.00 0.00 0.00 25.79 0.17 26.11 -0.46 0.00 0.00 0.58 2.47
1684258096551915 0.00 0.00 0.00 0.00 24.54 -1.08 25.64 -0.62 -0.00 0.00 0.58 2.47
1684258096568210 0.00 0.00 0.00 0.00 25.80 -1.09 25.64 -0.77 28.94 9.50 7.46 3.64
1684258096586040 0.00 0.00 0.00 0.00 24.54 -1.08 25.48 -0.77 -0.05 8.82 7.45 6.02
1684258096601741 0.00 0.00 0.00 0.00 24.54 -1.08 25.32 -0.77 10.02 -0.05 8.70 6.01
1684258096617280 0.00 0.00 0.00 0.00 25.80 -1.09 25.32 -0.77 10.13 -0.05 8.63 3.31
1684258096633412 0.00 0.00 0.00 0.00 24.53 0.18 25.17 -0.77 0.00 0.00 7.59 2.27
1684258096649428 0.00 0.00 0.00 0.00 23.28 -1.08 24.85 -0.77 9.82 -0.05 7.36 2.27
1684258096666646 0.00 0.00 0.00 0.00 23.28 -1.08 24.54 -0.92 18.27 -0.09 9.64 2.26
1684258096682767 0.00 0.00 0.00 0.00 23.28 -1.08 24.38 -0.92 19.46 9.66 12.08 3.47
1684258096698476 0.00 0.00 0.00 0.00 22.02 -1.07 23.91 -0.92 10.01 -0.05 9.71 2.27
1684258096714540 0.00 0.00 0.00 0.00 24.54 -1.08 23.91 -0.92 29.36 -0.15 13.39 1.15
1684258096730681 0.00 0.00 0.00 0.00 23.29 -2.33 23.75 -1.08 0.00 0.00 12.13 1.16
1684258096746907 0.00 0.00 0.00 0.00 23.28 -1.08 23.44 -1.08 9.64 9.65 12.07 2.37
1684258096763793 0.00 0.00 0.00 0.00 23.28 -1.08 23.28 -1.23 18.63 -0.10 14.40 2.36
1684258096779933 0.00 0.00 0.00 0.00 23.28 -1.08 23.28 -1.23 9.69 9.70 14.38 3.58
1684258096796251 0.00 0.00 0.00 0.00 23.28 -1.08 23.28 -1.23 0.00 0.00 12.10 3.59
1684258096812798 0.00 0.00 0.00 0.00 23.28 -1.08 23.28 -1.23 0.00 0.00 9.67 2.38
1684258096829248 0.00 0.00 0.00 0.00 23.28 0.18 23.44 -1.08 -0.00 0.00 8.42 2.39
1684258096844978 0.00 0.00 0.00 0.00 23.32 -8.64 23.29 -2.02 -9.94 -9.95 3.50 1.16
1684258096861014 0.00 0.00 0.00 0.00 23.28 -1.08 23.29 -1.86 9.51 58.94 4.69 8.53
1684258096877311 0.00 0.00 0.00 0.00 23.28 -1.08 23.29 -1.86 0.05 -9.66 3.49 6.12
1684258096893729 0.00 0.00 0.00 0.00 23.28 -1.08 23.29 -1.86 0.00 0.00 1.16 6.13
1684258096910591 0.00 0.00 0.00 0.00 23.28 0.18 23.29 -1.71 0.00 0.00 -0.05 4.92
1684258096929034 0.00 0.00 0.00 0.00 23.28 0.18 23.28 -1.55 0.04 -8.53 -0.04 3.85
1684258096942579 0.00 0.00 0.00 0.00 24.54 -1.08 23.44 -1.55 0.06 -11.61 -0.04 2.40
1684258096959136 0.00 0.00 0.00 0.00 24.53 0.18 23.60 -1.55 -9.50 0.05 -1.22 2.41
1684258096978779 0.00 0.00 0.00 0.00 23.28 -1.08 23.59 -0.61 -8.00 0.04 -0.98 3.65
1684258096994540 0.00 0.00 0.00 0.00 23.28 0.18 23.59 -0.45 0.30 -60.01 -2.13 -11.21
1684258097007630 0.00 0.00 0.00 0.00 23.28 0.18 23.59 -0.29 0.06 -12.01 -2.13 -11.51
1684258097026637 0.00 0.00 0.00 0.00 23.28 0.18 23.59 -0.13 0.04 -8.27 -2.12 -12.54
1684258097039102 0.00 0.00 0.00 0.00 24.53 0.18 23.75 -0.13 0.06 -12.62 -2.12 -14.12
1684258097058902 0.00 0.00 0.00 0.00 24.53 0.18 23.91 -0.14 -7.94 0.04 -3.11 -13.05
1684258097075437 0.00 0.00 0.00 0.00 23.28 0.18 23.75 0.02 -9.51 0.05 -4.31 -11.59
1684258097087985 0.00 0.00 0.00 0.00 23.28 0.18 23.59 0.02 12.59 -12.60 -1.55 -13.17
1684258097111833 0.00 0.00 0.00 0.00 23.28 0.18 23.59 0.18 6.59 -0.03 0.28 -13.18
1684258097124056 0.00 0.00 0.00 0.00 23.28 0.18 23.59 0.18 0.06 -12.87 0.25 -7.29
1684258097138074 0.00 0.00 0.00 0.00 23.28 0.18 23.59 0.18 0.00 0.00 0.24 -5.79
1684258097153386 0.00 0.00 0.00 0.00 23.28 0.18 23.59 0.18 0.00 0.00 0.23 -4.75
1684258097171289 0.00 0.00 0.00 0.00 25.79 0.17 23.75 0.18 -0.00 0.00 0.22 -3.18
1684258097185420 0.00 0.00 0.00 0.00 23.28 0.18 23.59 0.18 -11.13 0.06 -0.17 -3.17
1684258097202061 0.00 0.00 0.00 0.00 22.02 0.19 23.43 0.18 9.45 -0.05 2.20 -3.19
1684258097217568 0.00 0.00 0.00 0.00 23.28 -1.08 23.43 0.02 10.13 -0.05 1.89 -1.62
1684258097233490 0.00 0.00 0.00 0.00 23.28 -1.08 23.43 -0.13 -0.05 9.88 1.06 -0.38
1684258097249982 0.00 0.00 0.00 0.00 22.02 -1.07 23.28 -0.29 -0.05 9.54 1.04 2.42
1684258097266539 0.00 0.00 0.00 0.00 22.02 -1.07 23.12 -0.45 9.44 9.45 2.22 3.60
1684258097282579 0.00 0.00 0.00 0.00 22.02 0.19 22.96 -0.45 9.75 9.76 3.44 4.82
1684258097299119 0.00 0.00 0.00 0.00 22.02 -1.07 22.49 -0.60 9.50 -0.05 4.63 4.82
1684258097315504 0.00 0.00 0.00 0.00 22.02 -1.07 22.34 -0.76 28.74 9.45 9.61 5.99
1684258097336775 0.00 0.00 0.00 0.00 22.02 0.19 22.34 -0.76 7.35 7.36 9.35 6.92
1684258097348874 0.00 0.00 0.00 0.00 22.02 0.19 22.18 -0.60 0.00 0.00 8.09 6.92
1684258097364835 0.00 0.00 0.00 0.00 19.51 -1.06 21.71 -0.60 9.89 -9.90 9.33 4.45
1684258097381411 0.00 0.00 0.00 0.00 20.77 -1.06 21.55 -0.60 28.42 -0.13 12.89 3.24
1684258097396575 0.00 0.00 0.00 0.00 20.76 0.19 21.39 -0.44 10.35 -0.05 13.00 2.05
1684258097412873 0.00 0.00 0.00 0.00 19.51 -1.06 21.08 -0.59 9.68 -9.69 12.99 -0.38
1684258097428649 0.00 0.00 0.00 0.00 20.76 0.19 20.92 -0.44 19.85 9.87 14.29 0.86
1684258097446856 0.00 0.00 0.00 0.00 19.51 -1.06 20.61 -0.43 8.66 -8.68 11.78 -1.40
1684258097461177 0.00 0.00 0.00 0.00 18.25 0.21 20.14 -0.43 21.92 -0.10 13.60 -2.33
1684258097477792 0.00 0.00 0.00 0.00 18.26 -1.05 19.67 -0.59 28.32 -0.12 17.14 -2.35
1684258097494767 0.00 0.00 0.00 0.00 18.25 0.21 19.51 -0.43 27.68 9.14 19.36 0.03
1684258097510480 0.00 0.00 0.00 0.00 17.00 0.21 19.04 -0.27 10.02 -10.05 17.06 -1.21
1684258097529333 0.00 0.00 0.00 0.00 17.01 -1.05 18.57 -0.43 24.98 -8.44 18.89 -2.26
1684258097542987 0.00 0.00 0.00 0.00 17.01 -1.05 18.26 -0.42 34.40 11.37 21.98 0.37
1684258097559408 0.00 0.00 0.00 0.00 15.75 -1.04 17.63 -0.58 19.09 -0.08 21.88 -0.87
1684258097576596 0.00 0.00 0.00 0.00 15.75 -1.04 17.16 -0.58 36.44 9.00 25.36 1.34
1684258097591429 0.00 0.00 0.00 0.00 17.01 -1.05 17.00 -0.73 31.69 -0.13 26.58 1.34
1684258097609787 0.00 0.00 0.00 0.00 15.75 0.21 16.69 -0.57 8.50 8.53 24.10 2.42
1684258097624010 0.00 0.00 0.00 0.00 18.26 -2.31 16.69 -0.89 22.06 -11.13 23.40 -0.12
1684258097640251 0.00 0.00 0.00 0.00 15.75 -1.04 16.54 -1.05 -0.08 19.36 22.13 3.56
1684258097659643 0.00 0.00 0.00 0.00 15.75 -1.04 16.38 -1.05 8.04 8.07 20.02 5.62
1684258097677364 0.00 0.00 0.00 0.00 15.75 -1.04 16.22 -1.04 8.84 -0.03 16.82 4.20
1684258097689094 0.00 0.00 0.00 0.00 17.01 -1.05 16.38 -1.05 13.35 -0.05 16.10 4.20
1684258097705858 0.00 0.00 0.00 0.00 15.75 -1.04 16.38 -1.05 -9.34 0.03 10.38 3.08
1684258097721955 0.00 0.00 0.00 0.00 17.01 -2.31 16.38 -1.20 0.00 0.00 6.42 3.10
1684258097738520 0.00 0.00 0.00 0.00 15.75 -1.04 16.38 -1.36 -0.04 9.50 5.35 3.22
1684258097755159 0.00 0.00 0.00 0.00 15.75 -1.04 16.07 -1.20 -0.03 9.44 2.59 5.79
1684258097771640 0.00 0.00 0.00 0.00 15.75 -1.04 16.07 -1.20 19.05 -9.62 4.98 2.17
1684258097786430 0.00 0.00 0.00 0.00 17.01 -1.05 16.22 -1.20 0.00 0.00 3.98 1.16
1684258097803314 0.00 0.00 0.00 0.00 15.76 -2.30 16.22 -1.36 -9.27 0.03 1.71 1.17
1684258097818920 0.00 0.00 0.00 0.00 15.76 -2.30 16.07 -1.52 -0.04 10.08 0.04 2.43
1684258097837397 0.00 0.00 0.00 0.00 15.74 1.47 16.07 -1.20 8.44 8.48 2.26 3.49
1684258097851268 0.00 0.00 0.00 0.00 14.51 -3.56 15.75 -1.36 0.08 -22.65 2.27 0.66
1684258097867921 0.00 0.00 0.00 0.00 14.51 -2.30 15.60 -1.51 18.77 9.38 4.62 0.64
1684258097884174 0.00 0.00 0.00 0.00 15.76 -2.30 15.60 -1.67 9.60 9.64 5.83 0.67
1684258097901220 0.00 0.00 0.00 0.00 15.76 -2.30 15.60 -1.83 -0.03 9.23 3.44 3.03
1684258097916706 0.00 0.00 0.00 0.00 14.51 -3.56 15.29 -2.14 -0.04 10.16 3.44 4.30
1684258097932656 0.00 0.00 0.00 0.00 14.51 -3.56 15.13 -2.30 19.56 19.66 7.04 6.75
1684258097949736 0.00 0.00 0.00 0.00 13.26 -3.55 14.82 -2.46 9.13 9.18 8.19 6.64
1684258097966090 0.00 0.00 0.00 0.00 14.51 -3.56 14.66 -3.08 19.11 9.56 9.52 6.77
1684258097982043 0.00 0.00 0.00 0.00 13.26 -3.55 14.51 -3.08 9.68 39.39 10.72 14.53
1684258097998060 0.00 0.00 0.00 0.00 13.26 -3.55 14.35 -3.24 9.77 -0.03 9.60 13.35
1684258098013294 0.00 0.00 0.00 0.00 14.51 -3.56 14.20 -3.40 10.24 10.30 9.68 13.43
1684258098030403 0.00 0.00 0.00 0.00 13.25 -2.29 13.88 -3.40 9.12 9.17 10.82 13.42
1684258098046888 0.00 0.00 0.00 0.00 13.26 -3.55 13.73 -3.40 18.99 -0.06 13.20 12.15
1684258098062717 0.00 0.00 0.00 0.00 13.26 -3.55 13.57 -3.40 9.89 -0.03 11.99 9.68
1684258098080704 0.00 0.00 0.00 0.00 13.25 -2.29 13.57 -3.24 8.70 -0.03 11.94 8.53
1684258098094569 0.00 0.00 0.00 0.00 14.51 -3.56 13.57 -3.24 0.03 -11.35 9.55 5.92
1684258098111060 0.00 0.00 0.00 0.00 14.51 -3.56 13.73 -3.24 0.00 0.00 8.34 1.00
1684258098127583 0.00 0.00 0.00 0.00 13.26 -3.55 13.73 -3.24 -9.47 0.03 5.94 1.00
1684258098143653 0.00 0.00 0.00 0.00 13.26 -3.55 13.57 -3.24 0.00 0.00 4.66 -0.28
1684258098159403 0.00 0.00 0.00 0.00 13.26 -3.55 13.57 -3.40 9.94 -0.03 4.76 -1.43
1684258098176425 0.00 0.00 0.00 0.00 13.26 -3.55 13.57 -3.40 -0.03 9.25 2.38 -0.27
1684258098192149 0.00 0.00 0.00 0.00 13.26 -3.55 13.57 -3.40 0.00 0.00 1.15 -0.27
1684258098210523 0.00 0.00 0.00 0.00 13.26 -3.55 13.57 -3.55 0.00 0.00 0.06 -0.26
1684258098224703 0.00 0.00 0.00 0.00 12.01 -3.55 13.26 -3.55 -0.03 11.10 0.05 2.54
1684258098242614 0.00 0.00 0.00 0.00 10.76 -3.55 12.79 -3.55 17.47 -0.05 2.23 2.54
1684258098257158 0.00 0.00 0.00 0.00 12.00 -2.29 12.63 -3.39 32.27 -0.09 7.45 2.52
1684258098277077 0.00 0.00 0.00 0.00 13.25 -1.03 12.63 -3.08 7.87 -7.93 8.44 1.53
1684258098289683 0.00 0.00 0.00 0.00 12.01 -3.55 12.47 -3.08 0.07 -24.96 7.20 -1.59
1684258098306455 0.00 0.00 0.00 0.00 13.25 -2.29 12.47 -2.92 9.33 -0.03 8.37 -2.74
1684258098322212 0.00 0.00 0.00 0.00 13.25 -2.29 12.47 -2.76 0.03 -9.99 8.38 -3.99
1684258098338911 0.00 0.00 0.00 0.00 13.25 -2.29 12.47 -2.61 0.03 -9.43 8.38 -5.17
1684258098354269 0.00 0.00 0.00 0.00 13.25 -2.29 12.63 -2.45 0.03 -10.25 8.39 -7.84
1684258098370984 0.00 0.00 0.00 0.00 10.75 -2.29 12.63 -2.29 -9.33 -9.39 5.04 -9.01
1684258098387385 0.00 0.00 0.00 0.00 12.00 -1.03 12.63 -2.13 0.02 -9.60 1.01 -10.20
1684258098404942 0.00 0.00 0.00 0.00 12.00 -1.03 12.47 -2.13 0.02 -8.96 0.03 -10.33
1684258098419614 0.00 0.00 0.00 0.00 10.74 1.48 12.31 -1.50 10.66 -0.03 1.35 -7.21
1684258098436763 0.00 0.00 0.00 0.00 8.25 -1.02 11.69 -1.35 9.20 -36.68 1.33 -11.79
1684258098452814 0.00 0.00 0.00 0.00 12.00 -2.29 11.53 -1.35 38.96 -9.88 6.20 -11.78
1684258098468429 0.00 0.00 0.00 0.00 12.00 -1.03 11.38 -1.19 10.02 -0.03 7.45 -10.60
1684258098484641 0.00 0.00 0.00 0.00 12.00 -1.03 11.22 -1.03 9.67 -9.73 8.65 -10.54
1684258098502515 0.00 0.00 0.00 0.00 12.00 -1.03 11.37 -0.87 8.77 -8.82 10.91 -10.47
1684258098521875 0.00 0.00 0.00 0.00 12.00 -1.03 11.37 -0.87 -8.05 -8.10 9.91 -10.28
1684258098533775 0.00 0.00 0.00 0.00 9.50 -1.03 11.06 -0.87 0.00 0.00 9.90 -9.16
1684258098550492 0.00 0.00 0.00 0.00 10.75 -1.03 11.06 -1.19 18.69 -0.04 10.91 -9.16
1684258098566427 0.00 0.00 0.00 0.00 10.75 -1.03 11.38 -1.19 -0.04 19.71 9.75 -2.11
1684258098584019 0.00 0.00 0.00 0.00 10.75 -1.03 11.22 -1.03 -17.75 0.03 2.66 -0.87
1684258098598853 0.00 0.00 0.00 0.00 11.99 2.74 11.22 -0.56 10.56 -10.63 2.73 -2.20
1684258098615038 0.00 0.00 0.00 0.00 12.00 -1.03 11.22 -0.56 0.07 -29.09 1.53 -4.62
1684258098631928 0.00 0.00 0.00 0.00 12.00 0.23 11.22 -0.40 0.00 0.00 0.43 -3.52
1684258098646956 0.00 0.00 0.00 0.00 12.00 0.23 11.22 -0.24 0.03 -10.45 1.44 -3.81
1684258098664086 0.00 0.00 0.00 0.00 10.75 0.23 11.37 -0.09 0.02 -9.17 1.45 -4.96
1684258098681831 0.00 0.00 0.00 0.00 10.74 1.48 11.37 0.23 -8.78 -8.84 -1.99 -6.05
1684258098696601 0.00 0.00 0.00 0.00 8.25 0.23 11.06 0.38 0.04 -21.26 -1.98 -11.18
1684258098713799 0.00 0.00 0.00 0.00 9.50 0.23 10.90 0.54 18.17 -9.17 2.51 -12.33
1684258098728906 0.00 0.00 0.00 0.00 10.75 0.23 10.75 0.23 10.36 -10.42 2.49 -12.30
1684258098746170 0.00 0.00 0.00 0.00 9.50 1.49 10.43 0.54 9.00 18.15 3.61 -6.39
1684258098761237 0.00 0.00 0.00 0.00 7.00 0.23 9.81 0.54 20.77 -20.88 6.20 -9.00
1684258098778930 0.00 0.00 0.00 0.00 5.75 0.24 9.03 0.54 35.29 -0.06 10.61 -7.71
1684258098793355 0.00 0.00 0.00 0.00 9.50 0.23 8.87 0.55 54.10 -0.08 17.37 -6.57
1684258098811186 0.00 0.00 0.00 0.00 8.25 1.49 8.56 0.55 8.76 -0.02 19.56 -5.47
1684258098827162 0.00 0.00 0.00 0.00 7.00 0.23 8.41 0.55 19.54 -0.03 22.00 -2.81
1684258098842213 0.00 0.00 0.00 0.00 7.00 0.23 8.09 0.55 10.37 -0.01 21.02 -1.67
1684258098859351 0.00 0.00 0.00 0.00 7.00 1.49 7.62 0.70 18.21 -0.02 22.01 -0.37
1684258098875206 0.00 0.00 0.00 0.00 7.00 1.49 7.31 0.70 29.54 -9.94 24.57 -3.88
1684258098891611 0.00 0.00 0.00 0.00 7.00 0.23 7.31 0.70 19.02 -0.02 24.35 -1.27
1684258098907356 0.00 0.00 0.00 0.00 7.00 4.00 7.47 1.17 0.00 0.00 19.94 -1.27
1684258098927191 0.00 0.00 0.00 0.00 7.00 1.49 7.16 1.33 -7.84 -23.70 12.20 -4.22
1684258098939611 0.00 0.00 0.00 0.00 7.00 0.23 7.00 1.18 25.14 -12.67 14.25 -5.80
1684258098958571 0.00 0.00 0.00 0.00 7.00 0.23 7.00 1.18 8.22 8.27 12.83 -4.76
1684258098973487 0.00 0.00 0.00 0.00 7.00 1.49 7.00 1.33 0.00 0.00 11.54 -4.76
1684258098988903 0.00 0.00 0.00 0.00 7.00 1.49 7.00 1.33 0.01 -10.18 9.26 -6.03
1684258099004660 0.00 0.00 0.00 0.00 8.25 1.49 7.16 1.33 0.00 0.00 5.57 -4.79
1684258099020394 0.00 0.00 0.00 0.00 7.00 1.49 7.16 1.49 -9.91 0.01 1.95 -4.78
1684258099036974 0.00 0.00 0.00 0.00 7.00 1.49 7.16 1.18 0.01 -9.46 1.95 -5.97
1684258099052456 0.00 0.00 0.00 0.00 5.75 2.74 7.00 1.33 -0.02 20.24 2.93 -0.47
1684258099070122 0.00 0.00 0.00 0.00 7.00 0.23 7.00 1.33 8.83 -8.88 0.89 -0.00
1684258099085251 0.00 0.00 0.00 0.00 7.00 1.49 7.00 1.49 0.00 0.00 -0.14 -1.03
1684258099101722 0.00 0.00 0.00 0.00 7.00 1.49 7.00 1.49 0.01 -9.53 -0.13 -2.22
1684258099118384 0.00 0.00 0.00 0.00 7.00 1.49 7.00 1.49 0.00 0.00 -0.14 -0.95
1684258099135089 0.00 0.00 0.00 0.00 8.25 1.49 7.00 1.49 -0.00 0.00 -0.14 -0.95
1684258099149882 0.00 0.00 0.00 0.00 5.75 1.49 6.84 1.49 0.00 0.00 1.10 -0.95
1684258099166230 0.00 0.00 0.00 0.00 7.00 0.23 6.84 1.33 9.54 -0.01 2.30 0.23
1684258099183957 0.00 0.00 0.00 0.00 8.25 1.49 7.16 1.18 -0.01 8.85 2.30 -1.20
1684258099199228 0.00 0.00 0.00 0.00 7.00 1.49 7.16 1.33 -20.43 10.28 -1.36 1.20
1684258099216002 0.00 0.00 0.00 0.00 8.25 1.49 7.31 1.33 0.01 -9.35 -1.36 0.03
1684258099231300 0.00 0.00 0.00 0.00 8.25 1.49 7.47 1.33 -10.20 0.01 -2.64 1.22
1684258099248649 0.00 0.00 0.00 0.00 7.00 1.49 7.47 1.33 -8.99 0.01 -3.76 1.22
1684258099264382 0.00 0.00 0.00 0.00 7.00 1.49 7.31 1.33 0.00 0.00 -3.76 1.22
1684258099280289 0.00 0.00 0.00 0.00 7.00 1.49 7.47 1.33 9.81 -0.01 -2.53 1.22
1684258099296527 0.00 0.00 0.00 0.00 8.25 2.74 7.62 1.65 -9.60 0.01 -4.93 1.22
1684258099313216 0.00 0.00 0.00 0.00 8.25 0.23 7.62 1.49 -9.33 -18.78 -6.09 -2.23
1684258099329004 0.00 0.00 0.00 0.00 7.00 1.49 7.62 1.49 -0.01 9.94 -3.54 -2.27
1684258099345750 0.00 0.00 0.00 0.00 8.25 1.49 7.62 1.49 0.00 0.00 -3.54 -1.10
1684258099361621 0.00 0.00 0.00 0.00 9.50 0.23 7.78 1.33 0.00 0.00 -2.27 -1.10
1684258099378146 0.00 0.00 0.00 0.00 8.25 1.49 7.94 1.33 -9.46 9.51 -2.32 0.08
1684258099395602 0.00 0.00 0.00 0.00 8.25 1.49 8.09 1.33 -8.94 0.01 -3.44 0.08
1684258099410590 0.00 0.00 0.00 0.00 7.00 0.23 8.09 1.17 -10.41 0.01 -5.97 0.09
1684258099428636 0.00 0.00 0.00 0.00 8.25 0.23 8.09 0.86 -0.01 8.70 -4.77 1.17
1684258099442839 0.00 0.00 0.00 0.00 7.00 0.23 7.94 0.86 -0.03 22.08 -3.61 6.28
1684258099461113 0.00 0.00 0.00 0.00 7.00 0.23 7.94 0.70 8.54 -0.01 -2.54 5.04
1684258099476007 0.00 0.00 0.00 0.00 7.00 1.49 7.78 0.70 -0.01 10.53 -2.54 6.35
1684258099492217 0.00 0.00 0.00 0.00 5.75 0.24 7.31 0.70 9.62 -0.01 -1.34 6.35
1684258099507888 0.00 0.00 0.00 0.00 7.00 0.23 7.16 0.55 29.87 -0.03 3.58 5.16
1684258099524726 0.00 0.00 0.00 0.00 7.00 0.23 7.00 0.39 9.26 9.31 5.85 6.32
1684258099543624 0.00 0.00 0.00 0.00 7.00 0.23 7.00 0.39 8.25 8.29 8.19 7.36
1684258099556489 0.00 0.00 0.00 0.00 7.00 0.23 6.84 0.39 0.00 0.00 8.19 6.27
1684258099573599 80.00 0.00 0.00 0.00 7.00 0.23 6.84 0.39 9.12 -0.01 9.33 3.51
1684258099589264 80.00 0.00 0.00 0.00 8.25 0.23 7.00 0.39 0.00 0.00 8.26 3.51
1684258099607360 80.00 0.00 0.00 0.00 7.00 1.49 7.00 0.39 -8.62 0.01 7.19 2.19
1684258099621593 80.00 0.00 0.00 0.00 7.00 1.49 7.16 0.55 0.00 0.00 5.98 2.20
1684258099638024 80.00 0.00 0.00 0.00 7.00 1.49 7.16 0.70 -9.49 -9.54 1.06 1.01
1684258099654245 80.00 0.00 0.00 0.00 8.25 1.49 7.31 0.86 0.01 -9.67 -0.09 -1.37
1684258099670360 80.00 0.00 0.00 0.00 7.00 1.49 7.31 1.02 -9.67 -9.73 -2.33 -3.62
1684258099687290 80.00 0.00 0.00 0.00 8.25 2.74 7.47 1.33 0.01 -9.27 -2.33 -4.78
1684258099703149 80.00 0.00 0.00 0.00 8.25 1.49 7.62 1.49 -9.81 -19.77 -4.70 -7.25
1684258099720114 80.00 0.00 0.00 0.00 8.25 1.49 7.62 1.65 -9.19 -9.24 -5.85 -8.40
1684258099735311 80.00 0.00 0.00 0.00 11.99 2.74 8.25 1.80 0.01 -10.33 -4.77 -9.69
1684258099751560 80.00 0.00 0.00 0.00 13.24 1.48 9.03 1.80 -38.39 -9.59 -9.57 -10.89
1684258099768060 80.00 0.00 0.00 0.00 15.74 2.73 10.12 1.95 -47.30 0.09 -14.29 -9.69
1684258099784191 80.00 0.00 0.00 0.00 15.74 2.73 11.06 2.11 -67.74 -9.58 -22.76 -9.68
1684258099802563 80.00 0.00 0.00 0.00 18.24 2.72 12.46 2.26 -50.98 -8.42 -27.92 -9.51
1684258099817834 80.00 0.00 0.00 0.00 22.01 2.70 14.18 2.26 -92.04 -10.05 -39.43 -9.61
1684258099833712 80.00 0.00 0.00 0.00 20.75 2.71 15.75 2.41 -108.34 0.32 -51.75 -7.10
1684258099849116 80.00 0.00 0.00 0.00 23.25 5.21 17.62 2.87 -101.48 -9.89 -63.28 -7.18
1684258099866192 80.00 0.00 0.00 0.00 25.77 3.94 19.34 3.02 -109.84 -27.21 -77.01 -9.29
1684258099881941 80.00 0.00 0.00 0.00 28.29 3.93 21.23 3.33 -109.40 -9.56 -85.89 -9.29
1684258099898801 80.00 0.00 0.00 0.00 30.82 3.92 23.11 3.48 -111.58 -18.17 -93.92 -11.57
1684258099914523 80.00 0.00 0.00 0.00 33.34 3.90 25.31 3.63 -119.87 -9.47 -100.44 -11.55
1684258099931128 80.00 0.00 0.00 0.00 35.88 2.64 27.51 3.62 -132.51 -8.88 -110.63 -11.61
1684258099948357 80.00 0.00 0.00 0.00 40.93 3.88 29.88 3.76 -127.94 0.58 -115.12 -10.28
1684258099963291 80.00 0.00 0.00 0.00 44.72 2.61 32.88 3.75 -158.41 -9.83 -121.38 -11.55
1684258099979735 80.00 0.00 0.00 0.00 42.18 11.41 35.24 4.53 -182.22 0.73 -131.47 -10.22
1684258099996379 80.00 0.00 0.00 0.00 48.50 3.87 38.08 4.52 -142.15 -46.63 -135.51 -12.65
1684258100010633 80.00 0.00 0.00 0.00 45.98 3.87 40.29 4.51 -199.27 0.65 -146.74 -11.38
1684258100027922 80.00 0.00 0.00 0.00 52.21 -3.65 42.97 3.57 -127.89 0.45 -148.78 -9.05
1684258100043846 80.00 0.00 0.00 0.00 53.50 6.39 45.49 3.88 -167.94 59.37 -154.79 -0.44
1684258100060592 80.00 0.00 0.00 0.00 54.73 3.88 47.84 4.03 -150.45 -18.52 -157.03 -1.65
1684258100076264 80.00 0.00 0.00 0.00 58.41 3.91 50.03 4.04 -150.35 -9.94 -159.83 -2.96
1684258100092006 80.00 0.00 0.00 0.00 59.63 3.92 51.89 4.20 -138.78 -0.25 -157.38 -1.77
1684258100109560 80.00 0.00 0.00 0.00 60.83 3.93 54.22 3.26 -106.12 -9.32 -147.87 -3.02
1684258100124973 80.00 0.00 0.00 0.00 62.03 3.94 55.92 3.27 -151.29 60.69 -149.01 10.39
1684258100141847 80.00 0.00 0.00 0.00 64.41 3.98 58.22 3.29 -100.29 -0.59 -136.64 10.24
1684258100158437 80.00 0.00 0.00 0.00 65.57 2.76 59.89 4.09 -138.86 -0.84 -138.01 10.08
1684258100173935 80.00 0.00 0.00 0.00 67.91 4.04 61.69 3.79 -107.74 -51.65 -130.48 -3.80
1684258100189437 80.00 0.00 0.00 0.00 69.03 2.83 63.48 3.66 -116.20 18.92 -126.20 0.88
1684258100206940 80.00 0.00 0.00 0.00 70.19 4.09 64.95 3.69 -102.12 7.52 -120.18 3.06
1684258100222513 80.00 0.00 0.00 0.00 71.28 2.89 66.41 3.56 -94.54 -1.46 -114.65 2.91
1684258100242514 80.00 0.00 0.00 0.00 72.39 2.92 67.85 3.43 -72.85 6.45 -110.49 4.88
1684258100256234 80.00 0.00 0.00 0.00 73.49 2.95 69.28 3.31 -105.32 9.22 -104.74 -1.55
1684258100271172 80.00 0.00 0.00 0.00 73.46 1.73 70.41 3.03 -95.87 8.31 -104.19 -0.44
1684258100287735 80.00 0.00 0.00 0.00 74.54 1.77 71.54 2.90 -68.26 16.97 -95.36 1.79
1684258100303092 80.00 0.00 0.00 0.00 75.37 -4.24 72.47 1.87 -73.05 8.05 -91.03 9.25
1684258100320003 80.00 0.00 0.00 0.00 76.67 1.85 73.42 1.74 -55.16 61.21 -83.40 14.53
1684258100336249 80.00 0.00 0.00 0.00 77.72 1.89 74.37 1.47 -58.82 7.55 -77.99 14.54
1684258100352134 80.00 0.00 0.00 0.00 77.33 -6.51 75.12 0.29 -59.27 17.30 -73.58 16.88
1684258100370113 80.00 0.00 0.00 0.00 78.71 0.73 75.91 0.02 -42.05 65.34 -69.73 24.24
1684258100385156 80.00 0.00 0.00 0.00 78.66 -0.47 76.56 -0.41 -52.47 18.17 -63.12 25.36
1684258100404940 80.00 0.00 0.00 0.00 79.73 0.78 77.34 -0.53 -32.63 21.63 -55.22 27.03
1684258100418667 80.00 0.00 0.00 0.00 80.68 -0.36 78.11 -0.79 -57.10 8.63 -53.82 25.98
1684258100434590 80.00 0.00 0.00 0.00 80.62 -1.56 78.76 -0.46 -48.19 16.72 -50.71 27.07
1684258100449887 80.00 0.00 0.00 0.00 81.67 -0.31 79.39 -0.73 -42.90 -21.95 -49.18 16.67
1684258100466321 80.00 0.00 0.00 0.00 81.61 -1.50 79.88 -1.15 -38.01 16.39 -46.58 17.78
1684258100482927 80.00 0.00 0.00 0.00 82.59 -1.43 80.53 -0.51 -29.29 25.49 -42.83 18.80
1684258100499460 80.00 0.00 0.00 0.00 82.76 2.13 81.04 -0.34 -39.76 -38.39 -42.54 5.84
1684258100514620 80.00 0.00 0.00 0.00 81.61 -1.50 81.41 -0.47 -33.43 -11.55 -40.16 2.12
1684258100530750 80.00 0.00 0.00 0.00 82.59 -1.43 81.77 -0.74 -22.90 7.94 -38.95 0.41
1684258100547678 80.00 0.00 0.00 0.00 82.59 -1.43 82.01 -0.88 -21.13 16.35 -34.45 1.37
1684258100564784 80.00 0.00 0.00 0.00 83.83 4.57 82.41 -0.11 -13.95 7.82 -30.17 0.26
1684258100580832 80.00 0.00 0.00 0.00 83.73 2.19 82.66 0.20 -24.98 -47.70 -27.93 -2.96
1684258100597412 80.00 0.00 0.00 0.00 84.57 -0.13 83.03 0.37 -15.52 -18.78 -25.12 -7.35
1684258100613805 80.00 0.00 0.00 0.00 84.57 -0.13 83.28 0.53 -22.54 -10.44 -24.28 -11.84
1684258100628727 80.00 0.00 0.00 0.00 85.73 4.66 83.65 0.85 -16.58 -10.95 -21.38 -8.41
1684258100647777 80.00 0.00 0.00 0.00 84.68 2.24 84.04 1.32 -19.49 -16.59 -19.64 -9.04
1684258100661163 80.00 0.00 0.00 0.00 84.44 -2.48 84.27 1.19 -28.70 -34.87 -20.36 -14.40
1684258100678312 80.00 0.00 0.00 0.00 84.44 -2.48 84.50 1.06 -13.46 7.63 -19.40 -15.49
1684258100693233 80.00 0.00 0.00 0.00 85.78 5.85 84.74 1.22 -15.47 8.76 -19.59 -15.37
1684258100711792 80.00 0.00 0.00 0.00 85.73 4.66 84.99 1.53 -13.12 -8.63 -18.11 -10.49
1684258100726081 80.00 0.00 0.00 0.00 85.37 -2.41 85.09 1.24 -17.51 -21.66 -18.36 -10.85
1684258100742808 80.00 0.00 0.00 0.00 84.79 4.61 85.12 1.83 -6.01 17.06 -16.29 -7.41
1684258100760899 80.00 0.00 0.00 0.00 85.37 -2.41 85.07 0.95 -1.51 -32.75 -14.41 -10.13
1684258100775327 80.00 0.00 0.00 0.00 85.73 4.66 85.20 1.25 3.11 61.26 -11.58 -0.40
1684258100791348 80.00 0.00 0.00 0.00 86.22 -3.50 85.43 1.12 -8.16 -18.90 -9.02 1.60
1684258100807879 80.00 0.00 0.00 0.00 87.13 -3.42 85.76 1.01 -13.50 7.72 -9.02 1.61
1684258100823675 80.00 0.00 0.00 0.00 86.22 -3.50 85.82 -0.16 -21.32 7.47 -9.75 1.45
1684258100840141 80.00 0.00 0.00 0.00 87.94 -4.50 86.10 -1.31 -3.36 70.97 -8.53 11.40
1684258100857030 80.00 0.00 0.00 0.00 88.03 -3.34 86.43 -1.42 -16.38 67.78 -8.39 22.58
1684258100872606 80.00 0.00 0.00 0.00 87.13 -3.42 86.72 -2.43 -21.30 7.51 -10.30 21.38
1684258100889265 80.00 0.00 0.00 0.00 87.53 3.58 86.99 -1.68 -17.58 60.30 -12.31 33.01
1684258100905170 80.00 0.00 0.00 0.00 87.13 -3.42 87.17 -2.69 -16.94 -47.09 -14.82 19.47
1684258100920828 80.00 0.00 0.00 0.00 88.03 -3.34 87.39 -2.67 -11.17 64.54 -15.19 29.90
1684258100937176 80.00 0.00 0.00 0.00 87.86 -5.65 87.48 -2.95 -13.81 -1.20 -15.23 28.79
1684258100953453 80.00 0.00 0.00 0.00 87.94 -4.50 87.70 -3.07 -5.60 17.07 -13.27 29.99
1684258100969610 80.00 0.00 0.00 0.00 87.94 -4.50 87.70 -3.07 -13.34 7.71 -14.52 22.08
1684258100988416 80.00 0.00 0.00 0.00 88.37 2.47 87.74 -2.35 -0.00 0.00 -12.47 13.61
1684258101001462 80.00 0.00 0.00 0.00 87.77 -6.79 87.82 -2.77 -3.33 -55.68 -10.22 5.71
1684258101017416 80.00 0.00 0.00 0.00 88.74 -5.56 87.97 -3.91 -5.01 26.40 -8.65 1.47
1684258101034063 80.00 0.00 0.00 0.00 88.74 -5.56 88.17 -4.18 -9.11 68.64 -7.67 15.94
1684258101050215 80.00 0.00 0.00 0.00 88.35 -10.10 88.22 -5.02 -12.46 16.52 -7.83 9.93
1684258101066433 80.00 0.00 0.00 0.00 89.32 3.69 88.40 -3.86 -2.51 52.08 -6.42 16.59
1684258101084307 80.00 0.00 0.00 0.00 88.74 -5.56 88.50 -3.99 -10.23 -65.32 -7.00 6.29
1684258101099321 80.00 0.00 0.00 0.00 89.61 -5.47 88.71 -4.11 -6.62 8.83 -6.16 6.43
1684258101115486 80.00 0.00 0.00 0.00 89.61 -5.47 88.86 -5.10 -12.87 7.51 -7.77 7.37
1684258101131165 80.00 0.00 0.00 0.00 89.70 -4.33 89.10 -4.79 -9.85 63.27 -8.58 22.24
1684258101148019 80.00 0.00 0.00 0.00 89.70 -4.33 89.22 -4.64 -14.30 -18.28 -9.75 16.66
1684258101165604 80.00 0.00 0.00 0.00 89.61 -5.47 89.33 -4.63 -6.80 -8.75 -9.46 6.98
1684258101180255 80.00 0.00 0.00 0.00 89.78 -3.18 89.51 -3.76 -7.41 -0.76 -8.83 4.82
1684258101201625 80.00 0.00 0.00 0.00 90.72 -1.96 89.68 -4.47 -8.36 -40.47 -9.56 -6.75
1684258101215206 80.00 0.00 0.00 0.00 90.72 -1.96 89.93 -4.02 -12.89 52.00 -9.89 7.92
1684258101232947 80.00 0.00 0.00 0.00 90.47 -5.38 90.04 -4.01 -13.96 -25.38 -10.81 3.64
1684258101247017 80.00 0.00 0.00 0.00 92.32 -2.93 90.38 -3.69 -7.61 -0.81 -10.15 2.60
1684258101262533 80.00 0.00 0.00 0.00 92.32 -2.93 90.71 -3.52 -21.86 -20.44 -11.65 -7.86
1684258101277889 80.00 0.00 0.00 0.00 91.40 -4.15 90.92 -3.49 -21.37 -11.36 -12.53 -7.00
1684258101294608 80.00 0.00 0.00 0.00 92.56 0.48 91.29 -2.75 -12.74 -1.30 -13.28 -6.06
1684258101313638 80.00 0.00 0.00 0.00 92.23 -4.06 91.59 -2.86 -19.37 -39.10 -14.77 -10.86
1684258101326503 80.00 0.00 0.00 0.00 91.85 2.71 91.74 -2.28 -23.84 8.57 -16.70 -4.73
1684258101347125 80.00 0.00 0.00 0.00 92.40 -1.80 91.95 -2.26 -6.87 -28.30 -15.95 -14.76
1684258101359515 80.00 0.00 0.00 0.00 92.32 -2.93 92.18 -1.95 -16.98 -1.61 -16.33 -11.79
1684258101375680 80.00 0.00 0.00 0.00 92.87 6.23 92.25 -0.81 -14.35 -18.91 -17.17 -14.06
1684258101392229 80.00 0.00 0.00 0.00 94.04 -1.63 92.46 -0.64 -4.11 -69.22 -14.95 -20.15
1684258101409170 80.00 0.00 0.00 0.00 93.96 -2.76 92.78 -0.47 -12.68 -9.58 -13.87 -19.93
1684258101424370 80.00 0.00 0.00 0.00 94.40 4.05 93.01 -0.02 -21.01 -11.45 -14.90 -21.20
1684258101440507 80.00 0.00 0.00 0.00 94.04 -1.63 93.24 0.28 -14.25 -27.59 -14.26 -19.76
1684258101456863 80.00 0.00 0.00 0.00 92.44 -10.66 93.31 -1.39 -13.80 -18.58 -13.01 -23.15
1684258101475064 80.00 0.00 0.00 0.00 93.23 -1.72 93.41 -1.38 -4.03 91.87 -12.65 -8.13
1684258101489311 80.00 0.00 0.00 0.00 94.04 -1.63 93.63 -1.22 -7.23 -0.71 -11.43 -8.02
1684258101505345 80.00 0.00 0.00 0.00 94.04 -1.63 93.77 -2.20 -13.40 -10.12 -11.31 -6.92
1684258101521644 80.00 0.00 0.00 0.00 94.84 -1.55 93.87 -2.19 -9.01 60.32 -11.92 9.27
1684258101538798 80.00 0.00 0.00 0.00 95.54 -2.59 94.07 -2.17 -5.83 -0.60 -11.07 10.39
1684258101554486 80.00 0.00 0.00 0.00 94.40 4.05 94.07 -2.17 -12.65 -1.39 -10.02 11.65
1684258101572240 80.00 0.00 0.00 0.00 94.12 -0.50 94.08 -2.03 0.00 0.00 -8.24 15.10
1684258101586907 80.00 0.00 0.00 0.00 94.04 -1.63 94.28 -0.90 -0.68 -9.63 -6.60 16.22
1684258101603033 80.00 0.00 0.00 0.00 94.04 -1.63 94.38 -0.89 -12.39 -70.00 -7.65 -4.02
1684258101619047 80.00 0.00 0.00 0.00 93.23 -1.72 94.28 -0.90 -6.34 -0.64 -7.54 -4.01
1684258101634969 80.00 0.00 0.00 0.00 94.12 -0.50 94.29 -0.76 6.37 0.64 -5.07 -2.66
1684258101652221 80.00 0.00 0.00 0.00 94.04 -1.63 94.19 -0.77 -0.58 -8.19 -4.01 -11.23
1684258101668625 80.00 0.00 0.00 0.00 94.84 -1.55 94.10 -0.64 6.10 0.63 -2.52 -11.07
1684258101685353 80.00 0.00 0.00 0.00 94.04 -1.63 94.06 -1.35 5.25 -7.74 -0.28 -11.87
1684258101707174 80.00 0.00 0.00 0.00 94.04 -1.63 94.05 -1.49 2.05 32.53 -0.03 -7.80
1684258101720384 80.00 0.00 0.00 0.00 93.23 -1.72 93.95 -1.50 0.76 10.70 0.15 -5.26
1684258101733242 80.00 0.00 0.00 0.00 93.23 -1.72 93.85 -1.51 7.89 0.80 2.69 3.59
1684258101753618 80.00 0.00 0.00 0.00 94.04 -1.63 93.95 -1.50 4.98 0.50 4.10 3.73
1684258101767184 80.00 0.00 0.00 0.00 94.76 -2.67 94.03 -1.77 -7.48 -0.75 2.37 3.56
1684258101781590 80.00 0.00 0.00 0.00 93.45 1.70 93.95 -1.36 -5.51 18.83 1.75 6.94
1684258101797919 80.00 0.00 0.00 0.00 92.48 -0.66 93.66 -1.25 4.49 -25.49 1.55 3.67
1684258101815199 80.00 0.00 0.00 0.00 92.69 2.78 93.49 -0.69 17.05 -6.46 3.03 3.83
1684258101830281 80.00 0.00 0.00 0.00 92.40 -1.80 93.29 -0.71 11.16 -36.54 4.17 -4.80
1684258101847373 80.00 0.00 0.00 0.00 92.40 -1.80 93.18 -0.72 11.96 1.19 5.57 -5.99
1684258101865397 80.00 0.00 0.00 0.00 92.56 0.48 93.10 -0.45 5.71 0.56 5.30 -6.02
1684258101881172 80.00 0.00 0.00 0.00 90.72 -1.96 92.68 -0.49 5.31 -17.43 5.34 -8.26
1684258101896152 80.00 0.00 0.00 0.00 91.49 -3.02 92.28 -0.53 27.69 2.69 9.73 -7.83
1684258101912563 80.00 0.00 0.00 0.00 91.49 -3.02 92.03 -1.12 24.89 2.61 13.53 -9.86
1684258101929471 80.00 0.00 0.00 0.00 90.72 -1.96 91.81 -1.28 14.54 34.85 14.79 -2.32
1684258101944050 80.00 0.00 0.00 0.00 92.76 3.93 91.82 -1.14 15.11 11.13 14.55 -0.12
1684258101962301 80.00 0.00 0.00 0.00 91.72 0.41 91.73 -0.86 -0.42 -7.87 13.10 3.47
1684258101977064 80.00 0.00 0.00 0.00 92.32 -2.93 91.72 -1.01 5.79 -18.70 12.33 0.98
1684258101993471 80.00 0.00 0.00 0.00 91.49 -3.02 91.59 -1.44 0.63 8.65 11.69 1.99
1684258102009442 80.00 0.00 0.00 0.00 91.84 -8.56 91.73 -2.27 8.38 27.40 12.08 7.59
1684258102025229 80.00 0.00 0.00 0.00 90.72 -1.96 91.63 -2.14 -8.90 52.27 7.50 13.79
1684258102041217 80.00 0.00 0.00 0.00 91.49 -3.02 91.63 -2.14 5.99 -8.29 5.14 12.43
1684258102057380 80.00 0.00 0.00 0.00 91.57 -1.88 91.74 -2.13 0.00 0.00 3.32 8.07
1684258102073851 80.00 0.00 0.00 0.00 91.72 0.41 91.61 -2.57 -6.43 -0.60 0.63 6.61
1684258102090001 80.00 0.00 0.00 0.00 91.49 -3.02 91.58 -2.99 8.01 27.19 1.68 10.99
1684258102106873 80.00 0.00 0.00 0.00 90.56 -4.24 91.36 -3.16 1.73 25.40 1.18 16.50
1684258102124034 80.00 0.00 0.00 0.00 91.49 -3.02 91.36 -3.16 12.87 9.53 2.71 16.61
1684258102138636 80.00 0.00 0.00 0.00 90.64 -3.10 91.21 -2.48 -0.00 0.00 1.66 13.19
1684258102154475 80.00 0.00 0.00 0.00 91.49 -3.02 91.30 -2.61 9.50 -43.06 3.96 1.27
1684258102174719 80.00 0.00 0.00 0.00 91.85 2.71 91.35 -1.89 -4.73 6.55 2.62 3.13
1684258102190251 80.00 0.00 0.00 0.00 91.79 1.56 91.38 -1.46 -2.96 -46.11 2.25 -2.64
1684258102204627 80.00 0.00 0.00 0.00 92.23 -4.06 91.44 -2.02 -1.92 -29.89 2.81 -6.30
1684258102220528 80.00 0.00 0.00 0.00 91.40 -4.15 91.43 -2.16 -4.04 35.19 1.31 -5.30
1684258102236970 80.00 0.00 0.00 0.00 92.40 -1.80 91.66 -1.86 0.65 8.64 1.17 -7.39
1684258102252521 80.00 0.00 0.00 0.00 92.23 -4.06 91.76 -1.99 -14.87 -19.65 -2.29 -11.04
1684258102267824 80.00 0.00 0.00 0.00 91.79 1.56 91.90 -1.41 -6.11 8.56 -3.06 -9.97
1684258102284790 80.00 0.00 0.00 0.00 93.14 -2.85 92.11 -1.39 -8.47 -34.34 -5.30 -8.88
1684258102300995 80.00 0.00 0.00 0.00 92.40 -1.80 92.18 -1.95 -12.79 -1.31 -6.31 -9.86
1684258102317392 80.00 0.00 0.00 0.00 91.79 1.56 92.18 -1.95 -4.19 34.37 -6.47 0.20
1684258102335495 80.00 0.00 0.00 0.00 92.23 -4.06 92.18 -1.95 0.00 0.00 -6.23 3.93
1684258102349471 80.00 0.00 0.00 0.00 92.40 -1.80 92.30 -1.66 0.00 0.00 -5.72 -0.47
1684258102366640 80.00 0.00 0.00 0.00 92.23 -4.06 92.28 -1.94 -7.31 -17.16 -6.72 -3.69
1684258102382589 80.00 0.00 0.00 0.00 92.76 3.93 92.34 -0.94 1.33 17.77 -4.69 0.99
1684258102399507 80.00 0.00 0.00 0.00 93.06 -3.97 92.50 -1.63 -3.85 -59.04 -4.41 -7.46
1684258102414520 80.00 0.00 0.00 0.00 94.40 4.05 92.66 -0.77 -10.55 46.09 -4.67 2.59
1684258102431973 80.00 0.00 0.00 0.00 93.52 2.84 92.80 -0.19 -8.97 -49.36 -4.19 -3.41
1684258102447322 80.00 0.00 0.00 0.00 92.32 -2.93 92.87 -0.75 -9.09 -37.76 -4.80 -12.43
1684258102463625 80.00 0.00 0.00 0.00 92.23 -4.06 92.87 -0.75 -4.08 34.45 -5.31 -8.12
1684258102480247 80.00 0.00 0.00 0.00 94.40 4.05 93.12 -0.02 0.00 0.00 -5.31 -8.12
1684258102496236 80.00 0.00 0.00 0.00 93.14 -2.85 93.23 0.13 -15.58 -45.67 -6.35 -11.69
1684258102517972 80.00 0.00 0.00 0.00 92.76 3.93 93.23 0.13 -5.23 -7.00 -7.17 -14.79
1684258102531168 80.00 0.00 0.00 0.00 93.96 -2.76 93.34 0.28 0.00 0.00 -6.69 -7.41
