#Task Selector: 5
#PID Parameters: kp: 0.05, kd: 0.05, ki: 0.02
#n_pos: 8
#n_vel: 8
t x_ref y_ref vx_ref vy_ref x_raw y_raw x y vx_raw vy_raw vx vy
1684259236258747 0.00 0.00 0.00 0.00 9.51 -6.06 1.19 -0.76 0.00 0.00 0.00 0.00
1684259236258748 0.00 0.00 0.00 0.00 9.49 2.74 2.38 -0.42 -74.04 47.22 -9.26 5.90
1684259236274784 0.00 0.00 0.00 0.00 9.51 -4.80 3.56 -1.02 -74.01 -21.36 -18.51 3.23
1684259236291280 0.00 0.00 0.00 0.00 10.76 -4.81 4.91 -1.62 -72.04 36.40 -27.51 7.78
1684259236308263 0.00 0.00 0.00 0.00 10.76 -3.55 6.25 -2.06 -79.18 35.37 -37.41 12.20
1684259236323858 0.00 0.00 0.00 0.00 82.40 -24.01 16.55 -5.06 -86.21 28.42 -48.19 15.76
1684259236340038 0.00 0.00 0.00 0.00 10.76 -3.55 17.90 -5.50 -636.61 185.50 -127.76 38.94
1684259236355996 0.00 0.00 0.00 0.00 10.76 -6.07 19.24 -6.26 -84.25 27.77 -138.29 42.42
1684259236373192 0.00 0.00 0.00 0.00 10.75 -2.29 19.40 -5.79 -78.23 44.11 -148.07 47.93
1684259236388453 0.00 0.00 0.00 0.00 9.50 -3.54 19.40 -6.58 -10.18 -30.95 -140.09 38.16
1684259236405170 0.00 0.00 0.00 0.00 10.76 -3.55 19.56 -6.42 -0.08 46.98 -130.85 46.70
1684259236421188 0.00 0.00 0.00 0.00 8.26 -4.80 19.24 -6.42 -9.74 -9.82 -123.06 40.92
1684259236437656 0.00 0.00 0.00 0.00 9.50 -3.54 19.09 -6.42 18.99 -0.04 -110.79 36.50
1684259236456856 0.00 0.00 0.00 0.00 9.50 -2.28 9.97 -3.70 8.14 -0.02 -99.00 32.94
1684259236470266 0.00 0.00 0.00 0.00 9.51 -4.80 9.82 -3.86 679.59 -202.55 65.53 -15.56
1684259236487850 0.00 0.00 0.00 0.00 9.51 -4.80 9.66 -3.70 8.87 8.94 77.17 -17.92
1684259236502895 0.00 0.00 0.00 0.00 9.51 -6.06 9.51 -4.17 10.42 -10.50 88.25 -24.74
1684259236519075 0.00 0.00 0.00 0.00 7.00 -1.02 9.19 -3.86 9.60 29.19 90.72 -17.23
1684259236535081 0.00 0.00 0.00 0.00 7.00 -2.28 8.72 -3.70 19.54 -19.68 93.18 -25.56
1684259236552407 0.00 0.00 0.00 0.00 8.25 -3.54 8.72 -3.54 27.07 -9.13 97.78 -25.47
1684259236569052 0.00 0.00 0.00 0.00 7.00 -3.54 8.41 -3.54 0.01 -9.47 95.41 -26.65
1684259236584284 0.00 0.00 0.00 0.00 5.75 -2.28 7.94 -3.54 20.52 -0.03 96.95 -26.65
1684259236600384 0.00 0.00 0.00 0.00 8.25 0.23 7.79 -2.91 29.10 -0.04 15.64 -1.34
1684259236616860 0.00 0.00 0.00 0.00 8.25 -2.28 7.63 -2.60 9.54 -38.21 15.73 -7.23
1684259236634552 0.00 0.00 0.00 0.00 7.00 -2.28 7.32 -2.12 8.86 -17.82 15.53 -8.15
1684259236649112 0.00 0.00 0.00 0.00 8.25 -1.02 7.47 -2.12 21.51 -32.49 17.02 -15.86
1684259236668109 0.00 0.00 0.00 0.00 8.25 -3.54 7.63 -2.28 -8.22 0.01 13.55 -13.40
1684259236681588 0.00 0.00 0.00 0.00 9.50 -3.54 7.78 -2.28 -11.60 11.69 8.72 -10.79
1684259236698198 0.00 0.00 0.00 0.00 12.01 -3.55 8.41 -2.28 -9.41 0.02 7.54 -9.61
1684259236716724 0.00 0.00 0.00 0.00 10.76 -4.81 9.04 -2.60 -33.75 0.06 0.76 -9.60
1684259236730701 0.00 0.00 0.00 0.00 13.26 -4.81 9.66 -3.23 -44.75 22.60 -8.48 -6.77
1684259236747294 0.00 0.00 0.00 0.00 13.27 -6.07 10.29 -3.70 -37.76 38.01 -14.39 2.76
1684259236762506 0.00 0.00 0.00 0.00 15.77 -4.82 11.38 -4.02 -41.19 31.16 -20.65 8.88
1684259236778879 0.00 0.00 0.00 0.00 17.03 -7.35 12.48 -4.81 -66.91 19.40 -31.70 15.37
1684259236795336 0.00 0.00 0.00 0.00 18.29 -7.36 13.74 -5.29 -66.69 48.05 -39.01 21.37
1684259236812024 0.00 0.00 0.00 0.00 20.80 -8.63 15.15 -5.92 -75.14 28.58 -46.95 23.48
1684259236828367 0.00 0.00 0.00 0.00 22.06 -8.64 16.40 -6.56 -86.43 38.91 -56.58 28.35
1684259236843812 0.00 0.00 0.00 0.00 22.06 -7.37 17.82 -6.88 -81.38 41.18 -62.53 33.49
1684259236861557 0.00 0.00 0.00 0.00 23.29 -3.59 19.07 -6.73 -79.59 18.09 -66.89 32.92
1684259236877341 0.00 0.00 0.00 0.00 25.84 -9.92 20.64 -7.21 -79.46 -9.65 -72.10 26.97
1684259236896958 0.00 0.00 0.00 0.00 28.37 -11.19 22.22 -8.01 -80.16 24.49 -76.97 26.13
1684259236912359 0.00 0.00 0.00 0.00 28.37 -12.45 23.64 -8.64 -102.29 51.71 -81.39 30.17
1684259236925277 0.00 0.00 0.00 0.00 30.89 -11.20 25.21 -9.13 -109.76 49.39 -86.77 30.34
1684259236941429 0.00 0.00 0.00 0.00 29.64 -13.72 26.32 -9.76 -97.53 29.76 -89.57 30.49
1684259236957548 0.00 0.00 0.00 0.00 30.90 -13.72 27.42 -10.40 -68.50 39.47 -87.33 30.56
1684259236975304 0.00 0.00 0.00 0.00 30.90 -13.72 28.53 -11.19 -62.20 35.82 -84.93 29.89
1684259236990031 0.00 0.00 0.00 0.00 33.41 -13.73 29.79 -12.46 -75.04 53.90 -84.36 34.36
1684259237005538 0.00 0.00 0.00 0.00 33.41 -13.73 30.74 -12.93 -81.57 81.69 -84.63 45.78
1684259237022394 0.00 0.00 0.00 0.00 34.67 -14.99 31.52 -13.41 -56.14 28.26 -81.63 46.25
1684259237037942 0.00 0.00 0.00 0.00 33.42 -14.99 32.15 -13.73 -50.68 30.51 -75.18 43.60
1684259237055277 0.00 0.00 0.00 0.00 34.67 -14.99 32.63 -14.20 -36.35 18.26 -66.00 39.71
1684259237072174 0.00 0.00 0.00 0.00 33.42 -14.99 33.10 -14.36 -27.99 28.01 -57.31 39.49
1684259237090728 0.00 0.00 0.00 0.00 32.16 -14.99 33.26 -14.51 -25.45 8.53 -51.93 35.62
1684259237104353 0.00 0.00 0.00 0.00 34.67 -14.99 33.73 -14.67 -11.57 11.58 -45.60 32.59
1684259237120208 0.00 0.00 0.00 0.00 32.16 -14.99 33.57 -14.83 -29.77 9.96 -39.94 27.10
1684259237136539 0.00 0.00 0.00 0.00 32.16 -14.99 33.41 -14.99 9.62 9.62 -28.54 18.09
1684259237153929 0.00 0.00 0.00 0.00 32.16 -14.99 33.10 -14.99 9.03 9.04 -20.39 15.69
1684259237172488 0.00 0.00 0.00 0.00 30.90 -13.72 32.79 -14.83 16.94 -0.01 -11.94 11.87
1684259237184714 0.00 0.00 0.00 0.00 30.90 -13.72 32.31 -14.67 25.75 -12.91 -4.18 7.98
1684259237202445 0.00 0.00 0.00 0.00 28.38 -13.72 31.68 -14.51 26.62 -8.91 2.65 3.36
1684259237222470 0.00 0.00 0.00 0.00 28.38 -13.72 31.21 -14.35 31.44 -7.93 9.76 1.30
1684259237234634 0.00 0.00 0.00 0.00 28.37 -12.45 30.42 -14.04 38.84 -13.04 16.06 -1.77
1684259237251949 0.00 0.00 0.00 0.00 28.37 -12.45 29.95 -13.72 45.47 -18.28 25.46 -5.30
1684259237267608 0.00 0.00 0.00 0.00 25.85 -11.18 29.16 -13.24 30.20 -20.21 28.04 -9.03
1684259237282771 0.00 0.00 0.00 0.00 27.10 -9.92 28.53 -12.61 52.00 -31.36 33.41 -14.08
1684259237297819 0.00 0.00 0.00 0.00 25.85 -11.18 27.90 -12.29 41.98 -42.05 36.54 -19.34
1684259237314598 0.00 0.00 0.00 0.00 24.59 -11.18 27.11 -11.98 37.60 -18.94 38.02 -20.09
1684259237330803 0.00 0.00 0.00 0.00 25.84 -9.92 26.80 -11.50 48.64 -19.65 40.77 -21.43
1684259237347121 0.00 0.00 0.00 0.00 24.58 -9.91 26.32 -11.03 19.41 -29.10 39.27 -24.08
1684259237362952 0.00 0.00 0.00 0.00 22.07 -9.90 25.53 -10.71 29.95 -30.04 38.16 -26.20
1684259237380050 0.00 0.00 0.00 0.00 23.33 -9.91 24.90 -10.39 46.10 -18.67 38.24 -26.25
1684259237396222 0.00 0.00 0.00 0.00 23.32 -8.64 24.59 -10.07 39.02 -19.70 39.34 -26.19
1684259237412828 0.00 0.00 0.00 0.00 23.32 -8.64 24.11 -9.91 19.04 -19.11 35.22 -24.66
1684259237430335 0.00 0.00 0.00 0.00 24.58 -8.65 23.95 -9.59 27.01 -9.15 33.35 -20.55
1684259237445663 0.00 0.00 0.00 0.00 23.31 -7.38 23.79 -9.12 10.37 -20.65 29.94 -20.76
1684259237465612 0.00 0.00 0.00 0.00 23.32 -8.64 23.48 -8.96 8.00 -23.79 24.86 -21.28
1684259237477537 0.00 0.00 0.00 0.00 23.32 -8.64 23.32 -8.80 26.46 -13.37 25.74 -19.31
1684259237493542 0.00 0.00 0.00 0.00 23.31 -7.38 23.48 -8.49 9.88 -9.92 23.23 -16.79
1684259237509811 0.00 0.00 0.00 0.00 23.32 -8.64 23.48 -8.33 -9.57 -19.37 16.27 -16.88
1684259237526960 0.00 0.00 0.00 0.00 23.31 -7.38 23.48 -8.17 0.04 -9.21 11.40 -15.57
1684259237542177 0.00 0.00 0.00 0.00 23.31 -7.38 23.47 -8.01 0.05 -10.38 9.03 -14.48
1684259237559223 0.00 0.00 0.00 0.00 24.58 -8.65 23.47 -8.01 0.05 -9.26 5.66 -14.49
1684259237574414 0.00 0.00 0.00 0.00 23.32 -8.64 23.48 -8.17 -0.00 -0.00 4.36 -11.91
1684259237590637 0.00 0.00 0.00 0.00 25.84 -8.65 23.79 -8.17 -0.05 9.73 3.36 -7.72
1684259237606943 0.00 0.00 0.00 0.00 25.84 -8.65 24.10 -8.17 -19.30 0.10 -2.36 -6.04
1684259237623055 0.00 0.00 0.00 0.00 25.84 -8.65 24.42 -8.33 -19.53 0.10 -6.04 -4.79
1684259237639688 0.00 0.00 0.00 0.00 25.84 -9.92 24.74 -8.49 -18.97 9.59 -7.21 -1.17
1684259237656112 0.00 0.00 0.00 0.00 25.84 -9.92 25.05 -8.81 -19.21 9.71 -9.62 1.20
1684259237671965 0.00 0.00 0.00 0.00 25.84 -9.92 25.37 -9.13 -19.95 20.02 -12.12 5.00
1684259237688601 0.00 0.00 0.00 0.00 27.10 -9.92 25.68 -9.29 -19.01 19.07 -14.50 8.54
1684259237704869 0.00 0.00 0.00 0.00 30.88 -8.68 26.63 -9.29 -19.40 9.80 -16.93 9.76
1684259237721100 0.00 0.00 0.00 0.00 28.36 -9.93 26.94 -9.45 -58.21 0.28 -24.20 8.58
1684259237736988 0.00 0.00 0.00 0.00 28.36 -8.67 27.26 -9.45 -19.87 10.03 -24.27 9.82
1684259237754614 0.00 0.00 0.00 0.00 30.89 -11.20 27.89 -9.77 -17.87 0.09 -24.06 9.82
1684259237769848 0.00 0.00 0.00 0.00 29.63 -11.20 28.36 -9.93 -41.45 20.90 -26.87 11.24
1684259237786468 0.00 0.00 0.00 0.00 28.37 -11.19 28.68 -10.09 -28.47 9.62 -28.03 11.22
1684259237802462 0.00 0.00 0.00 0.00 32.15 -12.47 29.47 -10.41 -19.73 9.96 -28.00 9.97
1684259237818964 0.00 0.00 0.00 0.00 30.89 -12.46 29.94 -10.72 -47.79 19.31 -31.60 10.00
1684259237839177 0.00 0.00 0.00 0.00 30.89 -12.46 29.94 -11.20 -23.43 15.70 -32.10 10.73
1684259237850913 0.00 0.00 0.00 0.00 33.41 -11.21 30.57 -11.36 -0.15 40.31 -24.85 15.74
1684259237867385 0.00 0.00 0.00 0.00 30.90 -13.72 30.89 -11.99 -38.29 9.71 -27.15 15.70
1684259237893397 0.00 0.00 0.00 0.00 32.16 -13.73 31.05 -12.31 -12.20 24.30 -26.44 18.73
1684259237905671 0.00 0.00 0.00 0.00 33.41 -13.73 31.52 -12.62 -12.90 25.71 -22.87 19.33
1684259237918558 0.00 0.00 0.00 0.00 30.90 -14.98 31.84 -13.10 -36.71 24.55 -23.90 21.19
1684259237932014 0.00 0.00 0.00 0.00 33.42 -14.99 32.00 -13.41 -23.51 35.22 -24.37 24.35
1684259237949107 0.00 0.00 0.00 0.00 33.42 -14.99 32.31 -13.73 -9.23 18.43 -19.55 24.24
1684259237964519 0.00 0.00 0.00 0.00 30.90 -13.72 32.31 -13.88 -20.46 20.47 -19.18 24.84
1684259237981182 0.00 0.00 0.00 0.00 32.16 -13.73 32.16 -14.20 -0.03 9.46 -19.17 20.98
1684259237997364 0.00 0.00 0.00 0.00 30.90 -14.98 32.16 -14.36 9.68 19.44 -13.17 22.20
1684259238014861 0.00 0.00 0.00 0.00 30.90 -13.72 32.00 -14.36 -0.02 9.00 -11.65 20.29
1684259238029046 0.00 0.00 0.00 0.00 32.16 -14.99 31.84 -14.51 11.09 -0.02 -8.65 17.07
1684259238047359 0.00 0.00 0.00 0.00 28.38 -14.98 31.53 -14.51 8.58 8.58 -2.99 15.07
1684259238064243 0.00 0.00 0.00 0.00 29.64 -14.98 31.06 -14.51 18.64 -0.04 2.28 10.67
1684259238077440 0.00 0.00 0.00 0.00 28.38 -14.98 30.43 -14.51 35.75 -0.05 7.91 8.35
1684259238093311 0.00 0.00 0.00 0.00 28.38 -14.98 30.11 -14.67 39.65 -0.07 15.42 5.79
1684259238109893 0.00 0.00 0.00 0.00 28.37 -12.45 29.64 -14.51 18.96 9.46 17.79 5.79
1684259238126113 0.00 0.00 0.00 0.00 28.38 -13.72 29.32 -14.35 29.14 -9.80 20.22 2.13
1684259238142665 0.00 0.00 0.00 0.00 25.86 -12.44 28.69 -14.19 19.04 -9.57 22.61 -0.19
1684259238161149 0.00 0.00 0.00 0.00 27.11 -12.45 28.06 -13.87 34.09 -8.65 25.48 -1.27
1684259238176372 0.00 0.00 0.00 0.00 25.86 -12.44 27.75 -13.56 41.41 -20.82 29.58 -4.94
1684259238194278 0.00 0.00 0.00 0.00 25.86 -12.44 27.27 -13.24 17.64 -17.69 29.46 -7.15
1684259238208070 0.00 0.00 0.00 0.00 24.60 -12.44 26.80 -12.92 34.31 -22.99 29.28 -10.02
1684259238225099 0.00 0.00 0.00 0.00 25.85 -11.18 26.48 -12.45 27.79 -18.64 27.80 -12.34
1684259238239947 0.00 0.00 0.00 0.00 27.11 -11.19 26.33 -12.29 21.32 -31.96 28.09 -17.52
1684259238255934 0.00 0.00 0.00 0.00 24.59 -11.18 25.85 -11.97 9.89 -9.91 25.69 -17.53
1684259238273574 0.00 0.00 0.00 0.00 24.58 -9.91 25.69 -11.65 26.84 -18.01 26.66 -18.58
1684259238289428 0.00 0.00 0.00 0.00 24.58 -9.91 25.38 -11.34 10.02 -19.97 23.65 -20.00
1684259238305293 0.00 0.00 0.00 0.00 25.84 -9.92 25.38 -11.02 19.93 -19.99 20.97 -19.89
1684259238321757 0.00 0.00 0.00 0.00 24.58 -8.65 25.22 -10.55 0.08 -19.18 18.77 -20.08
1684259238337989 0.00 0.00 0.00 0.00 24.58 -9.91 25.22 -10.23 9.83 -29.23 15.71 -20.86
1684259238354241 0.00 0.00 0.00 0.00 25.84 -8.65 25.21 -9.91 0.09 -19.44 12.25 -20.96
1684259238370528 0.00 0.00 0.00 0.00 24.58 -8.65 24.90 -9.60 0.09 -19.39 9.60 -19.39
1684259238387166 0.00 0.00 0.00 0.00 27.09 -7.40 25.21 -9.13 19.01 -19.07 10.74 -20.54
1684259238403082 0.00 0.00 0.00 0.00 25.84 -8.65 25.37 -8.97 -19.64 -29.66 4.93 -21.99
1684259238421749 0.00 0.00 0.00 0.00 25.84 -8.65 25.52 -8.81 -8.39 -8.42 2.63 -20.55
1684259238436212 0.00 0.00 0.00 0.00 25.83 -7.39 25.52 -8.50 -10.83 -10.86 -1.22 -19.41
1684259238451797 0.00 0.00 0.00 0.00 25.84 -8.65 25.68 -8.50 0.10 -20.26 -1.22 -19.54
1684259238467416 0.00 0.00 0.00 0.00 25.84 -8.65 25.84 -8.34 -10.08 0.05 -3.71 -15.88
1684259238486732 0.00 0.00 0.00 0.00 27.10 -8.66 25.99 -8.34 -8.11 -8.14 -4.73 -14.47
1684259238505494 0.00 0.00 0.00 0.00 27.10 -8.66 26.31 -8.34 -8.39 0.04 -5.79 -12.04
1684259238517593 0.00 0.00 0.00 0.00 27.10 -8.66 26.31 -8.50 -26.02 0.13 -11.42 -9.64
1684259238533562 0.00 0.00 0.00 0.00 28.36 -8.67 26.62 -8.50 -0.05 9.88 -8.97 -4.70
1684259238548747 0.00 0.00 0.00 0.00 28.36 -9.93 26.94 -8.66 -20.74 0.10 -10.52 -3.63
1684259238565556 0.00 0.00 0.00 0.00 28.36 -8.67 27.26 -8.82 -18.78 9.48 -11.51 -1.09
1684259238583505 0.00 0.00 0.00 0.00 28.36 -9.93 27.57 -8.98 -17.59 8.88 -13.72 2.55
1684259238602957 0.00 0.00 0.00 0.00 28.36 -9.93 27.89 -9.14 -16.23 8.19 -14.49 3.57
1684259238615653 0.00 0.00 0.00 0.00 28.36 -9.93 28.05 -9.30 -24.87 12.55 -16.59 6.16
1684259238631717 0.00 0.00 0.00 0.00 28.37 -11.19 28.20 -9.61 -9.85 9.87 -16.77 7.39
1684259238649738 0.00 0.00 0.00 0.00 30.89 -11.20 28.68 -9.93 -8.82 17.56 -14.62 9.56
1684259238669800 0.00 0.00 0.00 0.00 27.11 -11.19 28.52 -10.25 -23.62 15.83 -17.56 10.31
1684259238681892 0.00 0.00 0.00 0.00 29.63 -11.20 28.68 -10.40 12.91 26.05 -13.36 13.55
1684259238700007 0.00 0.00 0.00 0.00 28.37 -11.19 28.68 -10.72 -8.73 8.75 -12.10 13.46
1684259238712476 0.00 0.00 0.00 0.00 27.11 -12.45 28.53 -11.03 -0.11 25.31 -9.92 15.51
1684259238728845 0.00 0.00 0.00 0.00 29.63 -12.46 28.68 -11.35 9.54 19.25 -6.69 16.89
1684259238745541 0.00 0.00 0.00 0.00 28.37 -12.45 28.69 -11.67 -9.51 18.94 -4.77 17.69
1684259238760751 0.00 0.00 0.00 0.00 27.11 -12.45 28.53 -11.82 -0.08 20.75 -3.55 19.05
1684259238778087 0.00 0.00 0.00 0.00 28.37 -12.45 28.21 -11.98 9.05 9.07 -1.32 17.99
1684259238792393 0.00 0.00 0.00 0.00 29.63 -12.46 28.53 -12.14 21.98 10.95 4.38 17.38
1684259238808616 0.00 0.00 0.00 0.00 25.86 -12.44 28.06 -12.30 -19.45 9.80 0.33 15.35
1684259238826500 0.00 0.00 0.00 0.00 28.38 -13.72 28.06 -12.61 26.38 8.72 4.72 15.35
1684259238842443 0.00 0.00 0.00 0.00 25.86 -13.71 27.90 -12.77 -0.07 19.79 4.73 14.66
1684259238858315 0.00 0.00 0.00 0.00 28.37 -12.45 27.75 -12.77 9.88 9.91 4.77 13.49
1684259238875588 0.00 0.00 0.00 0.00 28.38 -13.72 27.75 -12.93 9.12 -0.03 7.10 11.12
1684259238891897 0.00 0.00 0.00 0.00 25.86 -13.71 27.59 -13.08 -0.03 9.67 7.11 9.74
1684259238910085 0.00 0.00 0.00 0.00 25.87 -16.23 27.28 -13.55 8.62 8.65 7.05 9.68
1684259238922797 0.00 0.00 0.00 0.00 25.86 -13.71 26.80 -13.71 24.64 37.16 7.38 12.96
1684259238939236 0.00 0.00 0.00 0.00 25.86 -13.71 26.80 -13.87 28.69 9.50 13.40 12.92
1684259238958328 0.00 0.00 0.00 0.00 27.12 -13.71 26.65 -13.87 -0.03 8.27 10.10 12.86
1684259238976606 0.00 0.00 0.00 0.00 25.86 -13.71 26.65 -13.87 8.61 -0.03 11.19 10.39
1684259238989621 0.00 0.00 0.00 0.00 27.12 -13.71 26.49 -14.03 0.00 0.00 9.95 9.15
1684259239004511 0.00 0.00 0.00 0.00 24.60 -12.44 26.02 -13.87 10.54 10.56 10.13 10.47
1684259239019805 0.00 0.00 0.00 0.00 23.34 -13.70 25.70 -13.86 30.91 -10.44 14.00 7.96
1684259239035906 0.00 0.00 0.00 0.00 23.34 -12.43 25.39 -13.39 19.54 -0.07 15.36 6.87
1684259239052432 0.00 0.00 0.00 0.00 24.62 -20.01 25.23 -14.18 19.14 -28.73 14.68 -1.37
1684259239069777 0.00 0.00 0.00 0.00 23.34 -12.43 24.92 -14.02 8.96 45.44 12.21 3.12
1684259239085954 0.00 0.00 0.00 0.00 23.34 -12.43 24.44 -13.86 19.49 -9.84 14.65 0.86
1684259239102192 0.00 0.00 0.00 0.00 23.34 -12.43 24.13 -13.70 29.11 -9.84 17.21 -0.37
1684259239118563 0.00 0.00 0.00 0.00 23.34 -12.43 23.66 -13.54 19.26 -9.73 19.62 -1.58
1684259239133474 0.00 0.00 0.00 0.00 25.85 -11.18 23.81 -13.38 31.70 -10.72 22.26 -4.24
1684259239150144 0.00 0.00 0.00 0.00 23.33 -11.17 23.81 -13.07 -9.40 -9.43 17.23 -4.12
1684259239166646 0.00 0.00 0.00 0.00 23.33 -11.17 23.81 -12.91 0.08 -19.15 14.79 -6.50
1684259239182202 0.00 0.00 0.00 0.00 24.59 -11.18 23.81 -11.80 0.04 -10.16 12.41 -4.18
1684259239200315 0.00 0.00 0.00 0.00 20.81 -9.89 23.49 -11.49 0.18 -60.99 11.31 -17.48
1684259239217537 0.00 0.00 0.00 0.00 23.33 -9.91 23.49 -11.17 18.34 -18.43 11.17 -18.56
1684259239231458 0.00 0.00 0.00 0.00 23.33 -9.91 23.49 -10.85 0.10 -22.70 7.54 -20.16
1684259239248581 0.00 0.00 0.00 0.00 23.33 -9.91 23.49 -10.54 0.08 -18.46 5.14 -21.25
1684259239264484 0.00 0.00 0.00 0.00 23.32 -8.64 23.17 -10.22 0.09 -19.87 1.19 -22.40
1684259239281880 0.00 0.00 0.00 0.00 23.32 -8.64 23.17 -9.91 18.18 -18.24 4.64 -23.50
1684259239296077 0.00 0.00 0.00 0.00 23.32 -8.64 23.17 -9.59 0.10 -22.26 4.64 -23.89
1684259239312310 0.00 0.00 0.00 0.00 23.32 -8.64 23.01 -9.27 0.09 -19.46 4.65 -25.05
1684259239328180 0.00 0.00 0.00 0.00 23.35 -16.23 23.33 -10.06 10.01 -19.95 5.87 -19.92
1684259239345874 0.00 0.00 0.00 0.00 23.31 -7.38 23.32 -9.75 -17.95 44.73 1.34 -12.03
1684259239362045 0.00 0.00 0.00 0.00 23.31 -7.38 23.32 -9.43 0.10 -19.53 1.34 -11.63
1684259239378642 0.00 0.00 0.00 0.00 25.83 -6.13 23.64 -8.96 0.09 -19.03 1.34 -11.70
1684259239397802 0.00 0.00 0.00 0.00 22.06 -8.64 23.48 -8.96 -16.30 -24.64 -0.71 -12.30
1684259239413406 0.00 0.00 0.00 0.00 23.31 -7.38 23.48 -8.80 10.08 -0.05 -1.72 -10.02
1684259239425846 0.00 0.00 0.00 0.00 23.31 -7.38 23.48 -8.64 0.06 -12.69 -1.73 -8.83
1684259239442565 0.00 0.00 0.00 0.00 23.31 -6.12 23.48 -8.33 0.05 -9.44 -1.73 -7.58
1684259239458162 0.00 0.00 0.00 0.00 24.57 -7.39 23.63 -7.22 0.10 -20.24 -2.97 -7.61
1684259239475103 0.00 0.00 0.00 0.00 23.31 -7.38 23.63 -7.22 -9.01 -65.23 -1.85 -21.36
1684259239491796 0.00 0.00 0.00 0.00 23.31 -6.12 23.63 -7.07 0.00 0.00 -1.87 -18.91
1684259239508769 0.00 0.00 0.00 0.00 23.31 -6.12 23.31 -7.06 0.05 -9.30 -1.87 -17.70
1684259239523698 0.00 0.00 0.00 0.00 23.31 -6.12 23.47 -6.75 21.11 -0.11 2.80 -14.63
1684259239541143 0.00 0.00 0.00 0.00 23.31 -6.12 23.47 -6.59 -8.92 -18.05 0.43 -16.88
1684259239555632 0.00 0.00 0.00 0.00 24.57 -6.12 23.62 -6.43 0.05 -10.89 0.43 -16.66
1684259239572717 0.00 0.00 0.00 0.00 22.05 -6.11 23.47 -6.43 -9.16 -9.19 -0.72 -16.63
1684259239589602 0.00 0.00 0.00 0.00 23.31 -6.12 23.31 -6.27 9.31 -0.05 0.43 -14.10
1684259239604763 0.00 0.00 0.00 0.00 22.08 -12.43 23.15 -6.91 10.43 -10.46 2.86 -7.26
1684259239624185 0.00 0.00 0.00 0.00 22.05 -6.11 23.00 -6.91 7.95 32.50 3.85 -3.19
1684259239637867 0.00 0.00 0.00 0.00 22.05 -6.11 22.84 -6.90 11.49 -0.06 5.28 -2.04
1684259239653999 0.00 0.00 0.00 0.00 20.76 1.45 22.52 -5.96 9.75 -0.05 3.86 -2.03
1684259239670408 0.00 0.00 0.00 0.00 22.05 -6.11 22.36 -5.96 19.43 -57.65 7.41 -6.98
1684259239685693 0.00 0.00 0.00 0.00 20.79 -6.10 21.89 -5.96 10.29 -0.05 8.68 -5.63
1684259239703050 0.00 0.00 0.00 0.00 22.05 -6.11 21.89 -5.96 27.17 -0.14 13.23 -4.49
1684259239719595 0.00 0.00 0.00 0.00 22.05 -6.11 21.73 -5.95 -0.00 0.00 12.06 -4.49
1684259239734425 0.00 0.00 0.00 0.00 19.54 -6.10 21.42 -5.16 10.60 -0.05 12.08 -3.19
1684259239750918 0.00 0.00 0.00 0.00 20.80 -7.37 21.26 -5.32 19.27 -47.98 13.50 -13.25
1684259239768501 0.00 0.00 0.00 0.00 22.05 -6.11 21.26 -5.32 8.89 8.93 13.17 -12.12
1684259239786018 0.00 0.00 0.00 0.00 18.28 -6.09 20.95 -6.26 0.00 0.00 11.96 -12.12
1684259239801983 0.00 0.00 0.00 0.00 18.28 -6.09 20.48 -6.26 19.39 59.07 11.95 2.47
1684259239821469 0.00 0.00 0.00 0.00 17.00 1.47 20.01 -5.31 24.18 -0.11 13.69 2.47
1684259239833182 0.00 0.00 0.00 0.00 15.77 -6.08 19.22 -5.31 40.51 -80.79 15.36 -7.62
1684259239850508 0.00 0.00 0.00 0.00 15.75 -1.04 18.43 -4.68 45.29 -0.20 21.02 -7.64
1684259239865410 0.00 0.00 0.00 0.00 15.77 -6.08 17.96 -4.68 52.82 -42.51 26.29 -12.95
1684259239880728 0.00 0.00 0.00 0.00 15.77 -6.08 17.33 -4.52 30.72 -0.13 27.73 -6.97
1684259239898240 0.00 0.00 0.00 0.00 15.77 -6.08 16.55 -4.51 35.88 -9.17 31.10 -9.23
1684259239921287 0.00 0.00 0.00 0.00 15.77 -6.08 16.24 -4.51 34.05 -0.15 35.36 -9.25
1684259239933717 0.00 0.00 0.00 0.00 14.52 -6.08 15.77 -4.51 25.23 -0.10 36.09 -16.65
1684259239946446 0.00 0.00 0.00 0.00 13.27 -6.07 15.30 -5.45 36.95 -0.14 37.68 -16.65
1684259239966324 0.00 0.00 0.00 0.00 13.27 -6.07 14.99 -5.45 23.46 47.42 35.55 -0.62
1684259239981990 0.00 0.00 0.00 0.00 13.27 -6.07 14.68 -6.08 20.00 -0.07 32.39 -0.61
1684259239996639 0.00 0.00 0.00 0.00 13.27 -6.07 14.36 -6.08 21.23 42.93 28.44 10.07
1684259240011850 0.00 0.00 0.00 0.00 13.27 -6.07 14.05 -6.08 20.60 -0.07 27.18 10.08
1684259240028469 0.00 0.00 0.00 0.00 13.27 -6.07 13.74 -6.08 18.85 -0.06 25.05 11.22
1684259240044329 0.00 0.00 0.00 0.00 13.26 -4.81 13.42 -5.92 19.75 -0.07 23.26 11.23
1684259240059105 0.00 0.00 0.00 0.00 14.51 -4.82 13.42 -5.76 21.24 -10.75 22.76 9.90
1684259240076037 0.00 0.00 0.00 0.00 13.26 -3.55 13.42 -5.44 0.03 -9.31 18.15 8.75
1684259240092635 0.00 0.00 0.00 0.00 15.77 -6.08 13.73 -5.45 0.06 -18.99 15.22 0.45
1684259240118123 0.00 0.00 0.00 0.00 15.77 -6.08 14.05 -5.45 -12.29 0.04 11.18 0.46
1684259240130402 0.00 0.00 0.00 0.00 14.51 -4.82 14.20 -5.29 -25.52 0.09 5.34 -4.89
1684259240144892 0.00 0.00 0.00 0.00 15.77 -4.82 14.52 -5.13 -10.77 -10.85 1.42 -6.24
1684259240157654 0.00 0.00 0.00 0.00 14.51 -4.82 14.67 -4.98 -24.51 -12.27 -4.00 -7.76
1684259240172999 0.00 0.00 0.00 0.00 17.02 -3.57 15.14 -4.82 -10.17 -10.25 -7.74 -9.04
1684259240193305 0.00 0.00 0.00 0.00 15.76 -3.56 15.30 -4.66 -23.11 -7.68 -13.29 -8.65
1684259240205561 0.00 0.00 0.00 0.00 15.76 -3.56 15.61 -4.66 -12.73 -12.81 -14.88 -9.09
1684259240224445 0.00 0.00 0.00 0.00 15.76 -3.56 15.61 -4.35 -16.58 0.06 -16.96 -6.71
1684259240237887 0.00 0.00 0.00 0.00 17.02 -3.57 15.76 -4.03 0.09 -23.46 -15.41 -9.65
1684259240254334 0.00 0.00 0.00 0.00 18.26 -2.31 16.23 -3.72 -9.46 -19.13 -13.41 -12.05
1684259240270751 0.00 0.00 0.00 0.00 15.76 -2.30 16.23 -3.41 -28.56 -19.08 -15.63 -13.08
1684259240286545 0.00 0.00 0.00 0.00 18.27 -3.57 16.70 -3.25 0.07 -19.94 -12.56 -14.04
1684259240302650 0.00 0.00 0.00 0.00 20.77 -2.32 17.17 -3.09 -29.15 -9.67 -14.93 -13.96
1684259240319429 0.00 0.00 0.00 0.00 19.51 -1.06 17.64 -2.78 -28.00 -9.26 -15.54 -14.16
1684259240336632 0.00 0.00 0.00 0.00 18.26 -1.05 17.95 -2.47 -27.26 -18.19 -17.36 -14.83
1684259240352151 0.00 0.00 0.00 0.00 18.26 -1.05 18.26 -2.15 -20.11 -20.20 -17.80 -17.37
1684259240367886 0.00 0.00 0.00 0.00 18.26 -1.05 18.42 -1.84 -19.84 -19.92 -20.29 -16.93
1684259240385972 0.00 0.00 0.00 0.00 18.26 -1.05 18.42 -1.68 -8.59 -17.37 -20.18 -16.70
1684259240400374 0.00 0.00 0.00 0.00 19.51 -1.06 18.89 -1.53 0.05 -10.92 -16.60 -15.69
1684259240421386 0.00 0.00 0.00 0.00 18.26 -1.05 18.89 -1.21 -22.34 -7.40 -19.41 -14.12
1684259240433614 0.00 0.00 0.00 0.00 17.01 -1.05 18.42 -1.05 0.11 -25.74 -15.75 -16.13
1684259240451068 0.00 0.00 0.00 0.00 15.75 0.21 17.95 -0.89 26.99 -9.13 -8.87 -16.11
1684259240465535 0.00 0.00 0.00 0.00 17.01 -1.05 17.79 -0.89 32.53 -10.99 -1.40 -15.21
1684259240482493 0.00 0.00 0.00 0.00 15.75 -1.04 17.48 -0.89 9.24 -0.04 2.27 -12.69
1684259240497860 0.00 0.00 0.00 0.00 15.75 -1.04 17.16 -0.89 20.39 -0.08 7.30 -10.21
1684259240514109 0.00 0.00 0.00 0.00 15.75 -1.04 16.85 -0.89 19.28 -0.07 10.78 -8.05
1684259240530626 0.00 0.00 0.00 0.00 15.75 -1.04 16.38 -0.89 18.97 -0.07 13.14 -6.69
1684259240548504 0.00 0.00 0.00 0.00 13.25 -1.03 15.75 -0.89 26.29 -0.11 19.22 -5.78
1684259240562952 0.00 0.00 0.00 0.00 13.25 -2.29 15.28 -1.04 43.34 -0.15 24.63 -2.58
1684259240580470 0.00 0.00 0.00 0.00 14.50 -1.04 15.13 -1.20 26.77 8.89 24.60 -0.33
1684259240603137 0.00 0.00 0.00 0.00 13.25 0.22 14.66 -1.04 6.88 6.91 21.39 1.91
1684259240617265 0.00 0.00 0.00 0.00 13.25 -1.03 14.35 -1.04 33.26 -11.23 24.40 0.51
1684259240629457 0.00 0.00 0.00 0.00 13.25 -1.03 14.03 -1.04 25.66 -0.08 25.06 0.51
1684259240645040 0.00 0.00 0.00 0.00 12.00 -1.03 13.56 -1.04 20.08 -0.07 25.16 0.51
1684259240660722 0.00 0.00 0.00 0.00 9.50 1.49 12.78 -0.72 29.92 -0.09 26.53 0.51
1684259240676853 0.00 0.00 0.00 0.00 8.25 -1.02 12.16 -0.72 48.49 -19.60 29.30 -1.93
1684259240692887 0.00 0.00 0.00 0.00 9.50 -2.28 11.69 -0.72 38.98 -0.08 28.76 -1.92
1684259240711480 0.00 0.00 0.00 0.00 9.50 -1.03 11.06 -0.72 25.22 -0.06 28.56 -3.04
1684259240725695 0.00 0.00 0.00 0.00 9.50 -1.03 10.59 -0.87 43.98 -0.11 33.20 -3.92
1684259240742347 0.00 0.00 0.00 0.00 8.25 -1.02 9.97 -0.87 28.12 9.37 32.56 -1.34
1684259240758026 0.00 0.00 0.00 0.00 8.25 -1.02 9.34 -0.87 39.86 -0.09 34.33 -1.34
1684259240775054 0.00 0.00 0.00 0.00 7.00 -1.02 8.72 -0.87 36.70 -0.08 36.41 -1.34
1684259240790409 0.00 0.00 0.00 0.00 8.25 -2.28 8.56 -1.34 40.68 -0.07 37.75 -1.34
1684259240807505 0.00 0.00 0.00 0.00 9.50 -2.28 8.72 -1.50 9.09 27.55 32.83 4.55
1684259240822864 0.00 0.00 0.00 0.00 7.00 -1.02 8.41 -1.34 -10.19 10.25 26.68 5.85
1684259240839277 0.00 0.00 0.00 0.00 8.25 -1.02 8.25 -1.34 19.04 -9.61 25.91 4.65
1684259240856874 0.00 0.00 0.00 0.00 7.00 -1.02 7.94 -1.34 8.87 -0.01 21.52 4.66
1684259240872942 0.00 0.00 0.00 0.00 5.75 -2.28 7.63 -1.49 19.43 -0.03 20.44 3.49
1684259240889847 0.00 0.00 0.00 0.00 8.25 -1.02 7.63 -1.49 18.46 9.28 17.76 4.66
1684259240906749 0.00 0.00 0.00 0.00 8.25 -1.02 7.78 -1.50 0.00 0.00 13.17 4.67
1684259240922417 0.00 0.00 0.00 0.00 8.25 0.23 7.78 -1.18 -9.96 0.01 6.84 4.68
1684259240936688 0.00 0.00 0.00 0.00 8.25 -2.28 7.63 -1.18 0.03 -22.02 5.71 -1.52
1684259240953030 0.00 0.00 0.00 0.00 9.50 -1.03 7.94 -1.18 9.56 -0.02 8.18 -2.80
1684259240969483 0.00 0.00 0.00 0.00 7.00 -1.02 7.78 -1.18 -18.98 0.03 3.43 -1.59
1684259240988626 0.00 0.00 0.00 0.00 9.50 -1.03 8.10 -1.18 8.15 -0.01 3.34 -1.59
1684259241001626 0.00 0.00 0.00 0.00 9.50 0.23 8.56 -0.87 -24.02 0.03 -2.09 -1.59
1684259241017839 0.00 0.00 0.00 0.00 9.50 -1.03 8.72 -0.87 -28.86 -19.35 -8.01 -5.17
1684259241033138 0.00 0.00 0.00 0.00 9.50 0.23 8.88 -0.71 -10.21 0.02 -9.29 -5.16
1684259241049861 0.00 0.00 0.00 0.00 8.25 0.23 8.88 -0.71 -9.32 -9.38 -9.21 -6.34
1684259241066865 0.00 0.00 0.00 0.00 9.50 -1.03 9.03 -0.55 0.00 0.00 -9.21 -3.58
1684259241081790 0.00 0.00 0.00 0.00 9.50 0.23 9.03 -0.40 -10.45 -10.52 -11.71 -4.90
1684259241098728 0.00 0.00 0.00 0.00 10.75 0.23 9.50 -0.24 0.02 -9.27 -9.34 -6.06
1684259241114598 0.00 0.00 0.00 0.00 8.25 0.23 9.34 -0.08 -29.50 -9.85 -14.04 -7.29
1684259241130839 0.00 0.00 0.00 0.00 10.76 -7.33 9.50 -1.03 9.63 -9.69 -9.84 -8.51
1684259241147001 0.00 0.00 0.00 0.00 8.25 0.23 9.34 -0.87 -9.79 58.48 -7.45 1.22
1684259241163828 0.00 0.00 0.00 0.00 10.75 0.23 9.50 -0.87 9.29 -9.35 -5.02 0.05
1684259241179949 0.00 0.00 0.00 0.00 10.75 0.23 9.81 -0.87 -9.69 0.02 -5.06 1.23
1684259241196796 0.00 0.00 0.00 0.00 9.50 1.49 9.81 -0.56 -18.53 0.03 -7.38 1.23
1684259241213677 0.00 0.00 0.00 0.00 9.50 0.23 9.81 -0.56 0.03 -18.60 -6.07 0.22
1684259241228704 80.00 0.00 0.00 0.00 10.75 0.23 9.81 -0.56 -0.00 0.00 -6.07 1.38
1684259241249270 80.00 0.00 0.00 0.00 8.25 0.23 9.81 -0.56 0.00 0.00 -2.38 2.61
1684259241262087 80.00 0.00 0.00 0.00 9.50 0.23 9.65 0.39 0.00 0.00 -3.59 3.82
1684259241277359 80.00 0.00 0.00 0.00 8.25 -3.54 9.65 -0.08 10.36 -61.89 -1.07 -11.22
1684259241294364 80.00 0.00 0.00 0.00 9.50 0.23 9.50 -0.08 -0.04 27.74 -2.23 -6.59
1684259241310971 80.00 0.00 0.00 0.00 8.25 0.23 9.19 -0.08 9.40 -0.02 0.15 -6.59
1684259241326110 80.00 0.00 0.00 0.00 9.50 0.23 9.19 -0.24 20.62 -0.04 5.05 -6.60
1684259241343326 80.00 0.00 0.00 0.00 9.50 1.49 9.19 -0.08 -0.02 9.11 5.04 -3.14
1684259241359951 80.00 0.00 0.00 0.00 10.74 1.48 9.19 0.07 0.02 -9.44 5.04 -4.32
1684259241376084 80.00 0.00 0.00 0.00 10.74 1.48 9.50 0.23 0.02 -9.73 5.05 -5.53
1684259241391174 80.00 0.00 0.00 0.00 11.99 2.74 9.81 0.54 -20.67 -10.36 2.46 -6.83
1684259241407245 80.00 0.00 0.00 0.00 11.99 1.48 10.28 1.17 -19.39 -19.48 -1.26 -1.53
1684259241423533 80.00 0.00 0.00 0.00 13.24 1.48 10.74 1.33 -28.69 -38.54 -4.84 -9.81
1684259241441111 80.00 0.00 0.00 0.00 13.24 1.48 11.37 1.48 -26.63 -8.87 -9.34 -10.92
1684259241457346 80.00 0.00 0.00 0.00 15.74 1.47 12.15 1.64 -38.45 -9.59 -16.73 -12.11
1684259241475420 80.00 0.00 0.00 0.00 17.00 1.47 13.09 1.63 -43.20 -8.57 -22.13 -14.32
1684259241488526 80.00 0.00 0.00 0.00 19.51 0.20 14.18 1.47 -71.54 0.19 -31.07 -13.12
1684259241506038 80.00 0.00 0.00 0.00 19.50 2.71 15.28 1.63 -62.56 9.17 -38.89 -10.76
1684259241521645 80.00 0.00 0.00 0.00 20.76 1.45 16.37 1.47 -70.11 -9.84 -45.07 -10.69
1684259241538088 80.00 0.00 0.00 0.00 23.28 0.18 17.78 1.30 -66.65 9.76 -50.98 -7.04
1684259241553989 80.00 0.00 0.00 0.00 22.01 1.45 18.88 1.30 -88.69 10.21 -58.48 -0.94
1684259241570384 80.00 0.00 0.00 0.00 25.79 1.43 20.45 1.29 -66.86 0.25 -63.51 0.20
1684259241586308 80.00 0.00 0.00 0.00 28.31 1.41 22.02 1.29 -98.46 0.40 -71.01 1.45
1684259241603655 80.00 0.00 0.00 0.00 28.31 1.41 23.43 1.28 -90.51 0.40 -76.92 2.57
1684259241620773 80.00 0.00 0.00 0.00 30.82 2.66 24.85 1.59 -82.59 0.37 -78.30 2.59
1684259241644287 80.00 0.00 0.00 0.00 33.36 1.39 26.58 1.42 -60.15 -13.08 -78.00 -0.19
1684259241657582 80.00 0.00 0.00 0.00 34.61 3.90 28.31 1.73 -130.29 12.43 -85.52 2.59
1684259241669577 80.00 0.00 0.00 0.00 37.15 1.37 30.04 1.88 -144.35 -25.51 -95.24 -1.82
1684259241684096 80.00 0.00 0.00 0.00 38.41 1.37 32.09 1.87 -119.44 -10.25 -99.08 -4.37
1684259241700417 80.00 0.00 0.00 0.00 38.41 1.37 33.67 1.86 -125.60 0.59 -106.42 -4.33
1684259241716374 80.00 0.00 0.00 0.00 43.46 1.35 35.57 1.85 -98.91 0.46 -106.48 -4.32
1684259241732489 80.00 0.00 0.00 0.00 44.72 2.61 37.62 2.00 -117.58 0.47 -109.86 -4.31
1684259241749396 80.00 0.00 0.00 0.00 45.98 1.35 39.51 1.84 -121.38 -8.84 -114.71 -5.47
1684259241765223 80.00 0.00 0.00 0.00 48.49 1.35 41.41 1.83 -119.74 10.33 -122.16 -2.54
1684259241783521 80.00 0.00 0.00 0.00 48.50 2.61 43.14 1.67 -103.43 0.25 -118.80 -4.06
1684259241797301 80.00 0.00 0.00 0.00 48.49 1.35 44.56 1.67 -125.98 11.70 -116.51 0.59
1684259241815566 80.00 0.00 0.00 0.00 50.99 1.36 46.13 1.67 -77.65 0.14 -111.28 1.89
1684259241830076 80.00 0.00 0.00 0.00 49.74 0.10 47.55 1.51 -108.39 0.08 -109.13 1.82
1684259241846078 80.00 0.00 0.00 0.00 51.00 2.61 48.49 1.67 -88.51 9.91 -107.83 3.01
1684259241864302 80.00 0.00 0.00 0.00 52.24 1.36 49.43 1.51 -51.67 -8.64 -99.59 1.87
1684259241880816 80.00 0.00 0.00 0.00 53.48 1.37 50.37 1.51 -56.88 9.44 -91.53 4.15
1684259241895296 80.00 0.00 0.00 0.00 52.24 1.36 50.83 1.52 -64.70 -0.15 -84.65 2.84
1684259241911830 80.00 0.00 0.00 0.00 52.24 1.36 51.30 1.36 -28.30 -0.08 -75.26 2.80
1684259241927739 80.00 0.00 0.00 0.00 52.24 1.36 51.77 1.36 -29.40 9.79 -63.19 2.56
1684259241949963 80.00 0.00 0.00 0.00 52.23 0.11 51.93 1.21 -21.06 -0.06 -56.11 2.54
1684259241963286 80.00 0.00 0.00 0.00 54.63 -7.36 52.54 0.27 -11.62 11.72 -44.02 3.99
1684259241976804 80.00 0.00 0.00 0.00 54.71 0.12 53.00 -0.04 -45.16 69.00 -38.60 11.38
1684259241992725 80.00 0.00 0.00 0.00 55.93 0.13 53.46 -0.19 -29.11 19.54 -35.78 14.90
1684259242008280 80.00 0.00 0.00 0.00 53.47 0.12 53.46 -0.35 -29.70 9.87 -32.38 14.95
1684259242024105 80.00 0.00 0.00 0.00 54.71 1.38 53.77 -0.35 0.06 9.90 -24.29 16.21
1684259242041387 80.00 0.00 0.00 0.00 54.71 0.12 54.08 -0.50 -17.91 -0.10 -22.99 16.21
1684259242056988 80.00 0.00 0.00 0.00 53.47 0.12 54.23 -0.66 -19.77 9.92 -21.78 16.22
1684259242073165 80.00 0.00 0.00 0.00 52.23 0.11 54.23 -0.66 -9.53 9.63 -20.34 17.44
1684259242088845 80.00 0.00 0.00 0.00 52.24 2.62 53.93 0.59 0.00 0.00 -18.89 15.97
1684259242105557 80.00 0.00 0.00 0.00 50.99 1.36 53.47 0.74 17.83 -74.65 -11.02 -1.99
1684259242122164 80.00 0.00 0.00 0.00 53.51 12.67 53.17 2.31 27.94 -9.29 -3.89 -5.59
1684259242138490 80.00 0.00 0.00 0.00 50.99 1.36 52.86 2.47 18.55 -95.94 2.15 -18.81
1684259242154262 80.00 0.00 0.00 0.00 51.00 2.61 52.39 2.62 19.64 -9.85 4.59 -21.28
1684259242171149 80.00 0.00 0.00 0.00 51.01 11.41 51.93 4.03 27.51 -9.16 10.27 -22.41
1684259242186500 80.00 0.00 0.00 0.00 47.24 11.41 51.15 5.44 30.10 -91.87 16.50 -35.14
1684259242207694 80.00 0.00 0.00 0.00 51.01 11.41 51.00 6.85 36.77 -66.59 22.29 -44.67
1684259242219603 80.00 0.00 0.00 0.00 51.01 12.66 50.85 8.11 12.84 -118.58 23.90 -59.49
1684259242236311 80.00 0.00 0.00 0.00 51.01 13.92 50.85 9.68 9.23 -75.16 22.82 -59.55
1684259242252458 80.00 0.00 0.00 0.00 52.22 -2.40 50.69 7.80 -0.13 -97.24 19.31 -70.55
1684259242268171 80.00 0.00 0.00 0.00 53.45 -2.39 50.99 7.33 10.28 119.81 18.28 -43.58
1684259242283654 80.00 0.00 0.00 0.00 53.49 3.88 51.30 7.49 -19.86 30.24 13.34 -38.57
1684259242300532 80.00 0.00 0.00 0.00 53.50 6.39 51.62 6.86 -18.46 -9.35 7.60 -38.59
1684259242316647 80.00 0.00 0.00 0.00 55.95 2.64 52.71 5.76 -19.31 38.94 1.42 -22.24
1684259242333177 80.00 0.00 0.00 0.00 54.73 3.88 53.17 4.82 -65.92 66.32 -11.42 -5.63
1684259242349673 80.00 0.00 0.00 0.00 55.96 3.89 53.79 3.73 -28.18 57.02 -16.54 16.32
1684259242365541 80.00 0.00 0.00 0.00 53.51 11.41 54.10 3.41 -39.00 69.12 -22.57 34.36
1684259242382049 80.00 0.00 0.00 0.00 54.75 10.16 54.42 4.98 -18.92 19.02 -24.92 48.89
1684259242398329 80.00 0.00 0.00 0.00 58.44 7.66 55.04 6.24 -19.44 -96.38 -28.64 21.87
1684259242415149 80.00 0.00 0.00 0.00 58.39 1.41 55.65 5.93 -37.03 -74.68 -30.78 8.75
1684259242430953 80.00 0.00 0.00 0.00 59.60 1.42 56.42 5.31 -38.74 19.53 -33.32 12.36
1684259242447547 80.00 0.00 0.00 0.00 59.66 8.92 56.88 6.09 -45.96 37.40 -36.65 12.17
1684259242462940 80.00 0.00 0.00 0.00 60.79 0.19 57.64 5.63 -30.13 -51.03 -32.18 -2.50
1684259242479575 80.00 0.00 0.00 0.00 57.20 6.40 57.79 5.95 -45.53 27.73 -34.35 -6.16
1684259242496262 80.00 0.00 0.00 0.00 60.79 0.19 58.70 4.54 -9.32 -18.82 -30.63 -17.15
1684259242512542 80.00 0.00 0.00 0.00 61.98 0.21 59.61 3.30 -55.89 86.13 -35.26 -8.77
1684259242528545 80.00 0.00 0.00 0.00 66.65 -0.93 60.63 2.23 -56.49 77.68 -39.89 12.99
1684259242545102 80.00 0.00 0.00 0.00 64.35 0.25 61.38 2.08 -62.01 64.86 -43.01 30.43
1684259242560662 80.00 0.00 0.00 0.00 65.52 0.28 62.12 1.94 -47.89 9.27 -44.15 29.15
1684259242576924 80.00 0.00 0.00 0.00 67.80 -0.90 63.13 0.71 -45.50 8.78 -44.09 25.57
1684259242593321 80.00 0.00 0.00 0.00 67.80 -0.90 64.01 0.58 -62.01 74.86 -48.08 41.31
1684259242610034 80.00 0.00 0.00 0.00 68.94 -0.86 65.48 -0.33 -52.43 8.15 -48.94 38.86
1684259242625764 80.00 0.00 0.00 0.00 66.65 -0.93 66.21 -0.47 -93.22 57.74 -59.43 48.43
1684259242643517 80.00 0.00 0.00 0.00 69.03 2.83 67.09 -0.14 -41.28 7.89 -57.61 38.65
1684259242658333 80.00 0.00 0.00 0.00 66.68 0.31 67.09 0.01 -59.44 -22.09 -57.97 26.18
1684259242677013 80.00 0.00 0.00 0.00 68.97 0.37 67.67 0.02 -0.19 -8.26 -50.25 17.04
1684259242694118 80.00 0.00 0.00 0.00 71.22 0.43 68.38 0.04 -33.76 -0.81 -48.48 15.78
1684259242708362 80.00 0.00 0.00 0.00 70.13 1.63 68.68 0.36 -50.00 -1.35 -49.04 14.51
1684259242722868 80.00 0.00 0.00 0.00 70.13 1.63 68.97 0.67 -20.10 -21.75 -43.80 2.44
1684259242740265 80.00 0.00 0.00 0.00 71.22 0.43 69.25 0.84 -16.76 -18.13 -39.34 -0.85
1684259242755662 80.00 0.00 0.00 0.00 72.36 1.69 69.97 1.16 -18.51 -10.53 -30.00 -9.38
1684259242772017 80.00 0.00 0.00 0.00 71.28 2.89 70.25 1.17 -43.63 -20.03 -30.30 -12.87
1684259242788391 80.00 0.00 0.00 0.00 72.36 1.69 70.96 1.34 -17.21 -0.44 -25.02 -10.16
1684259242804533 80.00 0.00 0.00 0.00 73.49 2.95 71.52 1.67 -43.99 -10.74 -30.50 -10.47
1684259242820589 80.00 0.00 0.00 0.00 73.52 4.18 71.81 2.14 -35.21 -20.14 -30.68 -12.89
1684259242837371 80.00 0.00 0.00 0.00 70.31 11.51 71.83 3.37 -17.19 -27.88 -26.58 -16.21
1684259242853360 80.00 0.00 0.00 0.00 73.52 4.18 72.26 3.69 -1.38 -77.27 -24.24 -23.15
1684259242869658 80.00 0.00 0.00 0.00 74.61 4.21 72.68 4.16 -26.03 -19.56 -25.40 -23.32
1684259242886058 80.00 0.00 0.00 0.00 73.52 4.18 72.83 4.47 -25.89 -28.78 -26.32 -25.61
1684259242902180 80.00 0.00 0.00 0.00 74.64 5.43 73.25 4.79 -9.04 -19.26 -21.99 -25.51
1684259242918507 80.00 0.00 0.00 0.00 74.64 5.43 73.53 5.26 -25.74 -19.49 -23.06 -27.89
1684259242935706 80.00 0.00 0.00 0.00 74.61 4.21 73.67 5.42 -16.61 -27.18 -19.64 -29.94
1684259242950761 80.00 0.00 0.00 0.00 75.69 4.24 73.94 5.42 -9.31 -10.44 -16.40 -28.73
1684259242967039 80.00 0.00 0.00 0.00 75.72 5.46 74.62 4.67 -16.62 -0.51 -16.33 -25.31
1684259242983890 80.00 0.00 0.00 0.00 74.61 4.21 74.76 4.67 -40.17 44.86 -21.17 -10.04
1684259242999526 80.00 0.00 0.00 0.00 76.75 4.28 75.02 4.68 -8.70 -0.26 -19.01 -7.63
1684259243015940 80.00 0.00 0.00 0.00 75.69 4.24 75.30 4.69 -16.29 -0.53 -17.81 -4.10
1684259243030774 80.00 0.00 0.00 0.00 75.72 5.46 75.43 4.69 -18.24 -0.56 -18.96 -1.76
1684259243047385 80.00 0.00 0.00 0.00 76.48 -2.98 75.66 3.64 -8.11 -0.23 -16.75 0.65
1684259243065409 80.00 0.00 0.00 0.00 75.69 4.24 75.79 3.64 -12.72 58.37 -16.27 11.34
1684259243080026 80.00 0.00 0.00 0.00 76.75 4.28 75.93 3.65 -9.20 -0.29 -16.25 12.61
1684259243096736 80.00 0.00 0.00 0.00 76.71 3.06 76.05 3.35 -7.95 -0.27 -15.17 12.64
1684259243114032 80.00 0.00 0.00 0.00 76.67 1.85 76.31 3.05 -7.17 17.35 -11.05 9.20
1684259243129024 80.00 0.00 0.00 0.00 76.67 1.85 76.30 2.75 -17.18 19.68 -12.11 11.69
1684259243146797 80.00 0.00 0.00 0.00 76.67 1.85 76.42 2.45 0.55 17.09 -10.00 13.89
1684259243161246 80.00 0.00 0.00 0.00 77.76 3.10 76.68 2.16 -8.52 20.71 -8.79 16.55
1684259243178281 80.00 0.00 0.00 0.00 77.76 3.10 76.84 2.92 -14.98 17.32 -9.65 18.75
1684259243193662 80.00 0.00 0.00 0.00 76.71 3.06 76.97 2.77 -10.44 -49.46 -9.36 5.27
1684259243210016 80.00 0.00 0.00 0.00 77.76 3.10 77.09 2.62 -7.84 9.02 -9.19 6.43
1684259243226018 80.00 0.00 0.00 0.00 77.76 3.10 77.22 2.63 -7.90 9.18 -9.18 7.61
1684259243242597 80.00 0.00 0.00 0.00 77.72 1.89 77.35 2.63 -7.91 -0.30 -9.28 5.41
1684259243261907 80.00 0.00 0.00 0.00 77.80 4.32 77.49 2.94 -6.78 -0.28 -7.98 2.91
1684259243274900 80.00 0.00 0.00 0.00 78.75 1.94 77.76 2.95 -10.86 -23.73 -9.40 -2.19
1684259243291287 80.00 0.00 0.00 0.00 78.75 1.94 77.88 2.81 -15.88 -0.67 -10.32 -4.86
1684259243307839 80.00 0.00 0.00 0.00 78.75 1.94 78.00 2.66 -7.49 8.80 -9.39 -5.93
1684259243323764 80.00 0.00 0.00 0.00 78.75 1.94 78.26 2.52 -7.78 9.15 -9.06 1.40
1684259243340049 80.00 0.00 0.00 0.00 78.80 3.14 78.39 2.52 -15.66 8.64 -10.03 1.35
1684259243356362 80.00 0.00 0.00 0.00 78.80 3.14 78.52 2.53 -7.94 -0.32 -10.04 0.16
1684259243373615 80.00 0.00 0.00 0.00 79.78 1.98 78.77 2.54 -7.51 -0.30 -9.99 0.16
1684259243389476 80.00 0.00 0.00 0.00 79.78 1.98 79.02 2.25 -16.20 -0.72 -11.17 0.11
1684259243409364 80.00 0.00 0.00 0.00 80.73 0.83 79.27 2.11 -12.41 14.66 -11.36 4.90
1684259243423196 80.00 0.00 0.00 0.00 80.73 0.83 79.52 1.97 -17.88 9.97 -11.61 6.23
1684259243437387 80.00 0.00 0.00 0.00 79.78 1.98 79.64 1.98 -17.43 9.72 -12.85 6.35
1684259243454632 80.00 0.00 0.00 0.00 80.78 2.03 79.90 1.99 -7.40 -0.34 -12.80 5.16
1684259243470482 80.00 0.00 0.00 0.00 80.78 2.03 80.15 1.85 -16.01 -0.75 -12.85 3.99
1684259243488508 80.00 0.00 0.00 0.00 80.78 2.03 80.39 1.71 -13.77 7.72 -13.58 4.99
1684259243504438 80.00 0.00 0.00 0.00 80.78 2.03 80.52 1.72 -15.58 8.73 -14.58 6.12
1684259243521652 80.00 0.00 0.00 0.00 81.73 0.89 80.76 1.58 -7.32 -0.35 -13.47 6.17
1684259243536271 80.00 0.00 0.00 0.00 81.78 2.08 80.89 1.74 -16.68 9.38 -14.01 5.51
1684259243551160 80.00 0.00 0.00 0.00 81.73 0.89 81.02 1.75 -8.78 -10.48 -12.87 2.95
1684259243567756 80.00 0.00 0.00 0.00 81.73 0.89 81.26 1.61 -7.48 -0.40 -11.63 1.69
1684259243584574 80.00 0.00 0.00 0.00 81.73 0.89 81.38 1.47 -14.50 8.15 -12.51 2.75
1684259243600583 80.00 0.00 0.00 0.00 81.78 2.08 81.50 1.47 -7.36 8.94 -11.43 3.96
1684259243617563 80.00 0.00 0.00 0.00 80.68 -0.36 81.49 1.17 -7.32 -0.37 -10.63 2.95
1684259243632511 80.00 0.00 0.00 0.00 82.71 0.94 81.73 1.04 0.88 20.02 -8.57 4.36
1684259243652982 80.00 0.00 0.00 0.00 81.73 0.89 81.73 1.04 -11.74 6.66 -9.12 5.24
1684259243665267 80.00 0.00 0.00 0.00 82.76 2.13 81.85 1.04 0.00 0.00 -7.04 4.07
1684259243682895 80.00 0.00 0.00 0.00 82.81 3.33 81.99 1.35 -6.96 -0.36 -6.81 5.33
1684259243697537 80.00 0.00 0.00 0.00 82.65 -0.25 82.10 1.21 -9.26 -20.83 -7.03 2.78
1684259243714345 80.00 0.00 0.00 0.00 82.76 2.13 82.23 1.36 -6.86 8.43 -6.08 2.81
1684259243729873 80.00 0.00 0.00 0.00 82.81 3.33 82.36 1.52 -8.32 -10.03 -6.20 0.44
1684259243746684 80.00 0.00 0.00 0.00 82.65 -0.25 82.61 1.53 -7.67 -9.26 -6.24 -0.67
1684259243762936 80.00 0.00 0.00 0.00 82.76 2.13 82.62 1.68 -15.16 -0.89 -8.25 -3.28
1684259243779301 80.00 0.00 0.00 0.00 82.71 0.94 82.74 1.69 -0.41 -9.10 -6.83 -5.25
1684259243797691 80.00 0.00 0.00 0.00 82.71 0.94 82.73 1.54 -6.66 -0.37 -7.66 -5.30
1684259243812778 80.00 0.00 0.00 0.00 82.71 0.94 82.72 1.24 0.45 9.87 -6.74 -4.02
1684259243827780 80.00 0.00 0.00 0.00 82.71 0.94 82.73 1.39 0.87 19.87 -5.47 1.07
1684259243843709 80.00 0.00 0.00 0.00 83.83 4.57 82.86 1.69 -0.45 -9.33 -4.67 -1.15
1684259243860716 80.00 0.00 0.00 0.00 82.65 -0.25 82.84 1.25 -7.85 -17.90 -4.61 -2.14
1684259243877424 80.00 0.00 0.00 0.00 83.67 1.00 82.97 1.40 1.21 26.73 -3.50 2.36
1684259243893046 80.00 0.00 0.00 0.00 84.57 -0.13 83.19 1.12 -8.20 -9.96 -2.63 1.23
1684259248517988 80.00 0.00 0.00 0.00 83.62 -0.19 83.31 0.98 -0.05 0.06 -2.59 2.37
1684259248529906 80.00 0.00 0.00 0.00 82.71 0.94 83.31 0.98 -9.52 11.84 -2.94 3.90
1684259243946012 80.00 0.00 0.00 0.00 84.74 3.43 83.56 1.29 -0.00 -0.00 -3.00 2.66
1684259243959931 80.00 0.00 0.00 0.00 83.95 8.16 83.72 2.19 -18.23 -22.31 -5.39 -2.61
1684259243976288 80.00 0.00 0.00 0.00 84.68 2.24 83.82 1.90 -9.50 -55.13 -6.52 -8.33
1684259243994988 80.00 0.00 0.00 0.00 84.83 5.80 84.10 2.66 -5.72 15.56 -6.25 -4.15
1684259244007611 80.00 0.00 0.00 0.00 83.67 1.00 84.10 2.66 -21.61 -59.93 -9.10 -14.98
1684259244025325 80.00 0.00 0.00 0.00 84.83 5.80 84.13 3.40 0.00 0.00 -8.08 -13.74
1684259244040457 80.00 0.00 0.00 0.00 84.57 -0.13 84.25 3.41 -2.18 -48.99 -8.35 -19.87
1684259244063915 80.00 0.00 0.00 0.00 84.57 -0.13 84.48 3.27 -5.08 -0.33 -7.79 -21.39
1684259244075646 80.00 0.00 0.00 0.00 83.87 5.76 84.37 3.56 -19.82 11.37 -10.27 -19.97
1684259244091322 80.00 0.00 0.00 0.00 84.79 4.61 84.48 3.12 6.89 -18.63 -7.13 -19.51
1684259244105170 80.00 0.00 0.00 0.00 84.57 -0.13 84.46 2.83 -7.55 31.97 -6.88 -8.62
1684259244121643 80.00 0.00 0.00 0.00 83.62 -0.19 84.31 2.08 0.89 17.94 -6.06 -8.32
1684259244138622 80.00 0.00 0.00 0.00 84.57 -0.13 84.42 1.94 8.96 44.11 -2.24 4.68
1684259244153920 80.00 0.00 0.00 0.00 84.50 -1.30 84.38 1.05 -7.30 9.18 -3.15 5.83
1684259244170176 80.00 0.00 0.00 0.00 84.57 -0.13 84.38 1.05 2.52 54.66 -2.56 18.78
1684259244186977 80.00 0.00 0.00 0.00 85.51 -0.06 84.50 1.06 0.00 0.00 -1.93 18.83
1684259244202919 80.00 0.00 0.00 0.00 84.50 -1.30 84.58 0.17 -7.37 -0.49 -0.37 17.34
1684259244221262 80.00 0.00 0.00 0.00 84.44 -2.48 84.53 -0.71 -4.30 48.15 -1.77 25.69
1684259244235644 80.00 0.00 0.00 0.00 84.74 3.43 84.55 -0.27 3.05 61.65 -0.44 29.40
1684259244251265 80.00 0.00 0.00 0.00 84.44 -2.48 84.66 -0.56 -1.36 -28.42 -0.72 23.61
1684259244267575 80.00 0.00 0.00 0.00 85.44 -1.24 84.77 -0.70 -6.29 17.57 -2.63 20.29
1684259244285235 80.00 0.00 0.00 0.00 84.36 -3.65 84.75 -0.99 -6.18 7.87 -2.49 20.12
1684259244300145 80.00 0.00 0.00 0.00 84.44 -2.48 84.73 -1.28 1.17 19.68 -2.66 15.75
1684259244316486 80.00 0.00 0.00 0.00 84.74 3.43 84.64 -0.85 1.01 18.00 -2.53 18.00
1684259244335865 80.00 0.00 0.00 0.00 84.36 -3.65 84.62 -1.14 4.96 -22.50 -0.99 15.25
1684259244349161 80.00 0.00 0.00 0.00 84.36 -3.65 84.61 -1.29 1.32 22.07 -0.29 11.99
1684259244364884 80.00 0.00 0.00 0.00 85.37 -2.41 84.69 -2.02 0.57 9.32 -0.60 5.45
1684259244382804 80.00 0.00 0.00 0.00 85.37 -2.41 84.81 -2.01 -4.42 40.70 -0.98 14.09
1684259244397421 80.00 0.00 0.00 0.00 84.63 1.06 84.70 -1.72 -8.01 -0.61 -1.20 11.82
1684259244413969 80.00 0.00 0.00 0.00 83.49 -2.55 84.59 -1.58 6.14 -17.32 0.34 8.67
1684259244431286 80.00 0.00 0.00 0.00 84.44 -2.48 84.59 -1.58 6.33 -7.96 0.99 5.21
1684259244446962 80.00 0.00 0.00 0.00 85.44 -1.24 84.68 -2.17 0.00 0.00 0.86 2.96
1684259244463537 80.00 0.00 0.00 0.00 84.63 1.06 84.72 -1.58 -5.31 35.16 -0.42 10.17
1684259244479671 80.00 0.00 0.00 0.00 82.76 2.13 84.52 -0.85 -2.05 -36.47 -0.84 2.85
1684259244495491 80.00 0.00 0.00 0.00 84.44 -2.48 84.40 -0.86 12.66 -45.70 0.67 -4.02
1684259244511714 80.00 0.00 0.00 0.00 84.63 1.06 84.31 -0.43 7.22 0.55 2.12 -9.04
1684259244527755 80.00 0.00 0.00 0.00 84.74 3.43 84.32 -0.13 5.80 -26.99 3.85 -12.34
1684259244546410 80.00 0.00 0.00 0.00 84.29 -4.82 84.42 -0.42 -0.73 -15.88 2.99 -12.16
1684259244560004 80.00 0.00 0.00 0.00 84.74 3.43 84.46 0.32 -7.37 20.89 1.28 -8.56
1684259244576656 80.00 0.00 0.00 0.00 85.37 -2.41 84.45 0.17 -2.27 -44.32 0.99 -14.10
1684259244592575 80.00 0.00 0.00 0.00 82.81 3.33 84.22 0.46 0.55 9.20 1.72 -17.34
1684259244609088 80.00 0.00 0.00 0.00 84.44 -2.48 84.43 -0.12 13.75 -17.19 3.70 -14.93
1684259244626132 80.00 0.00 0.00 0.00 85.30 -3.58 84.54 -0.26 -12.28 33.82 0.58 -4.99
1684259244642040 80.00 0.00 0.00 0.00 84.63 1.06 84.54 -0.26 -6.78 8.62 -1.17 -3.98
1684259244657999 80.00 0.00 0.00 0.00 84.36 -3.65 84.49 -1.14 0.00 0.00 -1.89 -0.61
1684259244675858 80.00 0.00 0.00 0.00 84.36 -3.65 84.50 -1.00 2.62 49.53 -1.47 7.57
1684259244691826 80.00 0.00 0.00 0.00 83.67 1.00 84.37 -1.30 -0.59 -9.15 -0.63 3.81
1684259244706855 80.00 0.00 0.00 0.00 85.30 -3.58 84.36 -1.44 8.84 20.19 0.76 11.88
1684259244725654 80.00 0.00 0.00 0.00 84.63 1.06 84.59 -1.73 0.49 7.77 0.76 11.70
1684259244740964 80.00 0.00 0.00 0.00 84.36 -3.65 84.58 -1.87 -14.83 18.54 -2.82 16.17
1684259244755581 80.00 0.00 0.00 0.00 84.29 -4.82 84.45 -2.03 0.62 10.02 -1.21 13.19
1684259244771873 80.00 0.00 0.00 0.00 82.76 2.13 84.22 -1.90 7.75 9.54 0.61 13.31
1684259244788263 80.00 0.00 0.00 0.00 85.30 -3.58 84.33 -1.89 14.24 -8.21 2.39 12.28
1684259244803920 80.00 0.00 0.00 0.00 83.62 -0.19 84.24 -1.45 -7.46 -0.60 1.13 6.01
1684259244820474 80.00 0.00 0.00 0.00 81.78 2.08 84.00 -1.32 5.65 -26.16 1.91 3.89
1684259244836615 80.00 0.00 0.00 0.00 83.42 -3.72 83.77 -1.34 14.68 -8.39 2.64 0.31
1684259244853662 80.00 0.00 0.00 0.00 83.26 -6.07 83.60 -2.23 13.80 1.08 4.31 -0.52
1684259244869451 80.00 0.00 0.00 0.00 85.30 -3.58 83.71 -2.22 10.80 56.38 7.51 4.21
1684259244885914 80.00 0.00 0.00 0.00 83.26 -6.07 83.59 -2.37 -7.10 -0.57 6.55 2.88
1684259244901543 80.00 0.00 0.00 0.00 85.63 2.29 83.94 -2.35 8.19 9.97 6.60 2.94
1684259244918695 80.00 0.00 0.00 0.00 84.68 2.24 83.87 -1.63 -20.88 -1.18 2.21 3.82
1684259244933847 80.00 0.00 0.00 0.00 83.34 -4.90 83.83 -2.21 5.06 -47.98 3.78 -2.11
1684259244950363 80.00 0.00 0.00 0.00 83.26 -6.07 84.02 -3.23 2.07 35.65 3.33 5.62
1684259244966789 80.00 0.00 0.00 0.00 84.36 -3.65 84.14 -3.22 -11.30 62.00 0.08 14.42
1684259244985061 80.00 0.00 0.00 0.00 81.73 0.89 83.95 -2.35 -6.48 -0.50 -2.45 14.22
1684259244999163 80.00 0.00 0.00 0.00 85.22 -4.74 83.94 -2.50 13.62 -61.63 -2.10 -0.53
1684259245014882 80.00 0.00 0.00 0.00 84.36 -3.65 84.07 -2.20 0.62 9.26 -1.14 0.70
1684259245031930 80.00 0.00 0.00 0.00 84.29 -4.82 83.91 -3.09 -8.06 -17.71 -3.17 -2.76
1684259245047594 80.00 0.00 0.00 0.00 84.29 -4.82 83.86 -3.97 10.68 56.78 0.78 4.48
1684259245063976 80.00 0.00 0.00 0.00 84.29 -4.82 83.98 -3.96 3.03 53.87 0.52 17.22
1684259245079698 80.00 0.00 0.00 0.00 83.73 2.19 84.03 -2.93 -7.52 -0.61 -0.68 12.68
1684259245095686 80.00 0.00 0.00 0.00 84.68 2.24 84.07 -2.19 -3.64 -64.52 0.28 -3.13
1684259245114436 80.00 0.00 0.00 0.00 83.34 -4.90 84.28 -2.92 -2.14 -39.27 0.82 -7.98
1684259245129930 80.00 0.00 0.00 0.00 82.71 0.94 83.96 -2.21 -13.03 46.66 -2.51 5.56
1684259245144971 80.00 0.00 0.00 0.00 82.81 3.33 83.77 -1.33 20.89 -47.23 0.03 -1.50
1684259245161222 80.00 0.00 0.00 0.00 84.50 -1.30 83.79 -0.89 11.94 -53.67 2.53 -6.00
1684259245178453 80.00 0.00 0.00 0.00 85.30 -3.58 83.92 -0.74 -1.57 -25.51 1.00 -16.28
1684259245193573 80.00 0.00 0.00 0.00 82.81 3.33 83.74 0.28 -8.36 -10.28 -0.43 -24.30
1684259245210302 80.00 0.00 0.00 0.00 85.14 -5.90 83.91 -0.73 11.03 -60.87 1.89 -31.84
1684259245225780 80.00 0.00 0.00 0.00 84.68 2.24 83.91 -0.73 -11.39 65.32 0.92 -15.61
1684259245242222 80.00 0.00 0.00 0.00 84.74 3.43 84.09 0.31 0.00 0.00 1.19 -10.70
1684259245258388 80.00 0.00 0.00 0.00 82.81 3.33 84.10 0.61 -10.79 -64.36 1.47 -24.57
1684259245276041 80.00 0.00 0.00 0.00 84.36 -3.65 84.29 -0.26 -0.74 -16.89 -1.23 -20.78
1684259245292161 80.00 0.00 0.00 0.00 84.29 -4.82 84.27 -0.70 -12.04 54.11 -4.23 -7.31
1684259245309926 80.00 0.00 0.00 0.00 84.36 -3.65 84.15 -0.71 1.52 24.74 -3.85 -1.03
1684259245323986 80.00 0.00 0.00 0.00 84.50 -1.30 84.36 -1.29 8.31 0.66 -1.76 0.34
1684259245340971 80.00 0.00 0.00 0.00 83.42 -3.72 84.15 -1.02 -12.45 34.07 -4.70 12.21
1684259245357304 80.00 0.00 0.00 0.00 83.67 1.00 84.02 -1.18 13.19 -16.67 -1.62 1.96
1684259245372600 80.00 0.00 0.00 0.00 83.34 -4.90 83.84 -2.22 8.26 10.15 -0.59 3.23
1684259245391245 80.00 0.00 0.00 0.00 83.26 -6.07 83.90 -3.39 9.36 55.80 1.93 18.25
1684259245404583 80.00 0.00 0.00 0.00 82.31 -6.15 83.64 -3.70 -4.24 88.03 1.49 31.36
1684259245423188 80.00 0.00 0.00 0.00 83.26 -6.07 83.52 -3.86 13.82 16.76 4.72 26.69
1684259245441064 80.00 0.00 0.00 0.00 82.91 -10.70 83.34 -4.74 7.16 8.71 5.43 24.69
1684259245453649 80.00 0.00 0.00 0.00 82.61 -14.14 83.10 -6.34 14.41 70.05 6.19 33.36
1684259245469908 80.00 0.00 0.00 0.00 83.18 -7.23 83.07 -6.78 14.56 98.67 9.56 41.44
1684259245486622 80.00 0.00 0.00 0.00 82.23 -7.31 82.89 -7.82 1.75 26.23 8.13 46.80
1684259245502749 80.00 0.00 0.00 0.00 83.73 2.19 82.94 -6.94 11.22 64.43 8.50 53.58
1684259245519438 80.00 0.00 0.00 0.00 83.62 -0.19 82.98 -6.20 -2.91 -53.05 6.97 39.98
1684259245535412 80.00 0.00 0.00 0.00 82.23 -7.31 82.97 -6.35 -2.75 -46.01 7.16 23.22
1684259245551481 80.00 0.00 0.00 0.00 82.31 -6.15 82.85 -6.36 0.62 9.10 5.51 22.27
1684259245567612 80.00 0.00 0.00 0.00 83.18 -7.23 82.88 -5.92 7.42 0.61 5.54 21.25
1684259245583828 80.00 0.00 0.00 0.00 82.23 -7.31 82.84 -5.07 -2.07 -26.77 3.48 9.15
1684259245599848 80.00 0.00 0.00 0.00 83.26 -6.07 82.85 -4.92 2.99 -53.24 2.03 -9.84
1684259245616317 80.00 0.00 0.00 0.00 83.34 -4.90 82.99 -4.62 -0.62 -8.85 1.74 -14.22
1684259245632320 80.00 0.00 0.00 0.00 80.91 -12.05 82.63 -6.40 -8.71 -18.88 -0.75 -24.64
1684259245648436 80.00 0.00 0.00 0.00 82.38 -4.97 82.48 -7.00 21.88 110.40 2.34 -4.21
1684259245666388 80.00 0.00 0.00 0.00 82.31 -6.15 82.49 -6.85 8.58 33.32 3.76 5.71
1684259245681146 80.00 0.00 0.00 0.00 82.38 -4.97 82.50 -6.71 -0.68 -9.90 3.60 3.33
1684259245701019 80.00 0.00 0.00 0.00 82.38 -4.97 82.40 -6.42 -0.48 -7.38 2.61 2.34
1684259245714267 80.00 0.00 0.00 0.00 83.34 -4.90 82.54 -6.12 7.54 -21.32 3.81 3.02
1684259245731584 80.00 0.00 0.00 0.00 82.45 -3.80 82.44 -5.84 -8.05 -17.45 2.43 7.49
1684259245756732 80.00 0.00 0.00 0.00 82.45 -3.80 82.33 -5.70 4.02 -11.29 3.01 7.19
1684259245768577 80.00 0.00 0.00 0.00 82.45 -3.80 82.52 -4.67 9.36 -11.62 5.27 8.09
1684259245780958 80.00 0.00 0.00 0.00 82.45 -3.80 82.53 -4.52 -15.61 -83.32 0.59 -16.12
1684259245795906 80.00 0.00 0.00 0.00 79.78 1.98 82.21 -3.51 -0.61 -9.84 -0.56 -21.51
1684259245811803 80.00 0.00 0.00 0.00 82.71 0.94 82.25 -2.77 19.90 -63.92 2.01 -28.27
1684259245827663 80.00 0.00 0.00 0.00 82.76 2.13 82.30 -1.88 -2.56 -46.61 1.75 -33.17
1684259245851082 80.00 0.00 0.00 0.00 82.52 -2.62 82.20 -1.59 -2.02 -37.92 0.55 -35.25
1684259245863205 80.00 0.00 0.00 0.00 82.52 -2.62 82.21 -1.45 8.43 -23.52 2.61 -36.00
1684259245876055 80.00 0.00 0.00 0.00 81.55 -2.68 82.09 -1.31 -0.67 -11.48 2.03 -36.03
1684259245892567 80.00 0.00 0.00 0.00 82.71 0.94 82.13 -0.71 6.86 -8.43 1.72 -35.63
1684259245910029 80.00 0.00 0.00 0.00 82.65 -0.25 82.15 -0.27 -1.80 -33.91 3.44 -29.45
1684259245925417 80.00 0.00 0.00 0.00 82.52 -2.62 82.49 -0.85 -1.59 -28.92 3.32 -31.84
1684259245942326 80.00 0.00 0.00 0.00 82.86 4.52 82.51 -0.40 -20.31 34.00 -1.71 -19.60
1684259245957126 80.00 0.00 0.00 0.00 82.71 0.94 82.50 -0.55 -1.27 -30.24 -1.55 -17.55
1684259245973987 80.00 0.00 0.00 0.00 82.86 4.52 82.55 0.35 0.40 8.83 -1.24 -11.71
1684259245992529 80.00 0.00 0.00 0.00 82.76 2.13 82.58 0.94 -2.25 -48.12 -2.58 -14.78
1684259246005784 80.00 0.00 0.00 0.00 82.76 2.13 82.73 1.54 -2.24 -44.78 -2.78 -18.95
1684259246021678 80.00 0.00 0.00 0.00 82.45 -3.80 82.70 0.95 -9.54 -37.86 -4.83 -22.63
1684259246038580 80.00 0.00 0.00 0.00 82.38 -4.97 82.66 0.36 1.86 35.03 -4.37 -14.01
1684259246053956 80.00 0.00 0.00 0.00 83.34 -4.90 82.77 0.07 2.17 38.41 -3.90 -5.59
1684259246070161 80.00 0.00 0.00 0.00 83.34 -4.90 82.83 -1.10 -6.31 17.60 -2.15 -7.64
1684259246086520 80.00 0.00 0.00 0.00 83.26 -6.07 82.90 -1.98 -3.70 71.97 -2.45 5.13
1684259246103650 80.00 0.00 0.00 0.00 84.50 -1.30 83.10 -2.71 -4.06 51.14 -3.01 10.42
1684259246119104 80.00 0.00 0.00 0.00 83.18 -7.23 83.15 -3.88 -13.31 47.12 -4.39 22.33
1684259246137941 80.00 0.00 0.00 0.00 83.67 1.00 83.27 -4.02 -2.79 62.14 -4.46 35.69
1684259246151764 80.00 0.00 0.00 0.00 83.10 -8.39 83.35 -4.60 -8.26 10.26 -4.30 41.71
1684259246168040 80.00 0.00 0.00 0.00 83.18 -7.23 83.45 -4.88 -4.92 35.31 -5.15 41.74
1684259246184085 80.00 0.00 0.00 0.00 83.18 -7.23 83.43 -5.17 -6.23 17.60 -6.20 39.14
1684259246201191 80.00 0.00 0.00 0.00 83.62 -0.19 83.46 -4.58 1.17 17.06 -5.26 39.08
1684259246216536 80.00 0.00 0.00 0.00 83.18 -7.23 83.45 -4.73 -2.23 -38.37 -5.08 25.28
1684259246233005 80.00 0.00 0.00 0.00 82.06 -9.64 83.15 -5.77 0.62 8.85 -4.49 20.00
1684259246252601 80.00 0.00 0.00 0.00 83.10 -8.39 83.14 -5.91 15.62 53.18 -0.88 20.75
1684259246267620 80.00 0.00 0.00 0.00 83.10 -8.39 83.06 -7.09 0.71 9.67 -0.44 14.20
1684259246282862 80.00 0.00 0.00 0.00 83.10 -8.39 83.06 -7.09 4.74 77.02 1.19 22.54
1684259246299795 80.00 0.00 0.00 0.00 81.09 -9.73 82.80 -7.40 0.00 0.00 1.80 18.13
1684259246313772 80.00 0.00 0.00 0.00 82.50 -15.27 82.72 -8.41 18.70 22.34 4.92 18.72
1684259246330736 80.00 0.00 0.00 0.00 82.14 -8.48 82.53 -9.44 5.02 59.25 5.40 23.99
1684259246346795 80.00 0.00 0.00 0.00 83.26 -6.07 82.54 -9.30 11.46 64.55 7.11 36.86
1684259246364809 80.00 0.00 0.00 0.00 83.01 -9.55 82.66 -9.29 -0.57 -8.09 6.96 34.74
1684259246382940 80.00 0.00 0.00 0.00 82.06 -9.64 82.53 -9.44 -6.56 -0.62 4.19 28.02
1684259246395602 80.00 0.00 0.00 0.00 81.96 -10.80 82.39 -9.74 10.28 12.32 5.38 28.35
1684259246413468 80.00 0.00 0.00 0.00 82.14 -8.48 82.27 -9.75 7.92 16.83 5.78 20.82
1684259246428567 80.00 0.00 0.00 0.00 82.14 -8.48 82.40 -9.60 7.89 0.72 6.77 20.91
1684259246444611 80.00 0.00 0.00 0.00 83.01 -9.55 82.47 -8.88 -8.19 -9.74 3.41 16.90
1684259246460208 80.00 0.00 0.00 0.00 82.14 -8.48 82.47 -8.88 -4.06 -45.85 2.27 3.76
1684259246476508 80.00 0.00 0.00 0.00 83.10 -8.39 82.44 -9.17 0.00 -0.00 0.84 -4.30
1684259246492995 80.00 0.00 0.00 0.00 82.65 -0.25 82.40 -8.01 1.27 17.64 1.07 -1.09
1684259246509260 80.00 0.00 0.00 0.00 82.23 -7.31 82.42 -7.72 2.74 -71.50 2.23 -9.95
1684259246527230 80.00 0.00 0.00 0.00 82.23 -7.31 82.45 -7.28 -1.19 -16.19 0.80 -13.51
1684259246544509 80.00 0.00 0.00 0.00 82.59 -1.43 82.51 -6.40 -1.90 -25.21 -0.43 -18.77
1684259246557813 80.00 0.00 0.00 0.00 80.35 -6.30 82.29 -6.13 -4.19 -66.22 -1.94 -27.13
1684259246573941 80.00 0.00 0.00 0.00 81.34 -6.22 82.08 -5.71 13.86 -16.92 0.82 -28.03
1684259246590460 80.00 0.00 0.00 0.00 82.52 -2.62 82.13 -4.98 12.64 -25.19 2.90 -25.45
1684259246606588 80.00 0.00 0.00 0.00 81.41 -5.05 81.91 -4.56 -2.95 -45.45 2.53 -31.13
1684259246622534 80.00 0.00 0.00 0.00 81.48 -3.87 81.77 -5.01 13.21 -26.24 4.03 -36.61
1684259246639723 80.00 0.00 0.00 0.00 81.73 0.89 81.71 -3.99 8.50 26.31 4.75 -24.39
1684259246655657 80.00 0.00 0.00 0.00 80.43 -5.12 81.48 -3.71 3.92 -64.34 5.39 -30.41
1684259246671803 80.00 0.00 0.00 0.00 80.88 4.43 81.27 -2.98 13.94 -17.01 7.37 -29.38
1684259246688015 80.00 0.00 0.00 0.00 79.82 3.19 81.20 -1.79 13.21 -45.25 9.54 -26.76
1684259246705184 80.00 0.00 0.00 0.00 80.73 0.83 81.12 -0.91 3.88 -69.06 8.29 -33.28
1684259246720062 80.00 0.00 0.00 0.00 81.61 -1.50 81.01 -0.77 5.07 -59.28 7.35 -37.54
1684259246736708 80.00 0.00 0.00 0.00 80.49 -3.93 80.90 -0.63 6.85 -8.42 8.57 -32.91
1684259246753059 80.00 0.00 0.00 0.00 82.76 2.13 81.06 0.12 7.00 -8.50 7.79 -30.69
1684259246769316 80.00 0.00 0.00 0.00 82.31 -6.15 81.13 -0.76 -9.84 -46.12 5.50 -39.75
1684259246785900 80.00 0.00 0.00 0.00 82.65 -0.25 81.41 -0.15 -4.37 53.00 4.47 -25.08
1684259246808426 80.00 0.00 0.00 0.00 82.38 -4.97 81.60 -1.33 -12.34 -27.02 1.18 -26.33
1684259246826066 80.00 0.00 0.00 0.00 81.73 0.89 81.83 -1.62 -10.68 66.66 -1.80 -12.34
1684259246844635 80.00 0.00 0.00 0.00 81.26 -7.40 81.90 -2.65 -12.82 15.49 -3.89 -1.77
1684259246856897 80.00 0.00 0.00 0.00 82.23 -7.31 81.98 -3.37 -5.35 83.89 -5.19 16.12
1684259246869305 80.00 0.00 0.00 0.00 81.34 -6.22 82.08 -3.66 -6.20 58.62 -6.82 24.50
1684259246883121 80.00 0.00 0.00 0.00 82.52 -2.62 82.05 -4.25 -7.62 20.71 -8.65 28.15
1684259246902902 80.00 0.00 0.00 0.00 82.06 -9.64 82.02 -4.69 1.50 30.01 -7.23 37.67
1684259246915445 80.00 0.00 0.00 0.00 82.14 -8.48 81.96 -5.72 2.51 34.85 -6.38 35.40
1684259246933973 80.00 0.00 0.00 0.00 83.01 -9.55 82.03 -6.29 3.42 55.54 -4.41 45.72
1684259246952165 80.00 0.00 0.00 0.00 82.06 -9.64 82.08 -7.61 -4.29 31.46 -3.61 41.32
1684259246964285 80.00 0.00 0.00 0.00 81.48 -3.87 82.10 -7.17 -3.39 108.58 -2.43 52.96
1684259246984852 80.00 0.00 0.00 0.00 83.10 -8.39 82.21 -7.30 -1.35 -21.45 -1.93 39.79
1684259247000306 80.00 0.00 0.00 0.00 81.96 -10.80 82.29 -7.87 -7.03 8.73 -2.03 33.55
1684259247012317 80.00 0.00 0.00 0.00 82.91 -10.70 82.34 -8.88 -6.53 47.63 -1.90 36.92
1684259247029536 80.00 0.00 0.00 0.00 82.91 -10.70 82.45 -9.02 -2.83 58.72 -2.44 40.51
1684259247045039 80.00 0.00 0.00 0.00 81.96 -10.80 82.42 -9.31 -6.92 8.57 -3.61 37.22
1684259247061434 80.00 0.00 0.00 0.00 81.96 -10.80 82.29 -9.46 1.37 17.68 -3.87 32.49
1684259247077309 80.00 0.00 0.00 0.00 81.00 -10.89 82.16 -9.62 8.21 9.83 -2.31 29.78
1684259247093572 80.00 0.00 0.00 0.00 81.09 -9.73 82.11 -10.35 8.10 9.60 -0.87 17.41
1684259247109777 80.00 0.00 0.00 0.00 82.38 -4.97 82.02 -9.92 3.01 45.24 -0.33 25.75
1684259247129197 80.00 0.00 0.00 0.00 81.00 -10.89 81.90 -9.94 4.59 -22.02 1.13 21.91
1684259247141846 80.00 0.00 0.00 0.00 82.14 -8.48 81.81 -9.66 9.51 0.91 3.13 16.07
1684259247158494 80.00 0.00 0.00 0.00 82.14 -8.48 81.71 -9.38 5.78 -16.70 4.21 6.64
1684259247174365 80.00 0.00 0.00 0.00 81.18 -8.56 81.61 -9.10 6.07 -17.52 5.83 3.38
1684259247191559 80.00 0.00 0.00 0.00 82.14 -8.48 81.64 -8.81 5.72 -16.24 6.37 -0.86
1684259247207219 80.00 0.00 0.00 0.00 82.59 -1.43 81.83 -7.63 -1.43 -18.51 5.17 -4.40
1684259247223369 80.00 0.00 0.00 0.00 82.23 -7.31 81.98 -7.33 -12.28 -73.21 2.62 -14.76
1684259247239654 80.00 0.00 0.00 0.00 81.34 -6.22 81.84 -7.48 -8.71 -18.54 1.16 -22.73
1684259247256166 80.00 0.00 0.00 0.00 82.31 -6.15 82.01 -6.89 7.92 9.46 1.57 -18.79
1684259247272873 80.00 0.00 0.00 0.00 82.38 -4.97 82.04 -6.45 -9.76 -35.51 -0.84 -23.35
1684259247289121 80.00 0.00 0.00 0.00 82.52 -2.62 82.09 -5.72 -1.85 -26.99 -1.79 -24.63
1684259247304842 80.00 0.00 0.00 0.00 82.71 0.94 82.28 -4.53 -3.03 -46.63 -2.93 -28.27
1684259247320593 80.00 0.00 0.00 0.00 82.59 -1.43 82.33 -3.65 -12.15 -75.45 -5.16 -35.67
1684259247337879 80.00 0.00 0.00 0.00 81.67 -0.31 82.22 -3.51 -3.22 -50.96 -5.39 -39.73
1684259247353075 80.00 0.00 0.00 0.00 82.65 -0.25 82.27 -2.63 7.55 -9.27 -2.91 -31.74
1684259247370111 80.00 0.00 0.00 0.00 82.52 -2.62 82.42 -2.17 -3.10 -51.86 -2.21 -35.90
1684259247386482 80.00 0.00 0.00 0.00 81.61 -1.50 82.33 -1.59 -9.06 -27.54 -4.33 -40.52
1684259247402305 80.00 0.00 0.00 0.00 79.62 -1.61 81.99 -1.17 5.49 -36.73 -2.42 -40.68
1684259247421391 80.00 0.00 0.00 0.00 82.81 3.33 82.02 -0.43 18.10 -21.99 0.07 -40.05
1684259247436494 80.00 0.00 0.00 0.00 81.61 -1.50 81.89 -0.74 -2.38 -49.18 0.15 -40.37
1684259247450885 80.00 0.00 0.00 0.00 80.92 5.64 81.68 0.15 9.52 21.16 2.86 -28.30
1684259247469308 80.00 0.00 0.00 0.00 81.91 5.68 81.71 0.90 11.35 -47.99 4.68 -27.92
1684259247483404 80.00 0.00 0.00 0.00 82.59 -1.43 81.70 0.75 -2.16 -53.07 3.47 -33.40
1684259247499648 80.00 0.00 0.00 0.00 81.61 -1.50 81.59 0.89 0.47 9.13 3.92 -25.78
1684259247515766 80.00 0.00 0.00 0.00 82.59 -1.43 81.71 0.90 7.07 -8.69 5.93 -23.42
1684259247532407 80.00 0.00 0.00 0.00 82.59 -1.43 82.08 0.92 -7.34 -0.47 4.33 -18.89
1684259247548524 80.00 0.00 0.00 0.00 82.65 -0.25 82.06 0.47 -23.04 -1.41 -0.81 -16.32
1684259247566275 80.00 0.00 0.00 0.00 82.59 -1.43 82.18 0.48 1.14 25.16 -0.37 -7.02
1684259247581208 80.00 0.00 0.00 0.00 82.76 2.13 82.41 0.04 -8.18 -0.52 -2.59 -9.73
1684259247597214 80.00 0.00 0.00 0.00 83.55 -1.37 82.62 -0.84 -14.41 27.39 -5.81 -0.31
1684259247614320 80.00 0.00 0.00 0.00 83.55 -1.37 82.74 -0.83 -11.97 51.51 -7.03 12.76
1684259247630149 80.00 0.00 0.00 0.00 83.55 -1.37 82.98 -0.82 -7.61 -0.50 -8.04 11.56
1684259247646501 80.00 0.00 0.00 0.00 80.83 3.23 82.76 -0.23 -14.84 -0.96 -10.78 12.53
1684259247662510 80.00 0.00 0.00 0.00 83.55 -1.37 82.88 -0.22 13.72 -36.43 -8.15 8.03
1684259247679980 80.00 0.00 0.00 0.00 82.59 -1.43 82.87 -0.37 -6.90 -0.46 -6.13 8.15
1684259247695518 80.00 0.00 0.00 0.00 83.55 -1.37 82.99 -0.36 0.49 9.54 -6.21 6.20
1684259247712806 80.00 0.00 0.00 0.00 83.49 -2.55 83.08 -0.95 -6.97 -0.46 -6.06 6.20
1684259247727744 80.00 0.00 0.00 0.00 83.49 -2.55 83.08 -1.10 -6.07 39.17 -5.02 7.68
1684259247743665 80.00 0.00 0.00 0.00 83.49 -2.55 83.07 -1.24 0.52 9.26 -3.46 2.39
1684259247760969 80.00 0.00 0.00 0.00 83.49 -2.55 83.06 -1.39 0.48 8.52 -2.44 3.52
1684259247776789 80.00 0.00 0.00 0.00 83.42 -3.72 83.38 -2.26 0.53 9.32 -0.52 4.81
1684259247793081 80.00 0.00 0.00 0.00 83.49 -2.55 83.37 -2.41 -19.83 53.37 -4.72 16.03
1684259247808949 80.00 0.00 0.00 0.00 83.49 -2.55 83.49 -2.55 0.52 9.29 -3.79 17.25
1684259247825862 80.00 0.00 0.00 0.00 82.65 -0.25 83.37 -2.41 -6.63 8.24 -4.68 17.09
1684259247844976 80.00 0.00 0.00 0.00 84.79 4.61 83.54 -1.51 5.90 -7.34 -3.07 16.23
1684259247858182 80.00 0.00 0.00 0.00 84.44 -2.48 83.65 -1.50 -12.31 -67.80 -3.85 2.86
1684259247874171 80.00 0.00 0.00 0.00 84.44 -2.48 83.77 -1.50 -7.42 -0.54 -4.84 1.63
1684259247889922 80.00 0.00 0.00 0.00 83.55 -1.37 83.78 -1.35 -7.53 -0.55 -5.85 0.50
1684259247906564 80.00 0.00 0.00 0.00 83.42 -3.72 83.78 -1.35 -0.50 -8.86 -5.97 -1.77
1684259247922684 80.00 0.00 0.00 0.00 83.55 -1.37 83.79 -1.20 0.00 0.00 -3.50 -8.44
1684259247939213 80.00 0.00 0.00 0.00 84.50 -1.30 83.92 -1.04 -0.50 -8.92 -3.62 -10.72
1684259247954833 80.00 0.00 0.00 0.00 84.44 -2.48 84.14 -1.32 -8.14 -9.96 -3.81 -13.00
1684259247970892 80.00 0.00 0.00 0.00 83.78 3.38 84.01 -1.48 -13.90 17.37 -6.29 -9.91
1684259247987541 80.00 0.00 0.00 0.00 84.50 -1.30 84.02 -1.33 7.55 9.30 -3.81 -0.27
1684259248003335 80.00 0.00 0.00 0.00 83.78 3.38 83.94 -0.60 -0.54 -9.30 -2.95 -1.36
1684259248019523 80.00 0.00 0.00 0.00 81.83 3.28 83.72 -0.02 5.05 -45.21 -1.37 -6.95
1684259248035575 80.00 0.00 0.00 0.00 84.74 3.43 83.89 0.87 13.43 -36.19 0.37 -10.36
1684259248051907 80.00 0.00 0.00 0.00 85.44 -1.24 84.13 0.89 -10.12 -54.72 -0.90 -17.20
1684259248068113 80.00 0.00 0.00 0.00 84.50 -1.30 84.13 0.89 -14.57 -1.02 -2.65 -16.22
1684259248084811 80.00 0.00 0.00 0.00 83.87 5.76 84.06 1.92 0.00 0.00 -1.64 -14.97
