#Task Selector: 5
#PID Parameters: kp: 0.06, kd: 0.03, ki: 0.02
#n_pos: 8
#n_vel: 8
t x_ref y_ref vx_ref vy_ref x_raw y_raw x y vx_raw vy_raw vx vy
1684258153473470 0.00 0.00 0.00 0.00 13.22 13.98 1.65 1.75 0.00 0.00 0.00 0.00
1684258153473471 0.00 0.00 0.00 0.00 13.22 13.98 3.30 3.49 -93.29 -98.64 -11.66 -12.33
1684258153489590 0.00 0.00 0.00 0.00 13.22 15.22 4.96 5.40 -102.51 -108.39 -24.48 -25.88
1684258153508078 0.00 0.00 0.00 0.00 13.22 15.22 6.61 7.30 -89.37 -102.93 -35.65 -38.74
1684258153521875 0.00 0.00 0.00 0.00 11.97 13.98 8.11 9.05 -119.75 -137.92 -50.62 -55.98
1684258153538749 0.00 0.00 0.00 0.00 13.22 13.98 9.76 10.79 -88.69 -103.55 -61.70 -68.93
1684258153553666 0.00 0.00 0.00 0.00 13.22 13.98 11.41 12.54 -110.77 -117.12 -75.55 -83.57
1684258153571630 0.00 0.00 0.00 0.00 11.97 15.22 12.91 14.44 -91.99 -97.26 -87.05 -95.73
1684258153586832 0.00 0.00 0.00 0.00 13.22 13.98 12.91 14.44 -98.44 -125.18 -99.35 -111.37
1684258153603255 0.00 0.00 0.00 0.00 14.47 13.98 13.06 14.44 0.00 -0.00 -87.69 -99.04
1684258153619166 0.00 0.00 0.00 0.00 13.22 12.73 13.06 14.13 -9.80 0.01 -76.10 -85.49
1684258153636023 0.00 0.00 0.00 0.00 13.22 12.73 13.06 13.82 -0.02 18.48 -64.93 -70.32
1684258153652738 0.00 0.00 0.00 0.00 13.22 13.98 13.22 13.82 -0.02 18.63 -49.97 -50.75
1684258153676990 0.00 0.00 0.00 0.00 11.97 12.73 13.06 13.67 -6.43 0.01 -39.68 -37.80
1684258153689139 0.00 0.00 0.00 0.00 13.22 10.24 13.06 13.20 12.81 12.81 -24.23 -21.56
1684258153700986 0.00 0.00 0.00 0.00 10.73 8.99 12.91 12.42 -0.05 39.47 -12.74 -4.47
1684258153717350 0.00 0.00 0.00 0.00 10.73 8.99 12.60 11.80 9.47 47.60 0.75 17.13
1684258153732529 0.00 0.00 0.00 0.00 11.98 6.49 12.29 10.86 20.48 41.05 3.31 22.26
1684258153750158 0.00 0.00 0.00 0.00 9.49 6.50 11.82 10.08 17.61 53.07 6.73 28.89
1684258153765663 0.00 0.00 0.00 0.00 9.49 6.50 11.35 9.30 30.09 50.27 10.50 32.86
1684258153782251 0.00 0.00 0.00 0.00 7.00 5.25 10.58 8.21 28.12 46.99 14.01 36.41
1684258153800645 0.00 0.00 0.00 0.00 7.00 5.25 9.96 7.27 42.29 59.32 20.10 43.82
1684258153814117 0.00 0.00 0.00 0.00 7.00 2.74 9.18 6.34 46.18 69.45 24.27 50.90
1684258153831383 0.00 0.00 0.00 0.00 7.00 2.74 8.71 5.56 45.07 54.25 29.91 52.75
1684258153847249 0.00 0.00 0.00 0.00 5.75 1.49 8.09 4.62 29.41 49.23 32.41 52.95
1684258153862833 0.00 0.00 0.00 0.00 7.00 0.23 7.47 3.84 39.94 60.17 34.84 55.34
1684258153880364 0.00 0.00 0.00 0.00 5.75 -1.02 7.00 2.90 35.52 44.62 37.08 54.29
1684258153895540 0.00 0.00 0.00 0.00 7.00 -2.28 6.69 1.80 30.76 61.92 37.16 55.74
1684258153911627 0.00 0.00 0.00 0.00 5.75 -1.02 6.53 1.02 19.31 68.19 36.06 58.39
1684258153928885 0.00 0.00 0.00 0.00 7.00 -2.28 6.53 0.08 9.00 45.41 31.90 56.65
1684258153944682 0.00 0.00 0.00 0.00 7.00 -2.28 6.53 -0.55 -0.05 59.57 26.12 55.42
1684258153962199 0.00 0.00 0.00 0.00 7.00 -2.28 6.53 -1.18 -0.03 35.85 20.48 53.12
1684258153979341 0.00 0.00 0.00 0.00 8.25 -3.54 6.85 -1.81 -0.03 36.63 16.80 51.54
1684258153992790 0.00 0.00 0.00 0.00 9.51 -4.80 7.16 -2.44 -23.26 46.76 8.90 49.87
1684258154008913 0.00 0.00 0.00 0.00 9.51 -4.80 7.63 -2.91 -19.43 39.05 2.03 49.17
1684258154024981 0.00 0.00 0.00 0.00 9.51 -4.80 7.94 -3.23 -29.20 29.42 -5.46 45.11
1684258154040664 0.00 0.00 0.00 0.00 12.01 -3.55 8.72 -3.54 -19.96 20.11 -10.37 39.10
1684258154057109 0.00 0.00 0.00 0.00 12.01 -4.81 9.35 -3.86 -47.53 19.21 -17.44 35.83
1684258154074423 0.00 0.00 0.00 0.00 12.01 -6.07 9.98 -4.33 -36.14 18.26 -21.95 30.66
1684258154089616 0.00 0.00 0.00 0.00 13.26 -4.81 10.76 -4.65 -41.22 31.19 -27.10 30.08
1684258154106085 0.00 0.00 0.00 0.00 15.77 -4.82 11.70 -4.81 -47.50 19.22 -33.03 27.90
1684258154122686 0.00 0.00 0.00 0.00 15.77 -4.82 12.48 -4.81 -56.57 9.64 -37.19 23.26
1684258154141146 0.00 0.00 0.00 0.00 17.02 -4.83 13.42 -4.81 -42.39 0.12 -40.06 18.40
1684258154155137 0.00 0.00 0.00 0.00 18.28 -4.83 14.52 -4.82 -67.14 0.20 -44.80 14.74
1684258154170860 0.00 0.00 0.00 0.00 22.04 -4.85 15.77 -4.98 -69.71 0.22 -51.02 12.26
1684258154187153 0.00 0.00 0.00 0.00 18.28 -4.83 16.55 -4.98 -77.01 9.98 -54.71 11.10
1684258154203208 0.00 0.00 0.00 0.00 22.04 -4.85 17.81 -4.83 -48.79 0.17 -56.29 8.84
1684258154220617 0.00 0.00 0.00 0.00 22.04 -3.59 18.90 -4.68 -72.03 -8.77 -60.14 3.85
1684258154236465 0.00 0.00 0.00 0.00 23.30 -4.86 19.85 -4.68 -69.23 -9.66 -62.86 0.24
1684258154252999 0.00 0.00 0.00 0.00 23.29 -3.59 20.79 -4.53 -56.96 0.26 -62.91 -0.93
1684258154268712 0.00 0.00 0.00 0.00 24.56 -4.86 21.73 -4.53 -59.89 -9.76 -65.09 -2.17
1684258154284805 0.00 0.00 0.00 0.00 27.07 -3.61 22.83 -4.38 -58.55 0.28 -64.02 -2.16
1684258154300669 0.00 0.00 0.00 0.00 25.81 -3.61 23.30 -4.23 -69.31 -9.59 -63.97 -3.39
1684258154317327 0.00 0.00 0.00 0.00 25.81 -3.61 24.24 -4.07 -28.28 -9.31 -57.88 -5.80
1684258154333082 0.00 0.00 0.00 0.00 29.59 -3.63 25.19 -3.92 -59.79 -9.71 -59.25 -7.03
1684258154350965 0.00 0.00 0.00 0.00 29.59 -2.37 26.13 -3.77 -52.77 -8.54 -56.85 -7.00
1684258154366153 0.00 0.00 0.00 0.00 28.32 -1.10 26.76 -3.30 -62.13 -10.05 -55.96 -7.05
1684258154382108 0.00 0.00 0.00 0.00 29.57 0.15 27.54 -2.83 -39.31 -29.41 -53.75 -10.76
1684258154398611 0.00 0.00 0.00 0.00 30.84 -1.11 28.33 -2.36 -47.56 -28.37 -52.21 -13.09
1684258154415899 0.00 0.00 0.00 0.00 29.57 0.15 28.64 -1.89 -45.43 -27.09 -50.57 -16.51
1684258154430623 0.00 0.00 0.00 0.00 30.84 0.14 29.27 -1.42 -21.24 -31.96 -44.56 -19.30
1684258154447315 0.00 0.00 0.00 0.00 30.84 0.14 29.89 -0.95 -37.62 -28.10 -45.73 -21.65
1684258154464483 0.00 0.00 0.00 0.00 30.83 1.40 30.05 -0.32 -36.58 -27.32 -42.83 -23.85
1684258154479324 0.00 0.00 0.00 0.00 30.83 1.40 30.20 0.15 -10.41 -42.36 -37.53 -28.08
1684258154497165 0.00 0.00 0.00 0.00 30.83 1.40 30.52 0.46 -8.71 -26.41 -30.86 -30.13
1684258154512013 0.00 0.00 0.00 0.00 30.83 1.40 30.68 0.62 -21.13 -21.08 -28.58 -29.09
1684258154528832 0.00 0.00 0.00 0.00 30.82 2.66 30.67 1.09 -9.33 -9.30 -23.81 -26.70
1684258154544854 0.00 0.00 0.00 0.00 30.84 0.14 30.83 1.09 0.15 -29.45 -18.11 -27.00
1684258154561407 0.00 0.00 0.00 0.00 30.83 1.40 30.83 1.24 -9.53 0.05 -16.65 -23.00
1684258154577408 0.00 0.00 0.00 0.00 32.09 2.65 30.99 1.56 0.05 -9.83 -11.94 -20.71
1684258154595165 0.00 0.00 0.00 0.00 30.83 1.40 30.99 1.56 -8.80 -17.67 -8.46 -19.51
1684258154609857 0.00 0.00 0.00 0.00 29.57 1.41 30.83 1.56 0.00 0.00 -7.16 -14.21
1684258154626806 0.00 0.00 0.00 0.00 27.05 1.42 30.36 1.56 9.31 -0.05 -4.91 -10.92
1684258154642355 0.00 0.00 0.00 0.00 28.31 1.41 30.04 1.56 30.42 -0.15 1.53 -8.30
1684258154659055 0.00 0.00 0.00 0.00 24.49 10.21 29.25 2.51 18.89 -0.09 5.06 -7.15
1684258154674706 0.00 0.00 0.00 0.00 27.04 2.68 28.77 2.82 50.56 -60.30 11.36 -11.01
1684258154690840 0.00 0.00 0.00 0.00 29.57 1.41 28.62 2.82 29.41 -19.63 16.23 -13.47
1684258154709812 0.00 0.00 0.00 0.00 25.79 1.43 27.83 2.67 8.32 -0.04 17.26 -12.24
1684258154724121 0.00 0.00 0.00 0.00 24.53 1.43 27.04 2.68 55.04 10.71 25.24 -8.69
1684258154741383 0.00 0.00 0.00 0.00 25.79 1.43 26.57 2.68 45.64 -0.23 30.95 -8.72
1684258154755709 0.00 0.00 0.00 0.00 23.27 1.44 26.10 2.68 32.99 -0.17 33.91 -8.74
1684258154772339 0.00 0.00 0.00 0.00 23.27 1.44 25.47 2.68 28.38 -0.14 33.65 -8.74
1684258154788469 0.00 0.00 0.00 0.00 23.27 1.44 25.31 1.59 39.03 -0.19 36.17 -8.75
1684258154804694 0.00 0.00 0.00 0.00 24.53 0.18 25.00 1.27 9.42 67.57 31.03 7.23
1684258154821120 0.00 0.00 0.00 0.00 23.28 0.18 24.21 1.12 19.07 19.04 29.73 12.07
1684258154837621 0.00 0.00 0.00 0.00 25.79 1.43 24.21 1.12 47.66 9.29 34.65 13.23
1684258154853894 0.00 0.00 0.00 0.00 22.02 0.19 23.90 0.97 0.00 0.00 27.77 11.90
1684258154870536 0.00 0.00 0.00 0.00 23.27 1.44 23.59 0.97 18.84 9.35 24.42 13.09
1684258154887692 0.00 0.00 0.00 0.00 20.76 0.19 23.27 0.81 18.33 -0.09 22.59 13.10
1684258154902723 0.00 0.00 0.00 0.00 22.02 0.19 23.12 0.65 20.85 10.36 21.65 14.41
1684258154918511 0.00 0.00 0.00 0.00 20.79 -6.10 22.81 -0.29 9.90 9.91 18.01 15.68
1684258154936241 0.00 0.00 0.00 0.00 22.02 0.19 22.49 -0.29 17.46 53.19 19.01 13.88
1684258154951401 0.00 0.00 0.00 0.00 20.77 -1.06 22.18 -0.44 20.73 -0.10 19.22 11.49
1684258154968941 0.00 0.00 0.00 0.00 22.02 -1.07 21.71 -0.75 17.87 8.88 15.50 11.44
1684258154983644 0.00 0.00 0.00 0.00 20.76 0.19 21.55 -0.75 31.97 21.23 19.49 14.09
1684258155000108 0.00 0.00 0.00 0.00 20.76 0.19 21.24 -0.91 9.53 -0.04 18.33 12.92
1684258155015682 0.00 0.00 0.00 0.00 19.51 0.20 21.08 -0.91 20.12 10.00 18.55 14.18
1684258155031237 0.00 0.00 0.00 0.00 20.77 -1.06 20.93 -1.07 10.08 -0.04 17.21 12.88
1684258155047541 0.00 0.00 0.00 0.00 23.28 0.18 21.24 -0.28 9.58 9.60 17.17 12.84
1684258155070354 0.00 0.00 0.00 0.00 22.02 0.19 21.24 -0.28 -13.60 -34.45 13.29 1.88
1684258155082173 0.00 0.00 0.00 0.00 20.76 0.19 21.24 -0.12 -0.00 0.00 10.69 1.90
1684258155098000 0.00 0.00 0.00 0.00 22.02 -1.07 21.24 -0.12 0.05 -9.93 8.47 -0.46
1684258155113477 0.00 0.00 0.00 0.00 20.77 -1.06 21.24 -0.28 0.00 0.00 4.47 -3.11
1684258155128990 0.00 0.00 0.00 0.00 22.02 0.19 21.39 -0.28 -0.05 10.13 3.27 -1.84
1684258155146724 0.00 0.00 0.00 0.00 22.02 0.19 21.71 -0.28 -8.85 0.04 -0.35 -3.08
1684258155162964 0.00 0.00 0.00 0.00 22.02 0.19 21.86 -0.13 -19.32 0.09 -4.02 -3.07
1684258155178151 0.00 0.00 0.00 0.00 22.02 0.19 21.71 -0.12 -10.29 -10.30 -6.51 -5.55
1684258155194385 0.00 0.00 0.00 0.00 23.28 0.18 21.86 -0.13 9.68 -0.05 -3.60 -1.25
1684258155211430 0.00 0.00 0.00 0.00 23.28 0.18 22.18 -0.13 -9.22 0.04 -4.75 -1.25
1684258155227870 0.00 0.00 0.00 0.00 23.28 0.18 22.33 0.03 -19.10 0.09 -7.14 0.01
1684258155242844 0.00 0.00 0.00 0.00 23.28 0.18 22.65 0.19 -10.44 -10.45 -8.45 -1.30
1684258155262746 0.00 0.00 0.00 0.00 23.28 0.18 22.80 0.18 -15.75 -7.83 -10.41 -3.55
1684258155274988 0.00 0.00 0.00 0.00 22.02 0.19 22.80 0.18 -12.83 0.06 -10.91 -3.54
1684258155291983 0.00 0.00 0.00 0.00 23.28 0.18 22.96 0.18 0.00 0.00 -8.49 -3.55
1684258155308194 0.00 0.00 0.00 0.00 23.28 0.18 23.12 0.18 -9.69 0.05 -8.42 -2.26
1684258155324108 0.00 0.00 0.00 0.00 23.28 0.18 23.12 0.18 -9.87 0.05 -10.86 -2.25
1684258155340289 0.00 0.00 0.00 0.00 23.27 1.44 23.12 0.34 0.00 0.00 -9.71 -2.25
1684258155356323 0.00 0.00 0.00 0.00 23.28 0.18 23.12 0.34 0.05 -9.80 -7.32 -3.49
1684258155373191 0.00 0.00 0.00 0.00 23.28 -1.08 23.12 0.18 0.00 0.00 -6.01 -2.18
1684258155390170 0.00 0.00 0.00 0.00 23.30 -4.86 23.12 -0.45 -0.05 9.26 -4.05 -0.05
1684258155405051 0.00 0.00 0.00 0.00 23.28 -1.08 23.28 -0.60 -0.21 42.32 -2.47 5.23
1684258155423049 0.00 0.00 0.00 0.00 23.28 -1.08 23.28 -0.76 -8.77 8.78 -3.57 6.33
1684258155440258 0.00 0.00 0.00 0.00 23.28 -1.08 23.28 -0.92 -0.05 9.14 -2.36 7.47
1684258155454799 0.00 0.00 0.00 0.00 24.54 -1.08 23.44 -1.08 -0.05 10.82 -1.14 8.81
1684258155471352 0.00 0.00 0.00 0.00 23.28 0.18 23.44 -1.23 -9.55 9.55 -2.33 10.01
1684258155487234 0.00 0.00 0.00 0.00 23.28 -1.08 23.44 -1.39 -0.05 9.89 -2.34 12.47
1684258155504805 0.00 0.00 0.00 0.00 23.28 -1.08 23.44 -1.39 -0.04 8.95 -2.35 13.59
1684258155519373 0.00 0.00 0.00 0.00 24.53 0.18 23.59 -0.76 0.00 0.00 -2.34 12.43
1684258155536937 0.00 0.00 0.00 0.00 23.28 -1.08 23.59 -0.76 -8.77 -35.81 -3.41 2.66
1684258155551345 0.00 0.00 0.00 0.00 23.28 -1.08 23.59 -0.76 0.00 0.00 -2.31 1.57
1684258155570486 0.00 0.00 0.00 0.00 22.02 -1.07 23.44 -0.76 -0.00 0.00 -2.31 0.42
1684258155585024 0.00 0.00 0.00 0.00 22.02 -1.07 23.12 -0.76 10.81 -0.05 -0.95 -0.93
1684258155600229 0.00 0.00 0.00 0.00 22.02 -1.07 22.97 -0.92 20.67 -0.10 2.83 -2.14
1684258155617324 0.00 0.00 0.00 0.00 23.28 -1.08 22.97 -0.92 9.15 9.15 3.98 -2.23
1684258155635380 0.00 0.00 0.00 0.00 20.77 -1.06 22.65 -0.92 0.00 0.00 3.98 -3.35
1684258155649507 0.00 0.00 0.00 0.00 22.02 0.19 22.34 -0.91 22.24 -0.11 6.76 -3.37
1684258155665180 0.00 0.00 0.00 0.00 20.76 0.19 22.02 -0.75 20.05 -0.10 10.37 1.10
1684258155681751 0.00 0.00 0.00 0.00 20.76 0.19 21.71 -0.60 19.00 -9.58 12.74 -0.10
1684258155699882 0.00 0.00 0.00 0.00 19.51 -1.06 21.39 -0.59 17.37 -8.75 14.91 -1.19
1684258155715913 0.00 0.00 0.00 0.00 19.51 0.20 21.08 -0.44 19.58 -0.09 16.01 -1.20
1684258155731011 0.00 0.00 0.00 0.00 20.76 0.19 20.92 -0.28 20.84 -10.51 16.03 -2.50
1684258155746669 0.00 0.00 0.00 0.00 19.51 0.20 20.45 -0.12 10.07 -10.09 16.14 -4.90
1684258155764220 0.00 0.00 0.00 0.00 19.51 0.20 20.29 0.04 26.88 -9.08 19.50 -6.04
1684258155780270 0.00 0.00 0.00 0.00 19.51 0.20 19.98 0.04 9.82 -9.84 17.95 -7.26
1684258155800396 0.00 0.00 0.00 0.00 18.25 0.21 19.67 0.04 15.59 -0.07 17.39 -7.25
1684258155812661 0.00 0.00 0.00 0.00 18.25 0.21 19.35 0.04 25.57 -0.11 18.21 -6.07
1684258155830384 0.00 0.00 0.00 0.00 19.51 0.20 19.35 0.20 17.69 -0.08 18.26 -4.98
1684258155844446 0.00 0.00 0.00 0.00 19.50 1.46 19.35 0.36 0.05 -11.18 15.81 -6.37
1684258155861014 0.00 0.00 0.00 0.00 19.50 1.46 19.19 0.52 0.04 -9.48 13.21 -6.24
1684258155877785 0.00 0.00 0.00 0.00 20.76 1.45 19.35 0.67 9.39 -9.41 13.13 -6.16
1684258155893488 0.00 0.00 0.00 0.00 20.76 0.19 19.51 0.67 -9.94 -9.96 8.53 -6.27
1684258155910607 0.00 0.00 0.00 0.00 19.50 1.46 19.51 0.83 -9.16 0.04 6.15 -5.03
1684258155927475 0.00 0.00 0.00 0.00 19.50 1.46 19.66 0.98 0.04 -9.31 4.21 -6.19
1684258155943072 0.00 0.00 0.00 0.00 17.00 1.47 19.50 1.14 -10.01 -10.03 -0.24 -7.43
1684258155958759 0.00 0.00 0.00 0.00 22.01 2.70 19.82 1.45 10.02 -10.05 -1.20 -8.67
1684258155974937 0.00 0.00 0.00 0.00 19.50 1.46 19.82 1.45 -19.31 -19.33 -3.62 -9.69
1684258155991628 0.00 0.00 0.00 0.00 22.01 1.45 20.13 1.45 -0.00 0.00 -3.62 -8.51
1684258156005903 0.00 0.00 0.00 0.00 20.76 1.45 20.13 1.45 -21.98 0.10 -7.54 -7.32
1684258156022488 0.00 0.00 0.00 0.00 18.24 2.72 19.82 1.77 0.00 0.00 -6.30 -6.07
1684258156041145 0.00 0.00 0.00 0.00 19.50 2.71 19.82 1.93 16.87 -16.90 -3.05 -8.19
1684258156054839 0.00 0.00 0.00 0.00 18.24 2.72 19.66 2.08 0.05 -11.46 -3.04 -8.46
1684258156070945 0.00 0.00 0.00 0.00 18.24 2.72 19.81 2.24 9.77 -9.78 -0.57 -8.43
1684258156087499 0.00 0.00 0.00 0.00 22.01 2.70 19.81 2.24 -9.42 -9.44 -3.00 -8.35
1684258156103349 0.00 0.00 0.00 0.00 20.75 2.71 19.97 2.40 0.00 0.00 -0.59 -5.94
1684258156120009 0.00 0.00 0.00 0.00 20.76 1.45 19.81 2.40 -9.37 -9.38 -1.76 -7.11
1684258156135995 0.00 0.00 0.00 0.00 20.76 1.45 19.81 2.40 9.82 -0.04 2.21 -7.13
1684258156152012 0.00 0.00 0.00 0.00 20.76 1.45 20.13 2.24 0.00 0.00 2.21 -7.13
1684258156168032 0.00 0.00 0.00 0.00 20.76 1.45 20.28 2.08 -19.61 9.87 -2.35 -3.78
1684258156184971 0.00 0.00 0.00 0.00 20.75 2.71 20.60 2.08 -9.30 9.30 -3.51 -1.18
1684258156201494 0.00 0.00 0.00 0.00 20.76 1.45 20.91 1.92 -18.97 0.08 -7.11 0.05
1684258156217054 0.00 0.00 0.00 0.00 22.01 2.70 20.91 1.92 -20.19 10.17 -8.45 2.50
1684258156233112 0.00 0.00 0.00 0.00 20.75 2.71 20.91 1.92 0.00 0.00 -8.45 2.50
1684258156249795 0.00 0.00 0.00 0.00 22.01 1.45 21.07 1.92 0.00 0.00 -7.28 3.67
1684258156267300 0.00 0.00 0.00 0.00 22.01 1.45 21.23 1.92 -8.97 0.04 -9.63 3.68
1684258156282145 0.00 0.00 0.00 0.00 22.01 1.45 21.38 1.92 -10.57 0.05 -10.95 3.69
1684258156298227 0.00 0.00 0.00 0.00 22.01 1.45 21.54 1.92 -9.76 0.04 -9.72 2.46
1684258156318697 0.00 0.00 0.00 0.00 20.76 1.45 21.54 1.76 -7.67 0.03 -9.52 1.30
1684258156330866 0.00 0.00 0.00 0.00 22.01 2.70 21.70 1.92 -0.05 12.90 -7.15 2.90
1684258156347267 0.00 0.00 0.00 0.00 20.75 2.71 21.54 1.92 -9.53 -9.53 -5.82 0.44
1684258156364078 0.00 0.00 0.00 0.00 20.75 2.71 21.54 1.92 9.33 -0.04 -4.65 0.44
1684258156379720 0.00 0.00 0.00 0.00 22.01 1.45 21.54 1.92 0.00 0.00 -4.65 0.44
1684258156396056 0.00 0.00 0.00 0.00 22.01 1.45 21.54 1.92 0.00 0.00 -3.53 0.43
1684258156412542 0.00 0.00 0.00 0.00 22.01 1.45 21.54 1.92 0.00 0.00 -2.21 0.43
1684258156429433 0.00 0.00 0.00 0.00 22.01 1.45 21.54 1.92 0.00 0.00 -0.99 0.42
1684258156454183 0.00 0.00 0.00 0.00 20.75 2.71 21.54 2.08 0.00 0.00 -0.03 0.42
1684258156467438 0.00 0.00 0.00 0.00 22.01 2.70 21.54 2.08 0.05 -11.84 -0.02 -2.68
1684258156479656 0.00 0.00 0.00 0.00 22.01 2.70 21.70 2.07 -0.00 0.00 1.17 -1.49
1684258156493887 0.00 0.00 0.00 0.00 22.01 1.45 21.85 1.92 -11.03 0.05 -1.37 -1.47
1684258156509701 0.00 0.00 0.00 0.00 20.75 2.71 21.70 2.07 -9.97 9.97 -2.62 -0.23
1684258156527409 0.00 0.00 0.00 0.00 22.01 1.45 21.70 2.07 8.90 -8.90 -1.51 -1.34
1684258156543909 0.00 0.00 0.00 0.00 22.01 1.45 21.70 2.07 0.00 0.00 -1.51 -1.34
1684258156558565 0.00 0.00 0.00 0.00 20.75 3.96 21.54 2.39 0.00 0.00 -1.51 -1.34
1684258156575284 0.00 0.00 0.00 0.00 20.75 2.71 21.54 2.39 9.47 -18.81 -0.32 -3.69
1684258156596410 0.00 0.00 0.00 0.00 20.75 3.96 21.38 2.55 0.00 0.00 -0.33 -2.21
1684258156608780 0.00 0.00 0.00 0.00 18.24 2.72 20.91 2.55 12.74 -12.73 1.26 -3.80
1684258156623950 0.00 0.00 0.00 0.00 18.25 1.46 20.44 2.55 31.01 -0.13 6.52 -3.83
1684258156641089 0.00 0.00 0.00 0.00 20.75 3.96 20.44 2.71 27.45 -0.12 11.20 -5.09
1684258156656151 0.00 0.00 0.00 0.00 22.00 3.96 20.44 3.02 0.04 -10.41 10.09 -5.27
1684258156671766 0.00 0.00 0.00 0.00 19.49 3.97 20.12 3.34 0.09 -20.10 10.10 -7.79
1684258156691916 0.00 0.00 0.00 0.00 19.50 2.71 19.97 3.18 15.63 -15.64 12.05 -9.74
1684258156706003 0.00 0.00 0.00 0.00 20.75 2.71 19.97 3.18 11.08 11.09 12.26 -6.00
1684258156721396 0.00 0.00 0.00 0.00 18.24 2.72 19.65 3.02 0.00 0.00 12.26 -6.00
1684258156737501 0.00 0.00 0.00 0.00 19.50 2.71 19.81 3.02 19.42 9.66 13.09 -3.21
1684258156756088 0.00 0.00 0.00 0.00 19.50 2.71 19.97 3.18 -8.43 0.03 8.16 -3.19
1684258156775474 0.00 0.00 0.00 0.00 18.24 2.72 19.65 3.02 -8.05 -8.06 3.72 -4.18
1684258156787509 0.00 0.00 0.00 0.00 18.24 2.72 19.18 2.87 25.99 12.93 6.97 -1.26
1684258156802844 0.00 0.00 0.00 0.00 20.75 3.96 19.34 2.87 30.63 10.11 10.79 2.51
1684258156818678 0.00 0.00 0.00 0.00 19.50 2.71 19.34 2.87 -9.90 0.04 7.59 4.47
1684258156834680 0.00 0.00 0.00 0.00 18.24 3.97 19.03 3.03 -0.00 0.00 6.21 3.09
1684258156851441 0.00 0.00 0.00 0.00 18.24 3.97 19.03 3.18 18.74 -9.43 8.55 1.91
1684258156867745 0.00 0.00 0.00 0.00 18.24 3.97 18.87 3.34 0.03 -9.62 6.13 -0.50
1684258156884604 0.00 0.00 0.00 0.00 19.49 3.97 18.87 3.50 9.33 -9.33 8.35 -1.67
1684258156899738 0.00 0.00 0.00 0.00 16.99 2.72 18.71 3.50 0.04 -10.36 9.36 -1.96
1684258156916658 0.00 0.00 0.00 0.00 18.24 2.72 18.71 3.50 9.25 -0.03 7.27 -3.58
1684258156932972 0.00 0.00 0.00 0.00 18.24 2.72 18.40 3.34 -0.00 0.00 3.44 -4.84
1684258156948729 0.00 0.00 0.00 0.00 18.24 3.97 18.24 3.50 19.85 9.87 7.16 -3.61
1684258156964940 0.00 0.00 0.00 0.00 19.49 3.97 18.40 3.50 9.70 -9.71 8.37 -4.83
1684258156982203 0.00 0.00 0.00 0.00 18.24 3.97 18.40 3.50 -9.07 0.03 4.89 -3.64
1684258156997125 0.00 0.00 0.00 0.00 19.52 -2.32 18.56 2.71 0.00 0.00 4.89 -2.44
1684258157013541 0.00 0.00 0.00 0.00 18.24 3.97 18.40 2.71 -9.74 47.87 2.50 4.71
1684258157028990 0.00 0.00 0.00 0.00 18.24 2.72 18.56 2.71 10.14 -0.04 3.77 6.00
1684258157046817 0.00 0.00 0.00 0.00 19.47 11.47 18.71 3.81 -8.78 0.03 1.51 6.01
1684258157061577 0.00 0.00 0.00 0.00 18.24 3.97 18.71 3.97 -10.38 -74.16 0.21 -3.26
1684258157078644 0.00 0.00 0.00 0.00 19.49 3.97 18.87 3.96 0.03 -9.19 -2.26 -5.64
1684258157094455 0.00 0.00 0.00 0.00 19.49 3.97 18.87 3.96 -9.91 0.04 -4.71 -4.43
1684258157110271 0.00 0.00 0.00 0.00 19.49 3.97 19.02 3.96 0.00 0.00 -3.58 -4.43
1684258157126577 0.00 0.00 0.00 0.00 19.49 3.97 19.02 4.75 -9.61 0.04 -4.78 -4.43
1684258157143247 0.00 0.00 0.00 0.00 22.00 3.96 19.49 4.75 0.20 -47.11 -3.54 -16.30
1684258157159237 0.00 0.00 0.00 0.00 20.75 3.96 19.80 4.90 -29.41 0.11 -8.48 -16.28
1684258157175332 0.00 0.00 0.00 0.00 22.00 3.96 20.12 3.96 -19.44 -9.67 -9.81 -17.49
1684258157191904 0.00 0.00 0.00 0.00 18.24 3.97 20.12 3.96 -19.10 56.70 -10.90 -1.14
1684258157208287 0.00 0.00 0.00 0.00 22.00 3.96 20.43 3.96 -0.00 0.00 -10.91 0.01
1684258157224141 0.00 0.00 0.00 0.00 18.24 3.97 20.28 3.96 -19.78 0.08 -12.14 0.02
1684258157240018 0.00 0.00 0.00 0.00 23.26 3.95 20.75 3.96 9.87 -0.04 -10.91 0.01
1684258157260279 0.00 0.00 0.00 0.00 22.00 3.96 21.06 3.96 -23.23 0.09 -12.61 0.02
1684258157273870 0.00 0.00 0.00 0.00 20.75 3.96 20.90 3.96 -23.08 0.09 -15.52 5.92
1684258157290290 0.00 0.00 0.00 0.00 18.24 3.97 20.59 3.96 9.56 -0.04 -10.65 5.90
1684258157305288 0.00 0.00 0.00 0.00 18.24 3.97 20.12 3.96 20.90 -0.08 -5.61 7.10
1684258157321688 0.00 0.00 0.00 0.00 20.75 3.96 20.43 3.96 28.67 -0.11 0.36 0.00
1684258157338489 0.00 0.00 0.00 0.00 22.00 5.21 20.43 4.12 -18.65 0.07 -1.97 0.01
1684258157354484 0.00 0.00 0.00 0.00 22.00 3.96 20.90 4.12 0.04 -9.80 0.51 -1.23
1684258157370223 0.00 0.00 0.00 0.00 20.74 5.21 20.59 4.28 -29.88 0.12 -4.46 -1.21
1684258157387065 0.00 0.00 0.00 0.00 19.48 6.47 20.27 4.59 18.67 -9.38 0.78 -2.39
1684258157406499 0.00 0.00 0.00 0.00 20.72 11.47 20.27 5.53 16.20 -16.18 5.69 -4.43
1684258157420400 0.00 0.00 0.00 0.00 22.00 5.21 20.74 5.68 0.22 -67.52 4.52 -12.86
1684258157435443 0.00 0.00 0.00 0.00 20.75 3.96 21.05 5.68 -31.22 -10.30 -1.99 -14.14
1684258157451941 0.00 0.00 0.00 0.00 20.75 3.96 21.05 5.68 -19.00 0.07 -7.95 -14.12
1684258157467925 0.00 0.00 0.00 0.00 18.24 3.97 20.59 5.53 0.00 0.00 -5.62 -14.12
1684258157484456 0.00 0.00 0.00 0.00 20.75 3.96 20.43 5.53 28.41 9.37 -2.07 -11.73
1684258157500625 0.00 0.00 0.00 0.00 18.24 3.97 20.12 5.37 9.70 -0.04 2.87 -11.75
1684258157519366 0.00 0.00 0.00 0.00 18.24 3.97 19.96 5.06 16.69 8.30 2.62 -9.54
1684258157533010 0.00 0.00 0.00 0.00 20.75 3.96 19.96 4.12 11.40 22.91 2.03 -4.65
1684258157549770 0.00 0.00 0.00 0.00 19.49 3.97 19.65 3.97 -0.18 56.00 1.98 10.79
1684258157565691 0.00 0.00 0.00 0.00 20.75 3.96 19.65 3.97 19.66 9.77 8.34 13.30
1684258157582309 0.00 0.00 0.00 0.00 15.74 2.73 19.02 3.81 0.00 0.00 10.71 13.29
1684258157598669 0.00 0.00 0.00 0.00 16.99 3.97 18.87 3.81 38.25 9.44 15.49 14.47
1684258157615103 0.00 0.00 0.00 0.00 15.74 3.98 18.24 3.81 9.52 -0.03 13.13 13.29
1684258157632897 0.00 0.00 0.00 0.00 15.74 3.98 17.93 3.81 35.20 -0.12 16.32 13.28
1684258157647543 0.00 0.00 0.00 0.00 15.74 3.98 17.62 3.82 21.37 -0.07 16.90 12.24
1684258157663336 0.00 0.00 0.00 0.00 15.74 3.98 16.99 3.82 19.81 -0.07 17.95 9.36
1684258157680294 0.00 0.00 0.00 0.00 16.99 3.97 16.68 3.82 36.93 -0.13 22.59 2.35
1684258157695546 0.00 0.00 0.00 0.00 15.74 3.98 16.05 3.82 20.53 -0.07 22.70 1.12
1684258157711802 0.00 0.00 0.00 0.00 15.74 3.98 16.05 3.98 38.53 -0.14 27.52 1.10
1684258157728016 0.00 0.00 0.00 0.00 15.74 2.73 15.89 3.82 0.03 -9.67 22.74 -1.29
1684258157747728 0.00 0.00 0.00 0.00 14.49 3.98 15.74 3.82 7.91 7.93 22.54 -0.29
1684258157761130 0.00 0.00 0.00 0.00 14.49 2.73 15.58 3.67 11.66 -0.03 19.60 -0.28
1684258157776358 0.00 0.00 0.00 0.00 13.24 2.73 15.27 3.51 10.23 10.26 18.21 1.01
1684258157795488 0.00 0.00 0.00 0.00 14.49 2.73 15.11 3.35 16.31 8.14 17.77 2.04
1684258157809092 0.00 0.00 0.00 0.00 14.49 3.98 14.80 3.35 11.46 11.48 14.58 3.49
1684258157827345 0.00 0.00 0.00 0.00 13.24 3.99 14.49 3.36 17.13 -0.05 14.16 3.49
1684258157841752 0.00 0.00 0.00 0.00 13.24 3.99 14.18 3.36 21.69 -0.06 12.05 3.50
1684258157860935 0.00 0.00 0.00 0.00 13.24 2.73 13.86 3.36 16.29 -0.04 14.09 4.70
1684258157875473 0.00 0.00 0.00 0.00 13.24 3.99 13.71 3.36 21.50 -0.06 15.78 3.70
1684258157891742 0.00 0.00 0.00 0.00 13.24 2.73 13.55 3.36 9.60 -0.02 15.53 3.71
1684258157907239 0.00 0.00 0.00 0.00 13.24 2.73 13.55 3.36 10.08 -0.03 15.51 2.42
1684258157923749 0.00 0.00 0.00 0.00 13.24 2.73 13.39 3.36 0.00 0.00 13.47 1.40
1684258157939486 0.00 0.00 0.00 0.00 13.24 2.73 13.24 3.20 9.93 -0.03 13.28 -0.04
1684258157956168 0.00 0.00 0.00 0.00 11.99 1.48 13.08 2.89 9.34 9.37 12.30 1.14
1684258157971783 0.00 0.00 0.00 0.00 13.24 2.73 13.08 2.73 9.95 20.05 10.84 3.65
1684258157988563 0.00 0.00 0.00 0.00 13.24 2.73 13.08 2.73 -0.02 9.34 8.80 4.83
1684258158004295 0.00 0.00 0.00 0.00 13.24 2.73 13.08 2.58 0.00 0.00 6.11 4.83
1684258158019713 0.00 0.00 0.00 0.00 14.49 2.73 13.24 2.58 -0.03 10.16 4.91 6.11
1684258158036143 0.00 0.00 0.00 0.00 13.24 2.73 13.24 2.58 -9.51 0.03 2.46 6.11
1684258158052704 0.00 0.00 0.00 0.00 14.49 2.73 13.40 2.58 0.00 0.00 2.46 6.11
1684258158069636 0.00 0.00 0.00 0.00 13.24 1.48 13.40 2.42 -9.23 0.03 0.06 6.12
1684258158086673 0.00 0.00 0.00 0.00 13.24 2.73 13.55 2.57 -0.02 9.20 -1.11 6.10
1684258158101526 0.00 0.00 0.00 0.00 13.24 1.48 13.55 2.42 -10.49 -10.53 -3.66 2.28
1684258158117409 0.00 0.00 0.00 0.00 13.24 1.48 13.55 2.26 -0.03 9.87 -3.66 2.34
1684258158133424 0.00 0.00 0.00 0.00 13.23 5.24 13.55 2.57 -0.03 9.79 -3.67 3.57
1684258158150772 0.00 0.00 0.00 0.00 10.74 5.24 13.08 2.89 0.04 -18.05 -3.66 0.04
1684258158165558 0.00 0.00 0.00 0.00 13.24 2.73 13.08 2.89 31.73 -21.25 1.50 -2.62
1684258158182634 0.00 0.00 0.00 0.00 13.24 1.48 12.93 2.73 0.00 0.00 1.50 -2.62
1684258158198593 0.00 0.00 0.00 0.00 11.99 2.74 12.77 2.89 9.76 9.80 3.87 -1.40
1684258158220395 0.00 0.00 0.00 0.00 12.02 -7.33 12.62 1.63 7.18 -7.21 4.77 -3.45
1684258158232823 0.00 0.00 0.00 0.00 13.24 3.99 12.62 1.94 12.31 101.25 7.62 10.52
1684258158247462 0.00 0.00 0.00 0.00 10.74 1.48 12.31 1.95 0.06 -21.41 7.63 6.61
1684258158265245 0.00 0.00 0.00 0.00 10.74 1.48 11.99 1.48 17.56 -0.04 9.83 5.38
1684258158280664 0.00 0.00 0.00 0.00 10.74 1.48 12.00 1.01 20.18 30.43 12.35 11.45
1684258158296654 0.00 0.00 0.00 0.00 10.74 1.48 11.68 0.85 -0.05 29.39 8.37 17.78
1684258158312012 0.00 0.00 0.00 0.00 10.74 1.48 11.37 0.85 20.31 10.16 10.91 19.05
1684258158328493 0.00 0.00 0.00 0.00 10.75 0.23 11.22 0.54 18.95 -0.04 12.06 17.82
1684258158349052 0.00 0.00 0.00 0.00 9.50 0.23 10.90 1.48 7.56 15.24 12.11 20.62
1684258158361556 0.00 0.00 0.00 0.00 8.25 0.23 10.28 1.01 25.18 -75.62 13.72 -1.49
1684258158377732 0.00 0.00 0.00 0.00 12.00 0.23 10.43 0.86 38.54 29.00 18.53 4.81
1684258158394632 0.00 0.00 0.00 0.00 9.50 0.23 10.28 0.70 -9.26 9.31 15.18 5.98
1684258158409677 0.00 0.00 0.00 0.00 9.50 0.23 10.12 0.54 10.36 10.41 13.95 3.48
1684258158426874 0.00 0.00 0.00 0.00 9.50 0.23 9.97 0.39 9.06 9.11 15.09 0.95
1684258158457980 80.00 0.00 0.00 0.00 9.50 1.49 9.81 0.39 5.01 5.04 13.17 0.30
1684258158471135 80.00 0.00 0.00 0.00 8.26 -7.33 9.50 -0.56 11.87 -0.02 12.29 0.31
1684258158483086 80.00 0.00 0.00 0.00 7.00 -1.02 9.19 -0.71 26.01 79.01 14.59 8.28
1684258158495088 80.00 0.00 0.00 0.00 5.75 -1.02 8.88 -0.87 25.99 13.05 14.70 19.36
1684258158507633 80.00 0.00 0.00 0.00 7.00 -1.02 8.25 -1.03 24.87 12.50 12.99 17.30
1684258158524170 80.00 0.00 0.00 0.00 9.50 -2.28 8.25 -1.34 37.75 9.43 18.86 17.32
1684258158540128 80.00 0.00 0.00 0.00 9.50 -1.03 8.25 -1.50 -0.03 19.70 17.57 18.48
1684258158557879 80.00 0.00 0.00 0.00 7.00 -1.02 7.94 -1.65 -0.02 8.85 16.43 18.44
1684258158572311 80.00 0.00 0.00 0.00 8.25 -2.28 7.78 -2.13 21.62 10.85 18.51 19.17
1684258158591401 80.00 0.00 0.00 0.00 9.50 -2.28 7.94 -1.50 8.14 24.67 18.04 22.26
1684258158605582 80.00 0.00 0.00 0.00 12.00 -1.03 8.56 -1.50 -10.95 -44.44 13.42 6.83
1684258158621390 80.00 0.00 0.00 0.00 10.75 -1.03 9.19 -1.50 -39.52 0.07 5.23 5.20
1684258158637911 80.00 0.00 0.00 0.00 13.25 -1.03 9.97 -1.50 -37.80 0.05 -2.60 3.65
1684258158653762 80.00 0.00 0.00 0.00 17.01 -1.05 10.91 -1.34 -49.27 0.10 -13.48 2.48
1684258158670204 80.00 0.00 0.00 0.00 15.75 -1.04 11.69 -1.35 -57.05 -9.40 -20.61 -1.16
1684258158686458 80.00 0.00 0.00 0.00 19.51 -1.06 13.25 -1.35 -48.09 0.13 -26.61 -2.25
1684258158703186 80.00 0.00 0.00 0.00 19.51 -1.06 14.66 -1.20 -93.49 0.26 -41.00 -3.57
1684258158718892 80.00 0.00 0.00 0.00 22.02 -1.07 16.23 -1.05 -89.63 -9.74 -53.22 -7.87
1684258158734950 80.00 0.00 0.00 0.00 23.28 -1.08 17.64 -1.05 -97.48 -9.45 -64.04 -3.50
1684258158753523 80.00 0.00 0.00 0.00 25.80 -1.09 19.52 -1.06 -75.94 0.30 -68.59 -3.47
1684258158767550 80.00 0.00 0.00 0.00 28.32 -1.10 21.40 -1.07 -134.12 0.54 -80.63 -3.41
1684258158784199 80.00 0.00 0.00 0.00 30.84 0.14 23.13 -0.92 -113.13 0.50 -88.62 -3.36
1684258158799800 80.00 0.00 0.00 0.00 33.36 0.13 25.33 -0.77 -110.81 -9.55 -95.34 -3.38
1684258158816590 80.00 0.00 0.00 0.00 34.63 0.13 27.22 -0.62 -131.09 -8.74 -105.71 -4.48
1684258158832324 80.00 0.00 0.00 0.00 37.16 -1.14 29.43 -0.63 -120.05 -9.40 -109.03 -5.69
1684258158852051 80.00 0.00 0.00 0.00 39.68 1.36 31.63 -0.33 -111.80 0.55 -111.80 -4.41
1684258158865365 80.00 0.00 0.00 0.00 40.94 2.62 33.84 0.13 -165.74 -22.85 -120.33 -6.08
1684258158882465 80.00 0.00 0.00 0.00 47.24 1.35 36.52 0.44 -129.05 -27.00 -126.97 -9.49
1684258158900855 80.00 0.00 0.00 0.00 48.46 -7.43 39.04 -0.35 -145.74 -16.59 -128.43 -11.63
1684258158913803 80.00 0.00 0.00 0.00 44.71 8.90 40.77 0.74 -194.48 61.05 -138.60 -4.07
1684258158929258 80.00 0.00 0.00 0.00 50.99 1.36 42.98 0.89 -112.25 -70.79 -138.78 -11.72
1684258158946365 80.00 0.00 0.00 0.00 55.86 -6.10 45.63 0.11 -128.84 -8.97 -138.49 -11.75
1684258158962840 80.00 0.00 0.00 0.00 54.71 0.12 47.82 0.27 -161.13 47.24 -143.63 -4.67
1684258158979390 80.00 0.00 0.00 0.00 57.16 0.15 50.01 0.12 -132.53 -9.58 -146.22 -5.94
1684258158996287 80.00 0.00 0.00 0.00 62.05 5.19 52.65 0.44 -129.32 9.01 -141.67 -1.95
1684258159010739 80.00 0.00 0.00 0.00 62.07 7.69 54.50 1.24 -182.62 -22.26 -148.36 -1.36
1684258159026430 80.00 0.00 0.00 0.00 62.08 8.94 56.20 3.28 -118.17 -50.48 -144.92 -5.60
1684258159043070 80.00 0.00 0.00 0.00 66.51 -5.84 58.93 1.44 -102.31 -122.92 -133.40 -28.60
1684258159059288 80.00 0.00 0.00 0.00 67.86 1.57 61.04 1.46 -168.00 113.60 -140.37 -5.55
1684258159075128 80.00 0.00 0.00 0.00 67.86 1.57 62.54 2.42 -133.08 -1.65 -140.90 -4.63
1684258159097140 80.00 0.00 0.00 0.00 71.22 0.43 64.60 2.46 -68.12 -43.55 -129.27 -15.98
1684258159109140 80.00 0.00 0.00 0.00 71.28 2.89 66.37 2.80 -171.99 -3.21 -134.20 -15.18
1684258159123912 80.00 0.00 0.00 0.00 72.32 0.47 67.65 2.21 -119.54 -23.19 -132.98 -19.21
1684258159140556 80.00 0.00 0.00 0.00 72.36 1.69 68.94 1.46 -77.16 35.47 -119.79 -11.99
1684258159157894 80.00 0.00 0.00 0.00 74.54 1.77 70.49 0.57 -74.16 43.23 -114.29 -0.28
1684258159173061 80.00 0.00 0.00 0.00 75.61 1.81 71.63 1.52 -102.68 59.11 -114.34 22.47
1684258159189403 80.00 0.00 0.00 0.00 75.61 1.81 72.60 1.55 -69.62 -58.51 -102.04 0.96
1684258159205754 80.00 0.00 0.00 0.00 77.80 4.32 73.84 1.90 -59.29 -1.83 -92.82 0.94
1684258159221570 80.00 0.00 0.00 0.00 77.67 0.68 74.65 1.93 -78.59 -21.71 -94.13 3.67
1684258159237941 80.00 0.00 0.00 0.00 78.71 0.73 75.58 1.66 -49.31 -1.91 -78.79 3.83
1684258159254163 80.00 0.00 0.00 0.00 78.75 1.94 76.38 1.84 -57.21 16.61 -71.00 8.81
1684258159270780 80.00 0.00 0.00 0.00 78.66 -0.47 77.17 1.57 -48.38 -11.03 -67.41 2.99
1684258159287814 80.00 0.00 0.00 0.00 79.67 -0.42 77.81 1.30 -46.21 15.88 -63.91 -0.42
1684258159302666 80.00 0.00 0.00 0.00 80.68 -0.36 78.45 1.03 -43.21 18.39 -56.48 -5.51
1684258159323370 80.00 0.00 0.00 0.00 80.68 -0.36 79.08 0.76 -30.59 13.10 -51.60 3.44
1684258159338866 80.00 0.00 0.00 0.00 80.68 -0.36 79.44 0.17 -40.87 17.50 -49.30 5.85
1684258159352082 80.00 0.00 0.00 0.00 81.67 -0.31 79.94 0.05 -27.21 44.24 -42.87 14.10
1684258159367904 80.00 0.00 0.00 0.00 82.71 0.94 80.44 0.07 -31.58 7.81 -40.66 15.31
1684258159383820 80.00 0.00 0.00 0.00 81.48 -3.87 80.78 -0.65 -31.42 -1.65 -37.43 13.03
1684258159400456 80.00 0.00 0.00 0.00 83.49 -2.55 81.38 -0.91 -20.49 43.60 -33.95 19.86
1684258159416561 80.00 0.00 0.00 0.00 82.59 -1.43 81.75 -1.04 -37.49 16.12 -32.85 19.89
1684258159433660 80.00 0.00 0.00 0.00 83.55 -1.37 82.11 -1.16 -21.30 7.42 -30.12 18.52
1684258159451372 80.00 0.00 0.00 0.00 83.55 -1.37 82.46 -1.29 -20.28 7.10 -28.83 17.77
1684258159466259 80.00 0.00 0.00 0.00 84.50 -1.30 82.94 -1.41 -24.13 8.45 -26.74 16.64
1684258159486500 80.00 0.00 0.00 0.00 84.44 -2.48 83.29 -1.68 -23.62 5.81 -26.29 11.83
1684258159498452 80.00 0.00 0.00 0.00 85.37 -2.41 83.62 -2.10 -28.91 22.73 -25.95 13.70
1684258159514869 80.00 0.00 0.00 0.00 85.37 -2.41 84.11 -1.92 -20.29 25.51 -24.56 17.09
1684258159530436 80.00 0.00 0.00 0.00 85.30 -3.58 84.33 -2.04 -31.24 -11.70 -25.91 10.18
1684258159546942 80.00 0.00 0.00 0.00 85.30 -3.58 84.67 -2.31 -13.72 7.79 -22.94 9.14
1684258159562394 80.00 0.00 0.00 0.00 85.37 -2.41 84.90 -2.44 -21.92 17.34 -23.01 10.38
1684258159579134 80.00 0.00 0.00 0.00 84.57 -0.13 85.03 -2.29 -13.58 7.76 -22.18 10.46
1684258159595469 80.00 0.00 0.00 0.00 83.83 4.57 84.94 -1.55 -7.77 -9.52 -20.13 8.22
1684258159611603 80.00 0.00 0.00 0.00 85.22 -4.74 85.04 -1.83 5.23 -45.49 -16.53 1.80
1684258159628187 80.00 0.00 0.00 0.00 86.56 2.35 85.19 -1.24 -5.92 17.05 -13.65 1.09
1684258159644855 80.00 0.00 0.00 0.00 87.05 -4.58 85.40 -1.51 -8.88 -35.70 -12.23 -6.56
1684258159660356 80.00 0.00 0.00 0.00 84.74 3.43 85.33 -0.64 -13.53 17.51 -10.01 -2.91
1684258159677057 80.00 0.00 0.00 0.00 86.06 -5.82 85.42 -0.92 4.20 -52.41 -7.77 -10.43
1684258159695500 80.00 0.00 0.00 0.00 87.47 2.41 85.69 -0.31 -5.15 15.20 -5.68 -10.70
1684258159709317 80.00 0.00 0.00 0.00 86.06 -5.82 85.87 -1.03 -18.99 -43.58 -6.35 -17.12
1684258159726310 80.00 0.00 0.00 0.00 86.06 -5.82 86.15 -2.32 -10.97 41.88 -6.75 -10.69
1684258159742577 80.00 0.00 0.00 0.00 86.56 2.35 86.32 -1.44 -17.13 79.81 -9.55 4.97
1684258159759383 80.00 0.00 0.00 0.00 85.14 -5.90 86.14 -2.47 -9.93 -52.75 -10.05 -3.75
1684258159774371 80.00 0.00 0.00 0.00 83.67 1.00 85.72 -1.77 11.81 68.84 -7.46 9.31
1684258159790798 80.00 0.00 0.00 0.00 85.22 -4.74 85.78 -2.79 25.68 -42.44 -2.56 1.82
1684258159806926 80.00 0.00 0.00 0.00 85.97 -6.97 85.77 -2.94 -3.75 63.30 -3.55 16.28
1684258159823598 80.00 0.00 0.00 0.00 85.57 1.11 85.53 -3.10 0.65 8.65 -2.83 15.46
1684258159846536 80.00 0.00 0.00 0.00 85.44 -1.24 85.45 -2.53 10.37 7.05 0.84 21.79
1684258159858541 80.00 0.00 0.00 0.00 85.14 -5.90 85.34 -2.54 6.43 -47.71 3.02 10.59
1684258159872173 80.00 0.00 0.00 0.00 85.05 -7.06 85.15 -3.71 8.43 0.77 6.21 0.71
1684258159888847 80.00 0.00 0.00 0.00 83.62 -0.19 84.96 -3.00 11.25 70.56 8.86 16.13
1684258159904705 80.00 0.00 0.00 0.00 84.12 -7.15 85.02 -4.02 12.02 -45.06 8.88 1.89
1684258159921814 80.00 0.00 0.00 0.00 84.23 -16.17 84.89 -5.45 -3.29 59.51 5.26 14.63
1684258159936638 80.00 0.00 0.00 0.00 84.12 -7.15 84.66 -5.47 8.35 96.36 6.78 18.77
1684258159952652 80.00 0.00 0.00 0.00 84.44 -2.48 84.52 -5.92 14.42 1.36 8.50 17.86
1684258159969396 80.00 0.00 0.00 0.00 84.12 -7.15 84.36 -6.66 8.46 26.83 8.26 20.33
1684258159988900 80.00 0.00 0.00 0.00 83.18 -7.23 84.11 -6.82 8.44 37.88 8.51 31.03
1684258160002237 80.00 0.00 0.00 0.00 83.65 -12.89 83.94 -7.55 18.35 12.45 9.75 32.49
1684258160018594 80.00 0.00 0.00 0.00 83.67 1.00 83.94 -7.40 10.75 44.58 9.69 29.24
1684258160033925 80.00 0.00 0.00 0.00 82.59 -1.43 83.75 -6.69 -0.48 -9.66 8.13 33.66
1684258160049136 80.00 0.00 0.00 0.00 84.50 -1.30 83.78 -4.83 12.62 -46.96 10.11 20.36
1684258160066159 80.00 0.00 0.00 0.00 83.18 -7.23 83.67 -4.84 -2.00 -109.15 8.82 -5.33
1684258160082148 80.00 0.00 0.00 0.00 84.12 -7.15 83.63 -5.42 7.37 0.66 7.94 -5.42
1684258160099364 80.00 0.00 0.00 0.00 83.67 1.00 83.57 -4.41 2.26 33.89 7.16 -4.54
1684258160114399 80.00 0.00 0.00 0.00 83.26 -6.07 83.58 -4.26 3.74 -67.72 6.58 -17.74
1684258160134107 80.00 0.00 0.00 0.00 84.12 -7.15 83.64 -3.54 -0.52 -7.39 4.22 -20.22
1684258160151633 80.00 0.00 0.00 0.00 84.44 -2.48 83.74 -3.98 -3.40 -40.99 2.45 -30.91
1684258160163709 80.00 0.00 0.00 0.00 83.34 -4.90 83.83 -4.41 -7.88 35.99 1.52 -25.21
1684258160179784 80.00 0.00 0.00 0.00 83.67 1.00 83.73 -4.12 -5.86 26.94 -0.79 -15.97
1684258160196027 80.00 0.00 0.00 0.00 82.38 -4.97 83.63 -3.84 6.38 -17.71 0.26 -4.54
1684258160213238 80.00 0.00 0.00 0.00 83.55 -1.37 83.56 -3.12 5.80 -16.41 0.07 -6.67
1684258160228091 80.00 0.00 0.00 0.00 82.38 -4.97 83.39 -3.86 4.81 -48.63 0.39 -16.99
1684258160245019 80.00 0.00 0.00 0.00 82.45 -3.80 83.29 -3.58 9.54 44.09 1.11 -3.01
1684258160261220 80.00 0.00 0.00 0.00 83.34 -4.90 83.20 -3.30 6.24 -17.52 1.96 -4.28
1684258160279637 80.00 0.00 0.00 0.00 84.57 -0.13 83.21 -3.00 5.31 -15.27 3.04 -1.07
1684258160294157 80.00 0.00 0.00 0.00 83.26 -6.07 83.20 -3.15 -1.14 -20.26 3.89 -8.10
1684258160309935 80.00 0.00 0.00 0.00 83.67 1.00 83.20 -3.15 0.62 9.26 4.70 -10.31
1684258160326308 80.00 0.00 0.00 0.00 83.34 -4.90 83.32 -3.14 0.00 0.00 3.90 -8.09
1684258160342370 80.00 0.00 0.00 0.00 84.29 -4.82 83.41 -3.57 -7.46 -0.58 2.24 -6.11
1684258160358313 80.00 0.00 0.00 0.00 84.57 -0.13 83.69 -2.97 -5.76 27.06 0.92 3.35
1684258160374888 80.00 0.00 0.00 0.00 84.21 -5.99 83.91 -3.24 -16.48 -36.55 -2.33 -6.73
1684258160391336 80.00 0.00 0.00 0.00 84.68 2.24 84.07 -2.35 -13.32 16.64 -4.78 -2.46
1684258160408668 80.00 0.00 0.00 0.00 84.21 -5.99 84.03 -3.08 -9.69 -51.47 -6.65 -6.99
1684258160423763 80.00 0.00 0.00 0.00 83.67 1.00 84.08 -2.20 2.98 48.53 -6.14 1.61
1684258160440098 80.00 0.00 0.00 0.00 84.21 -5.99 84.15 -3.07 -3.14 -54.06 -6.61 -6.30
1684258160455448 80.00 0.00 0.00 0.00 84.21 -5.99 84.26 -3.21 -4.35 56.87 -7.15 0.80
1684258160472901 80.00 0.00 0.00 0.00 85.22 -4.74 84.37 -3.20 -6.21 7.80 -7.00 1.85
1684258160489935 80.00 0.00 0.00 0.00 85.05 -7.06 84.43 -4.06 -6.85 -0.58 -7.13 -1.60
1684258160505817 80.00 0.00 0.00 0.00 85.22 -4.74 84.56 -3.91 -3.83 54.58 -5.55 9.79
1684258160521238 80.00 0.00 0.00 0.00 84.50 -1.30 84.54 -4.35 -8.21 -10.08 -4.91 6.45
1684258160536775 80.00 0.00 0.00 0.00 85.05 -7.06 84.64 -4.49 1.46 28.51 -3.52 16.44
1684258160555492 80.00 0.00 0.00 0.00 85.05 -7.06 84.82 -5.49 -5.65 7.18 -4.60 11.28
1684258160570961 80.00 0.00 0.00 0.00 85.05 -7.06 84.92 -5.63 -11.15 65.12 -5.60 26.17
1684258160586086 80.00 0.00 0.00 0.00 84.12 -7.15 84.91 -5.77 -6.99 8.89 -5.93 20.18
1684258160602100 80.00 0.00 0.00 0.00 85.05 -7.06 84.89 -6.06 0.65 9.07 -5.07 20.34
1684258160618659 80.00 0.00 0.00 0.00 85.14 -5.90 84.90 -5.92 1.26 17.51 -4.06 22.60
1684258160634348 80.00 0.00 0.00 0.00 85.14 -5.90 84.89 -6.06 -0.68 -9.22 -3.67 14.62
1684258160651213 80.00 0.00 0.00 0.00 85.05 -7.06 84.96 -6.78 0.60 8.61 -2.56 16.96
1684258160667288 80.00 0.00 0.00 0.00 86.50 1.18 85.14 -5.75 -4.28 44.77 -3.28 18.99
1684258160685353 80.00 0.00 0.00 0.00 85.05 -7.06 85.14 -5.75 -9.98 -56.99 -3.82 10.97
1684258160699926 80.00 0.00 0.00 0.00 85.05 -7.06 85.14 -5.75 0.00 0.00 -2.43 2.83
1684258160716359 80.00 0.00 0.00 0.00 85.05 -7.06 85.26 -5.74 0.00 0.00 -1.55 1.72
1684258160732739 80.00 0.00 0.00 0.00 85.14 -5.90 85.27 -5.60 -7.10 -0.66 -2.52 0.50
1684258160748763 80.00 0.00 0.00 0.00 85.05 -7.06 85.26 -5.74 -0.67 -9.03 -2.76 -2.82
1684258160764926 80.00 0.00 0.00 0.00 85.14 -5.90 85.26 -5.74 0.66 8.95 -2.60 -0.54
1684258160781217 80.00 0.00 0.00 0.00 85.14 -5.90 85.27 -5.60 -0.00 0.00 -2.67 -1.62
1684258160796882 80.00 0.00 0.00 0.00 85.14 -5.90 85.10 -6.48 -0.68 -9.24 -2.22 -8.37
1684258160814678 80.00 0.00 0.00 0.00 85.14 -5.90 85.11 -6.34 9.53 49.72 0.22 4.97
1684258160839343 80.00 0.00 0.00 0.00 85.22 -4.74 85.13 -6.05 -0.43 -5.87 0.16 4.23
1684258160851497 80.00 0.00 0.00 0.00 85.14 -5.90 85.14 -5.90 -1.71 -23.85 -0.05 1.25
1684258160863504 80.00 0.00 0.00 0.00 84.21 -5.99 85.02 -5.91 -0.89 -12.05 0.73 -0.17
1684258160878823 80.00 0.00 0.00 0.00 85.22 -4.74 85.04 -5.62 7.60 0.67 1.76 1.04
1684258160896281 80.00 0.00 0.00 0.00 85.22 -4.74 85.05 -5.48 -1.19 -16.60 1.53 -2.15
1684258160911427 80.00 0.00 0.00 0.00 84.29 -4.82 84.95 -5.34 -0.67 -9.59 1.44 -3.35
1684258160929285 80.00 0.00 0.00 0.00 84.29 -4.82 84.84 -5.21 5.96 -7.58 2.27 -3.14
1684258160947673 80.00 0.00 0.00 0.00 85.22 -4.74 84.85 -5.06 5.79 -7.36 1.81 -10.28
1684258160962745 80.00 0.00 0.00 0.00 85.22 -4.74 84.85 -5.06 -0.67 -9.63 1.78 -10.75
1684258160976441 80.00 0.00 0.00 0.00 85.30 -3.58 84.87 -4.77 -0.00 0.00 1.99 -7.77
1684258160994596 80.00 0.00 0.00 0.00 85.22 -4.74 85.00 -4.62 -1.09 -16.02 1.97 -8.26
1684258161007669 80.00 0.00 0.00 0.00 85.22 -4.74 85.00 -4.62 -9.69 -11.89 -0.20 -9.83
1684258161029188 80.00 0.00 0.00 0.00 85.73 4.66 85.06 -3.44 0.00 0.00 -0.05 -7.76
1684258161042591 80.00 0.00 0.00 0.00 84.74 3.43 85.12 -2.41 -4.76 -87.70 -0.56 -17.52
1684258161056992 80.00 0.00 0.00 0.00 84.36 -3.65 85.13 -2.26 -3.90 -71.57 -1.79 -25.52
1684258161072652 80.00 0.00 0.00 0.00 84.36 -3.65 85.02 -2.13 -0.61 -9.33 -2.59 -25.77
1684258161092063 80.00 0.00 0.00 0.00 85.37 -2.41 85.04 -1.84 5.52 -7.02 -1.82 -25.44
1684258161105129 80.00 0.00 0.00 0.00 85.37 -2.41 85.05 -1.69 -1.44 -22.32 -2.00 -28.23
1684258161121633 80.00 0.00 0.00 0.00 84.36 -3.65 84.94 -1.55 -0.56 -8.85 -1.93 -27.34
1684258161137712 80.00 0.00 0.00 0.00 85.30 -3.58 84.95 -1.41 6.67 -8.48 0.12 -26.91
1684258161153767 80.00 0.00 0.00 0.00 84.36 -3.65 84.78 -2.45 -0.60 -9.07 0.04 -28.04
1684258161171695 80.00 0.00 0.00 0.00 84.36 -3.65 84.73 -3.33 9.53 57.96 1.83 -9.83
1684258161187175 80.00 0.00 0.00 0.00 84.36 -3.65 84.73 -3.33 3.02 57.15 2.69 6.26
1684258161204862 80.00 0.00 0.00 0.00 84.44 -2.48 84.74 -3.18 -0.00 0.00 2.77 7.42
1684258161218784 80.00 0.00 0.00 0.00 84.74 3.43 84.66 -2.46 -0.65 -10.52 2.00 6.98
1684258161235024 80.00 0.00 0.00 0.00 85.30 -3.58 84.65 -2.60 4.88 -44.90 2.79 4.16
1684258161252611 80.00 0.00 0.00 0.00 85.63 2.29 84.81 -1.86 0.52 8.30 2.92 6.31
1684258161267798 80.00 0.00 0.00 0.00 84.44 -2.48 84.70 -1.72 -10.40 -48.94 0.79 1.25
1684258161284446 80.00 0.00 0.00 0.00 85.51 -0.06 84.85 -1.27 6.48 -8.24 1.67 1.35
1684258161300064 80.00 0.00 0.00 0.00 84.36 -3.65 84.85 -1.27 -9.15 -28.72 -0.66 -9.48
1684258161317130 80.00 0.00 0.00 0.00 85.51 -0.06 84.99 -0.82 -0.00 0.00 -1.04 -16.63
1684258161332992 80.00 0.00 0.00 0.00 84.29 -4.82 84.97 -1.12 -9.01 -28.28 -2.17 -20.16
1684258161350628 80.00 0.00 0.00 0.00 84.29 -4.82 84.91 -2.15 1.05 16.59 -1.95 -16.77
1684258161365739 80.00 0.00 0.00 0.00 83.67 1.00 84.71 -1.58 3.72 68.21 -2.10 -2.63
1684258161382578 80.00 0.00 0.00 0.00 83.73 2.19 84.47 -1.59 12.06 -33.96 -0.66 -7.92
1684258161398581 80.00 0.00 0.00 0.00 84.29 -4.82 84.46 -1.88 14.82 0.85 2.49 -1.69
1684258161414207 80.00 0.00 0.00 0.00 83.67 1.00 84.23 -1.75 1.18 18.73 1.83 1.68
1684258161431232 80.00 0.00 0.00 0.00 84.21 -5.99 84.21 -2.04 13.46 -7.78 4.66 4.30
1684258161457559 80.00 0.00 0.00 0.00 85.05 -7.06 84.15 -2.92 0.74 11.08 4.75 5.68
1684258161469604 80.00 0.00 0.00 0.00 83.26 -6.07 84.02 -3.07 4.70 72.62 6.46 18.29
1684258161481577 80.00 0.00 0.00 0.00 84.12 -7.15 84.00 -3.36 10.69 13.01 7.67 17.85
1684258161496091 80.00 0.00 0.00 0.00 84.12 -7.15 84.06 -4.38 1.41 20.04 7.38 11.82
1684258161512328 80.00 0.00 0.00 0.00 83.18 -7.23 83.99 -5.56 -3.47 62.70 5.44 23.91
1684258161528008 80.00 0.00 0.00 0.00 83.18 -7.23 83.85 -5.86 4.37 75.08 4.13 33.18
1684258161544386 80.00 0.00 0.00 0.00 83.49 -2.55 83.83 -6.30 8.44 18.41 5.04 33.14
1684258161560626 80.00 0.00 0.00 0.00 83.10 -8.39 83.69 -6.60 1.45 27.30 3.54 37.53
1684258161578645 80.00 0.00 0.00 0.00 83.10 -8.39 83.44 -6.77 7.71 16.70 4.41 38.23
1684258161592920 80.00 0.00 0.00 0.00 83.18 -7.23 83.43 -6.92 17.15 11.67 5.97 30.61
1684258161608933 80.00 0.00 0.00 0.00 83.18 -7.23 83.32 -6.93 0.64 9.10 4.71 30.12
1684258161625635 80.00 0.00 0.00 0.00 83.10 -8.39 83.19 -7.08 7.05 0.63 5.42 27.70
1684258161645530 80.00 0.00 0.00 0.00 82.14 -8.48 83.06 -7.24 6.46 7.83 6.66 20.84
1684258161658195 80.00 0.00 0.00 0.00 82.31 -6.15 82.95 -7.10 10.25 12.32 7.39 13.00
1684258161674608 80.00 0.00 0.00 0.00 82.31 -6.15 82.80 -7.55 6.67 -8.27 7.17 9.66
1684258161698472 80.00 0.00 0.00 0.00 81.73 0.89 82.63 -6.39 6.18 18.84 7.76 8.60
1684258161710882 80.00 0.00 0.00 0.00 82.38 -4.97 82.54 -5.96 13.79 -93.47 8.52 -5.17
1684258161724445 80.00 0.00 0.00 0.00 83.34 -4.90 82.56 -5.67 6.58 -31.53 7.20 -10.57
1684258161739848 80.00 0.00 0.00 0.00 82.38 -4.97 82.46 -5.39 -1.30 -18.95 6.96 -14.08
1684258161756697 80.00 0.00 0.00 0.00 83.42 -3.72 82.50 -4.81 5.93 -16.76 6.82 -16.25
1684258161771864 80.00 0.00 0.00 0.00 82.45 -3.80 82.54 -4.22 -2.63 -38.48 5.68 -22.04
1684258161789463 80.00 0.00 0.00 0.00 82.38 -4.97 82.55 -4.07 -2.22 -33.27 4.12 -27.74
1684258161804111 80.00 0.00 0.00 0.00 82.81 3.33 82.61 -2.89 -0.65 -10.01 3.21 -27.95
1684258161821754 80.00 0.00 0.00 0.00 81.48 -3.87 82.58 -3.48 -3.58 -67.10 1.99 -38.70
1684258161837712 80.00 0.00 0.00 0.00 82.59 -1.43 82.61 -3.04 1.92 37.22 0.51 -22.36
1684258161853578 80.00 0.00 0.00 0.00 83.49 -2.55 82.63 -2.75 -1.62 -27.88 -0.52 -21.90
1684258161869373 80.00 0.00 0.00 0.00 81.87 4.48 82.56 -1.57 -1.14 -18.59 -0.50 -21.86
1684258161886318 80.00 0.00 0.00 0.00 81.61 -1.50 82.34 -1.29 3.76 -69.72 -0.77 -28.48
1684258161907009 80.00 0.00 0.00 0.00 82.59 -1.43 82.35 -0.99 10.90 -13.47 0.92 -25.35
1684258161919701 80.00 0.00 0.00 0.00 81.87 4.48 82.29 0.19 -1.31 -23.27 1.03 -24.10
1684258161937359 80.00 0.00 0.00 0.00 82.81 3.33 82.29 0.19 3.61 -66.90 1.57 -31.21
1684258161951318 80.00 0.00 0.00 0.00 83.87 5.76 82.59 1.39 0.00 0.00 2.01 -22.83
1684258161967527 80.00 0.00 0.00 0.00 83.87 5.76 82.75 2.29 -18.44 -74.24 -0.53 -36.76
1684258161983137 80.00 0.00 0.00 0.00 83.55 -1.37 82.76 2.44 -10.28 -57.61 -1.61 -40.47
1684258161999424 80.00 0.00 0.00 0.00 84.63 1.06 83.10 2.01 -0.51 -9.05 -1.54 -39.28
1684258162015018 80.00 0.00 0.00 0.00 84.68 2.24 83.49 2.48 -22.08 27.43 -4.77 -27.14
1684258162031244 80.00 0.00 0.00 0.00 84.50 -1.30 83.72 2.49 -23.67 -28.77 -9.09 -29.05
1684258162047974 80.00 0.00 0.00 0.00 84.50 -1.30 84.05 1.77 -14.31 -0.97 -10.71 -26.26
1684258162064173 80.00 0.00 0.00 0.00 84.83 5.80 84.31 2.08 -20.30 44.62 -13.70 -12.32
1684258162080507 80.00 0.00 0.00 0.00 85.37 -2.41 84.49 1.06 -15.46 -18.97 -15.63 -14.69
1684258162096749 80.00 0.00 0.00 0.00 84.79 4.61 84.61 0.92 -11.54 62.88 -14.77 2.45
1684258162111895 80.00 0.00 0.00 0.00 85.57 1.11 84.86 1.23 -7.54 9.47 -14.43 10.83
1684258162128292 80.00 0.00 0.00 0.00 84.50 -1.30 84.84 0.93 -15.37 -18.94 -16.28 9.60
1684258162145430 80.00 0.00 0.00 0.00 85.37 -2.41 84.93 0.35 0.91 17.21 -13.41 8.32
1684258162161115 80.00 0.00 0.00 0.00 85.63 2.29 85.07 0.80 -5.48 37.04 -11.14 16.54
1684258162177222 80.00 0.00 0.00 0.00 85.44 -1.24 85.19 0.81 -8.72 -27.93 -10.44 13.17
1684258162193446 80.00 0.00 0.00 0.00 85.37 -2.41 85.26 -0.22 -7.23 -0.52 -8.80 7.53
1684258162209386 80.00 0.00 0.00 0.00 85.37 -2.41 85.26 -0.22 -4.24 64.41 -7.40 17.95
1684258162225479 80.00 0.00 0.00 0.00 82.86 4.52 85.01 -0.23 0.00 0.00 -5.96 10.09
1684258162242123 80.00 0.00 0.00 0.00 85.37 -2.41 84.99 -0.67 14.49 0.69 -3.20 9.00
1684258162258306 80.00 0.00 0.00 0.00 87.13 -3.42 85.32 -0.93 1.52 27.21 -1.09 14.76
1684258162274942 80.00 0.00 0.00 0.00 85.63 2.29 85.35 -0.35 -19.73 15.92 -3.67 14.60
1684258162291022 80.00 0.00 0.00 0.00 87.05 -4.58 85.53 -1.21 -1.98 -36.56 -3.24 5.40
1684258162307620 80.00 0.00 0.00 0.00 87.21 -2.26 85.75 -1.33 -10.71 51.77 -3.49 15.37
1684258162323936 80.00 0.00 0.00 0.00 87.05 -4.58 85.96 -1.61 -13.52 7.86 -4.27 16.41
1684258162339640 80.00 0.00 0.00 0.00 87.53 3.58 86.23 -0.86 -13.35 17.28 -5.41 10.52
1684258162356037 80.00 0.00 0.00 0.00 86.14 -4.66 86.64 -2.00 -16.43 -45.68 -7.47 4.81
1684258162372251 80.00 0.00 0.00 0.00 85.14 -5.90 86.61 -2.44 -25.32 70.80 -12.44 13.58
1684258162388268 80.00 0.00 0.00 0.00 86.06 -5.82 86.47 -2.74 1.81 27.27 -12.40 13.58
1684258162405343 80.00 0.00 0.00 0.00 85.14 -5.90 86.41 -3.77 7.84 17.54 -8.96 13.79
1684258162420920 80.00 0.00 0.00 0.00 85.14 -5.90 86.17 -3.93 3.91 65.78 -8.22 26.58
1684258162437297 80.00 0.00 0.00 0.00 85.68 3.48 85.98 -3.21 14.58 10.10 -5.06 21.37
1684258162454114 80.00 0.00 0.00 0.00 85.14 -5.90 85.75 -3.38 11.34 -42.66 -1.95 15.06
1684258162470182 80.00 0.00 0.00 0.00 84.21 -5.99 85.33 -4.58 14.86 10.29 1.57 14.18
1684258162486680 80.00 0.00 0.00 0.00 85.14 -5.90 85.21 -4.73 25.15 72.50 6.77 28.95
1684258162502226 80.00 0.00 0.00 0.00 84.68 2.24 85.15 -3.71 8.06 9.98 10.94 21.35
1684258162518546 80.00 0.00 0.00 0.00 84.21 -5.99 84.92 -3.73 3.48 -62.36 11.15 10.15
1684258162534681 80.00 0.00 0.00 0.00 84.21 -5.99 84.80 -3.74 14.34 1.29 11.96 8.12
1684258162550976 80.00 0.00 0.00 0.00 85.14 -5.90 84.80 -3.74 7.15 0.63 12.37 -0.03
1684258162567665 80.00 0.00 0.00 0.00 83.73 2.19 84.56 -3.91 0.00 0.00 10.55 -1.29
1684258162584063 80.00 0.00 0.00 0.00 84.21 -5.99 84.44 -3.92 14.87 9.85 10.99 5.27
1684258162599769 80.00 0.00 0.00 0.00 85.14 -5.90 84.56 -3.91 7.42 0.66 10.06 4.07
1684258162616179 80.00 0.00 0.00 0.00 84.50 -1.30 84.48 -3.33 -7.10 -0.63 6.03 -5.07
1684258162632310 80.00 0.00 0.00 0.00 83.26 -6.07 84.30 -4.37 4.93 -35.64 5.64 -10.78
1684258162648681 80.00 0.00 0.00 0.00 82.31 -6.15 84.06 -4.39 10.85 63.42 6.56 4.95
1684258162664682 80.00 0.00 0.00 0.00 82.31 -6.15 83.82 -4.41 14.86 1.25 6.62 4.94
1684258162681726 80.00 0.00 0.00 0.00 82.38 -4.97 83.48 -4.29 13.95 1.17 7.47 5.01
1684258162697077 80.00 0.00 0.00 0.00 83.34 -4.90 83.43 -5.18 22.45 -7.58 10.28 4.06
1684258162713758 80.00 0.00 0.00 0.00 82.23 -7.31 83.18 -5.34 2.91 53.07 8.78 9.46
1684258162740588 80.00 0.00 0.00 0.00 83.34 -4.90 82.96 -5.22 9.23 6.19 9.01 10.16
1684258162753099 80.00 0.00 0.00 0.00 83.26 -6.07 82.80 -5.81 17.96 -10.05 12.14 8.98
1684258162764838 80.00 0.00 0.00 0.00 82.38 -4.97 82.69 -5.68 13.20 50.72 13.18 19.77
1684258162779031 80.00 0.00 0.00 0.00 83.42 -3.72 82.83 -5.37 7.76 -9.64 12.79 10.64
1684258162797186 80.00 0.00 0.00 0.00 82.45 -3.80 82.85 -5.08 -7.64 -16.67 9.98 8.40
1684258162810460 80.00 0.00 0.00 0.00 82.38 -4.97 82.85 -5.08 -1.40 -22.12 8.06 5.49
1684258162827604 80.00 0.00 0.00 0.00 83.67 1.00 82.89 -4.34 0.00 0.00 5.25 6.44
1684258162843502 80.00 0.00 0.00 0.00 82.31 -6.15 82.90 -4.20 -2.62 -46.35 4.56 -5.99
1684258162859940 80.00 0.00 0.00 0.00 82.71 0.94 82.82 -3.47 -0.61 -8.89 3.33 -7.88
1684258162876640 80.00 0.00 0.00 0.00 83.34 -4.90 82.83 -3.32 4.75 -43.70 1.68 -12.08
1684258162892389 80.00 0.00 0.00 0.00 80.43 -5.12 82.59 -3.34 -0.62 -9.28 -0.05 -19.58
1684258162908837 80.00 0.00 0.00 0.00 82.45 -3.80 82.47 -3.35 14.87 1.10 0.84 -18.24
1684258162925223 80.00 0.00 0.00 0.00 83.42 -3.72 82.59 -3.34 7.33 0.54 2.71 -16.09
1684258162941369 80.00 0.00 0.00 0.00 82.81 3.33 82.64 -2.30 -7.44 -0.55 1.96 -13.39
1684258162957847 80.00 0.00 0.00 0.00 82.52 -2.62 82.50 -2.75 -3.25 -62.95 1.55 -21.26
1684258162974435 80.00 0.00 0.00 0.00 84.44 -2.48 82.76 -2.30 8.67 27.23 2.96 -12.06
1684258162989884 80.00 0.00 0.00 0.00 83.42 -3.72 82.85 -2.88 -17.22 -29.66 0.89 -14.66
1684258163005101 80.00 0.00 0.00 0.00 83.78 3.38 82.91 -1.84 -5.82 38.33 -0.44 -4.41
1684258163021813 80.00 0.00 0.00 0.00 84.74 3.43 83.45 -0.78 -3.29 -61.87 -0.77 -10.98
1684258163038217 80.00 0.00 0.00 0.00 84.68 2.24 83.73 -0.02 -32.85 -65.09 -6.73 -19.25
1684258163055180 80.00 0.00 0.00 0.00 84.57 -0.13 83.87 0.43 -16.43 -44.47 -9.70 -24.88
1684258163070264 80.00 0.00 0.00 0.00 84.44 -2.48 84.07 -0.30 -9.55 -29.82 -9.97 -28.54
1684258163087999 80.00 0.00 0.00 0.00 84.36 -3.65 84.30 -0.43 -11.45 40.92 -10.99 -15.56
1684258163103107 80.00 0.00 0.00 0.00 85.30 -3.58 84.41 -0.56 -15.22 8.57 -13.98 -17.89
1684258163119962 80.00 0.00 0.00 0.00 85.22 -4.74 84.64 -0.69 -6.40 8.14 -12.63 -13.16
1684258163136007 80.00 0.00 0.00 0.00 83.73 2.19 84.63 -0.84 -14.06 7.93 -13.66 -16.96
1684258163152029 80.00 0.00 0.00 0.00 84.44 -2.48 84.59 -1.58 0.40 9.28 -13.20 -8.07
1684258163167962 80.00 0.00 0.00 0.00 84.44 -2.48 84.56 -2.17 2.37 46.32 -8.79 5.86
1684258163183588 80.00 0.00 0.00 0.00 85.22 -4.74 84.64 -2.75 1.99 37.75 -6.49 16.13
1684258163200314 80.00 0.00 0.00 0.00 85.22 -4.74 84.74 -3.03 -4.88 34.50 -5.91 24.17
1684258163216394 80.00 0.00 0.00 0.00 85.22 -4.74 84.85 -3.16 -6.11 17.59 -5.24 21.26
1684258163232724 80.00 0.00 0.00 0.00 84.21 -5.99 84.71 -3.47 -6.56 8.35 -4.16 21.23
1684258163249179 80.00 0.00 0.00 0.00 85.57 1.11 84.75 -2.73 8.28 18.30 -2.32 22.50
1684258163265248 80.00 0.00 0.00 0.00 85.22 -4.74 84.94 -3.60 -2.71 -45.56 -0.90 15.82
1684258163281973 80.00 0.00 0.00 0.00 85.97 -6.97 85.13 -4.16 -11.15 51.77 -2.34 21.13
1684258163297916 80.00 0.00 0.00 0.00 86.15 -14.81 85.35 -5.70 -12.05 35.23 -4.15 19.74
1684258163314315 80.00 0.00 0.00 0.00 85.14 -5.90 85.34 -5.85 -13.04 94.02 -6.03 26.77
1684258163330216 80.00 0.00 0.00 0.00 84.12 -7.15 85.20 -6.15 0.64 9.13 -5.34 23.60
1684258163346740 80.00 0.00 0.00 0.00 85.48 -12.68 85.23 -7.14 8.30 18.20 -3.54 23.68
1684258163366753 80.00 0.00 0.00 0.00 86.06 -5.82 85.46 -7.12 -1.61 49.58 -2.92 28.83
1684258163379142 80.00 0.00 0.00 0.00 85.05 -7.06 85.40 -8.14 -18.67 -1.68 -6.29 26.34
1684258163395594 80.00 0.00 0.00 0.00 85.05 -7.06 85.38 -8.43 3.91 62.12 -5.46 39.80
1684258163412220 80.00 0.00 0.00 0.00 84.63 1.06 85.21 -7.43 1.25 17.44 -3.91 35.50
1684258163427924 80.00 0.00 0.00 0.00 85.14 -5.90 85.08 -6.31 10.70 -63.90 -1.07 23.11
1684258163444257 80.00 0.00 0.00 0.00 84.12 -7.15 84.96 -6.47 7.70 -68.19 1.53 2.84
1684258163460592 80.00 0.00 0.00 0.00 85.14 -5.90 85.08 -6.31 7.77 9.52 2.42 2.88
1684258163476465 80.00 0.00 0.00 0.00 85.14 -5.90 85.04 -5.47 -8.00 -9.80 0.38 -0.61
1684258163493294 80.00 0.00 0.00 0.00 85.22 -4.74 84.94 -5.33 2.51 -50.34 0.90 -13.10
1684258163509603 80.00 0.00 0.00 0.00 81.73 0.89 84.52 -4.34 6.42 -8.26 4.03 -13.93
1684258163525136 80.00 0.00 0.00 0.00 84.36 -3.65 84.44 -3.91 26.78 -63.95 6.89 -29.69
1684258163551334 80.00 0.00 0.00 0.00 84.36 -3.65 84.40 -4.50 3.30 -16.27 7.15 -33.90
1684258163563456 80.00 0.00 0.00 0.00 84.36 -3.65 84.31 -4.22 2.73 48.54 6.15 -19.84
1684258163575395 80.00 0.00 0.00 0.00 83.49 -2.55 84.23 -3.65 8.13 -23.57 6.20 -14.27
1684258163590912 80.00 0.00 0.00 0.00 84.36 -3.65 84.13 -3.36 5.14 -37.05 5.88 -20.09
1684258163607689 80.00 0.00 0.00 0.00 83.42 -3.72 83.91 -3.09 5.78 -16.78 7.60 -20.96
1684258163623830 80.00 0.00 0.00 0.00 83.49 -2.55 83.70 -2.82 13.35 -16.87 8.95 -16.78
1684258163639823 80.00 0.00 0.00 0.00 82.76 2.13 83.83 -2.66 13.56 -17.14 9.85 -17.89
1684258163656225 80.00 0.00 0.00 0.00 83.67 1.00 83.74 -2.08 -7.88 -9.50 5.51 -11.08
1684258163672106 80.00 0.00 0.00 0.00 82.52 -2.62 83.51 -1.95 5.42 -36.59 5.78 -13.62
1684258163689788 80.00 0.00 0.00 0.00 82.52 -2.62 83.28 -1.82 13.01 -7.32 7.06 -20.60
1684258163704762 80.00 0.00 0.00 0.00 82.52 -2.62 83.16 -1.83 15.36 -8.64 7.97 -18.74
1684258163720582 80.00 0.00 0.00 0.00 82.59 -1.43 82.94 -1.55 7.60 0.53 8.28 -14.04
1684258163736788 80.00 0.00 0.00 0.00 83.55 -1.37 82.95 -1.26 13.69 -17.11 9.26 -14.08
1684258163753002 80.00 0.00 0.00 0.00 83.49 -2.55 82.95 -1.26 -1.05 -18.16 7.46 -14.24
1684258163769018 80.00 0.00 0.00 0.00 83.55 -1.37 83.05 -1.70 0.00 0.00 5.77 -12.10
1684258163786608 80.00 0.00 0.00 0.00 82.59 -1.43 82.92 -2.00 -5.63 24.88 6.05 -7.80
1684258163802340 80.00 0.00 0.00 0.00 82.59 -1.43 82.93 -1.85 8.63 19.32 6.45 -0.81
1684258163817743 80.00 0.00 0.00 0.00 82.52 -2.62 82.93 -1.85 -0.53 -9.60 4.76 -1.10
1684258163842446 80.00 0.00 0.00 0.00 81.83 3.28 82.84 -1.12 0.00 0.00 2.84 -0.02
1684258163854851 80.00 0.00 0.00 0.00 82.52 -2.62 82.83 -1.26 7.01 -59.40 2.77 -7.51
1684258163866725 80.00 0.00 0.00 0.00 83.55 -1.37 82.83 -1.26 0.68 12.45 1.14 -3.81
1684258163884640 80.00 0.00 0.00 0.00 82.59 -1.43 82.72 -1.12 0.00 0.00 1.27 -1.54
1684258168515023 80.00 0.00 0.00 0.00 82.52 -2.62 82.59 -1.28 0.02 -0.03 1.27 -1.55
1684258168530990 80.00 0.00 0.00 0.00 82.59 -1.43 82.59 -1.28 8.05 9.76 2.98 -3.44
1684258163933214 80.00 0.00 0.00 0.00 82.86 4.52 82.62 -0.54 -0.00 -0.00 1.91 -5.85
1684258163949944 80.00 0.00 0.00 0.00 82.59 -1.43 82.63 -0.39 -2.01 -44.50 1.72 -10.21
1684258163966472 80.00 0.00 0.00 0.00 82.90 5.72 82.77 -0.08 -0.49 -8.95 1.66 -11.33
1684258163982640 80.00 0.00 0.00 0.00 84.68 2.24 83.04 0.52 -8.29 -18.88 -0.25 -6.27
1684258163999983 80.00 0.00 0.00 0.00 83.49 -2.55 83.03 0.38 -15.58 -35.00 -2.29 -12.20
1684258164014178 80.00 0.00 0.00 0.00 83.55 -1.37 83.15 0.39 0.59 10.38 -2.21 -10.90
1684258164031256 80.00 0.00 0.00 0.00 83.49 -2.55 83.27 0.39 -7.06 -0.47 -3.10 -10.95
1684258164046922 80.00 0.00 0.00 0.00 84.74 3.43 83.54 1.00 -7.68 -0.54 -5.06 -12.24
1684258164062663 80.00 0.00 0.00 0.00 84.50 -1.30 83.74 0.27 -17.07 -38.58 -7.20 -17.07
1684258164079723 80.00 0.00 0.00 0.00 85.44 -1.24 84.10 0.30 -12.06 42.69 -8.45 -6.17
1684258164100229 80.00 0.00 0.00 0.00 83.55 -1.37 84.18 -0.59 -17.39 -1.20 -10.57 -5.20
1684258164112311 80.00 0.00 0.00 0.00 84.63 1.06 84.17 -0.74 -6.75 73.34 -10.37 6.33
1684258164127045 80.00 0.00 0.00 0.00 84.44 -2.48 84.29 -0.73 0.48 10.04 -8.37 11.96
1684258164147404 80.00 0.00 0.00 0.00 82.86 4.52 84.21 0.01 -5.83 -0.42 -9.17 10.61
1684258164159811 80.00 0.00 0.00 0.00 82.86 4.52 84.13 0.89 7.00 -59.35 -7.41 3.25
1684258164176804 80.00 0.00 0.00 0.00 84.74 3.43 84.13 0.89 4.62 -52.01 -5.87 -3.19
1684258164196683 80.00 0.00 0.00 0.00 83.49 -2.55 84.00 0.74 0.00 0.00 -3.74 1.64
1684258164208811 80.00 0.00 0.00 0.00 84.74 3.43 83.91 1.32 10.49 12.83 -0.92 -2.10
1684258164227801 80.00 0.00 0.00 0.00 85.37 -2.41 84.14 1.19 4.63 -30.69 1.83 -5.78
1684258164241937 80.00 0.00 0.00 0.00 84.44 -2.48 84.11 0.75 -16.09 9.19 0.66 -13.80
1684258164258305 80.00 0.00 0.00 0.00 84.63 1.06 84.14 1.19 1.47 27.00 0.79 -11.68
1684258164274321 80.00 0.00 0.00 0.00 84.44 -2.48 84.34 0.31 -1.50 -27.59 1.33 -15.08
1684258164299522 80.00 0.00 0.00 0.00 84.79 4.61 84.58 0.33 -7.83 34.73 -0.53 -3.32
1684258164311967 80.00 0.00 0.00 0.00 85.37 -2.41 84.66 -0.40 -19.38 -0.92 -3.53 3.07
1684258164324668 80.00 0.00 0.00 0.00 85.22 -4.74 84.87 -0.68 -6.24 57.42 -4.31 10.24
1684258164340024 80.00 0.00 0.00 0.00 85.63 2.29 84.98 -0.82 -14.12 17.85 -7.38 10.87
1684258164355287 80.00 0.00 0.00 0.00 84.36 -3.65 84.86 -0.97 -7.28 9.26 -8.87 15.87
1684258164371682 80.00 0.00 0.00 0.00 84.36 -3.65 84.85 -1.12 7.69 9.48 -5.90 15.90
1684258164387818 80.00 0.00 0.00 0.00 83.34 -4.90 84.69 -1.87 0.56 9.08 -6.01 13.66
1684258164404595 80.00 0.00 0.00 0.00 84.21 -5.99 84.66 -2.30 9.59 44.35 -4.63 22.66
1684258164420586 80.00 0.00 0.00 0.00 84.29 -4.82 84.60 -3.48 1.78 27.41 -3.43 21.74
1684258164436939 80.00 0.00 0.00 0.00 84.68 2.24 84.51 -2.90 3.81 72.11 -0.53 30.87
1684258164463541 80.00 0.00 0.00 0.00 83.26 -6.07 84.27 -3.07 3.23 -21.84 0.66 20.96
1684258164476204 80.00 0.00 0.00 0.00 83.67 1.00 84.02 -3.23 19.32 13.08 4.84 20.37
1684258164488253 80.00 0.00 0.00 0.00 83.62 -0.19 83.93 -2.80 20.26 13.45 8.28 20.89
1684258164502252 80.00 0.00 0.00 0.00 84.29 -4.82 83.92 -2.94 6.68 -30.93 8.15 15.84
1684258164518131 80.00 0.00 0.00 0.00 83.42 -3.72 83.93 -2.80 0.60 9.20 8.16 15.85
1684258164534222 80.00 0.00 0.00 0.00 83.26 -6.07 83.81 -2.81 -0.58 -9.11 6.89 9.17
1684258164550988 80.00 0.00 0.00 0.00 82.31 -6.15 83.56 -2.97 7.04 0.60 7.55 5.82
1684258164566907 80.00 0.00 0.00 0.00 82.31 -6.15 83.27 -4.02 15.56 10.40 9.01 -1.89
1684258164582563 80.00 0.00 0.00 0.00 82.38 -4.97 83.16 -3.88 18.99 66.94 10.98 9.20
1684258164599292 80.00 0.00 0.00 0.00 82.31 -6.15 82.99 -4.78 6.58 -8.18 9.39 6.55
1684258164615539 80.00 0.00 0.00 0.00 82.38 -4.97 82.83 -5.37 10.52 54.96 8.17 11.74
1684258164631850 80.00 0.00 0.00 0.00 82.65 -0.25 82.63 -4.80 9.45 36.67 8.52 20.19
1684258164647914 80.00 0.00 0.00 0.00 82.38 -4.97 82.50 -4.96 12.75 -35.58 10.04 14.59
1684258164669103 80.00 0.00 0.00 0.00 83.26 -6.07 82.50 -4.96 6.09 7.36 10.87 16.65
1684258164684144 80.00 0.00 0.00 0.00 82.38 -4.97 82.51 -4.81 0.00 0.00 9.99 16.57
1684258164696987 80.00 0.00 0.00 0.00 83.42 -3.72 82.65 -4.51 -0.74 -11.42 7.95 13.84
1684258164713374 80.00 0.00 0.00 0.00 82.45 -3.80 82.65 -4.36 -8.46 -18.47 4.52 3.17
1684258164729255 80.00 0.00 0.00 0.00 82.38 -4.97 82.66 -4.22 -0.57 -9.26 3.63 3.03
1684258164745660 80.00 0.00 0.00 0.00 82.65 -0.25 82.70 -3.62 -0.58 -8.94 2.24 -4.95
1684258164763710 80.00 0.00 0.00 0.00 82.38 -4.97 82.66 -4.22 -1.85 -32.72 0.83 -13.63
