1.491648 
1.471502 
1.481172 
1.481172 
1.473919 
1.484396 
1.486007 
1.482784 
1.459414 
1.467473 
1.474725 
1.481978 
1.480366 
1.470696 
1.488425 
1.481172 
1.481978 
1.464249 
1.482784 
1.487619 
1.481172 
1.473919 
1.470696 
1.483590 
1.471502 
1.477949 
1.481978 
1.473919 
1.485201 
1.481978 
1.469084 
1.475531 
1.482784 
1.481978 
1.479560 
1.473114 
1.473114 
1.465861 
1.324835 
1.482784 
1.472308 
1.478755 
1.466667 
1.473919 
1.485201 
1.482784 
1.466667 
1.486813 
1.491648 
1.475531 
