1.480366 
1.476337 
1.476337 
1.476337 
1.480366 
1.473919 
1.477143 
1.469890 
1.475531 
1.477949 
1.481172 
1.476337 
1.477949 
1.473919 
1.481172 
1.471502 
1.473919 
1.486007 
1.480366 
1.473114 
1.474725 
1.479560 
1.475531 
1.479560 
1.476337 
1.485201 
1.477949 
1.475531 
1.479560 
1.475531 
1.481172 
1.476337 
1.469890 
1.471502 
1.481172 
1.477143 
1.469890 
1.477143 
1.476337 
1.476337 
1.476337 
1.477949 
1.474725 
1.477143 
1.475531 
1.474725 
1.477143 
1.475531 
1.482784 
1.473919 
