1.477143 
1.473919 
1.474725 
1.475531 
1.477143 
1.472308 
1.476337 
1.474725 
1.476337 
1.474725 
1.475531 
1.475531 
1.475531 
1.481172 
1.476337 
1.478755 
1.477949 
1.476337 
1.477949 
1.482784 
1.479560 
1.477949 
1.477143 
1.476337 
1.476337 
1.474725 
1.477949 
1.476337 
1.477143 
1.477949 
1.476337 
1.478755 
1.474725 
1.476337 
1.477143 
1.481172 
1.475531 
1.479560 
1.475531 
1.477143 
1.475531 
1.480366 
1.474725 
1.474725 
1.477143 
1.478755 
1.474725 
1.475531 
1.477143 
1.477143 
