#Task Selector: 5
#PID Parameters: kp: 0.10, kd: 0.04, ki: 0.01
#n_pos: 10
#n_vel: 10
t x_ref y_ref vx_ref vy_ref x_raw y_raw x y vx_raw vy_raw vx vy
16 80.00 0.00 0.00 0.00 7.40 1.93 0.74 0.19 0.00 0.00 0.00 0.00
1683557645070636 80.00 0.00 0.00 0.00 7.40 1.93 1.48 0.39 -41.24 -10.77 -4.12 -1.08
1683557645086100 80.00 0.00 0.00 0.00 6.35 2.98 2.11 0.68 -47.84 -12.50 -8.91 -2.33
1683557645102189 80.00 0.00 0.00 0.00 5.31 2.98 2.65 0.98 -39.48 -18.52 -12.86 -4.18
1683557645118606 80.00 0.00 0.00 0.00 6.35 1.93 3.28 1.18 -32.32 -18.15 -16.09 -5.99
1683557645137167 80.00 0.00 0.00 0.00 7.40 1.93 4.02 1.37 -34.22 -10.42 -19.51 -7.04
1683557645151173 80.00 0.00 0.00 0.00 7.40 2.98 4.76 1.67 -52.82 -13.80 -24.79 -8.42
1683557645169615 80.00 0.00 0.00 0.00 9.49 1.93 5.71 1.86 -40.11 -16.15 -28.80 -10.03
1683557645183678 80.00 0.00 0.00 0.00 11.59 2.97 6.87 2.16 -67.50 -13.73 -35.55 -11.40
1683557645199571 80.00 0.00 0.00 0.00 11.59 1.93 8.03 2.35 -72.92 -18.71 -42.85 -13.27
1683557645216246 80.00 0.00 0.00 0.00 11.59 1.93 8.45 2.35 -69.51 -11.56 -49.80 -14.43
1683557645232095 80.00 0.00 0.00 0.00 14.75 1.92 9.18 2.35 -26.46 0.04 -48.32 -13.35
1683557645248842 80.00 0.00 0.00 0.00 15.80 1.92 10.13 2.24 -43.88 0.07 -47.92 -12.09
1683557645264829 80.00 0.00 0.00 0.00 20.04 0.86 11.60 2.03 -59.12 6.63 -49.89 -9.58
1683557645281332 80.00 0.00 0.00 0.00 17.92 0.86 12.76 1.92 -89.28 12.86 -55.58 -6.48
1683557645297362 80.00 0.00 0.00 0.00 21.11 -1.25 14.13 1.60 -72.15 6.67 -59.38 -4.77
1683557645313938 80.00 0.00 0.00 0.00 24.30 0.84 15.82 1.39 -82.73 19.22 -62.37 -1.47
1683557645330643 80.00 0.00 0.00 0.00 25.38 -0.22 17.41 1.18 -101.21 12.80 -68.48 1.43
1683557645346588 80.00 0.00 0.00 0.00 26.46 -1.28 18.89 0.75 -99.64 13.48 -71.69 4.15
1683557645362513 80.00 0.00 0.00 0.00 28.62 -1.30 20.60 0.43 -93.39 26.72 -73.74 8.69
1683557645378378 80.00 0.00 0.00 0.00 32.97 -1.33 22.74 0.10 -107.33 20.31 -77.52 11.88
1683557645394980 80.00 0.00 0.00 0.00 34.07 -2.40 24.67 -0.33 -128.77 19.60 -87.75 13.84
1683557645411423 80.00 0.00 0.00 0.00 37.39 -3.50 26.83 -0.87 -117.54 26.28 -95.12 16.46
1683557645427472 80.00 0.00 0.00 0.00 43.01 -4.64 29.12 -1.42 -134.55 33.76 -102.66 19.17
1683557645444160 80.00 0.00 0.00 0.00 46.42 -4.69 31.97 -1.98 -137.62 32.95 -107.49 21.18
1683557645460118 80.00 0.00 0.00 0.00 46.42 -4.69 34.51 -2.32 -178.60 34.80 -118.14 23.99
1683557645477533 80.00 0.00 0.00 0.00 49.88 -4.74 37.06 -2.88 -145.32 19.74 -124.40 24.04
1683557645492861 80.00 0.00 0.00 0.00 49.90 -5.83 39.51 -3.44 -166.85 36.43 -130.96 26.41
1683557645508895 80.00 0.00 0.00 0.00 55.81 -7.04 42.45 -4.02 -152.90 35.00 -136.29 28.56
1683557645524942 80.00 0.00 0.00 0.00 58.21 -7.09 45.41 -4.59 -182.86 35.87 -145.24 29.47
1683557645541399 80.00 0.00 0.00 0.00 59.42 -7.12 48.05 -5.17 -179.78 35.21 -152.48 30.96
1683557645557256 80.00 0.00 0.00 0.00 59.42 -7.12 50.59 -5.65 -166.78 36.52 -156.28 32.66
1683557645574549 80.00 0.00 0.00 0.00 64.37 -8.35 53.28 -6.13 -146.55 27.28 -159.18 32.76
1683557645589736 80.00 0.00 0.00 0.00 64.33 -7.23 55.42 -6.39 -177.60 31.93 -163.49 32.57
1683557645606232 80.00 0.00 0.00 0.00 68.18 -9.58 57.59 -6.88 -129.30 15.71 -162.65 30.85
1683557645622715 80.00 0.00 0.00 0.00 69.50 -10.74 59.90 -7.48 -132.02 29.64 -158.00 30.33
1683557645638604 80.00 0.00 0.00 0.00 72.08 -10.83 62.12 -8.09 -145.25 38.10 -157.99 32.17
1683557645654991 80.00 0.00 0.00 0.00 75.99 -9.82 64.73 -8.49 -135.51 37.14 -154.86 32.24
1683557645671509 80.00 0.00 0.00 0.00 77.38 -11.01 66.89 -8.89 -157.99 24.16 -155.36 31.16
1683557645687744 80.00 0.00 0.00 0.00 77.38 -11.01 68.81 -9.28 -132.88 24.49 -150.37 30.02
1683557645703651 80.00 0.00 0.00 0.00 78.73 -11.06 70.74 -9.68 -120.54 24.67 -144.44 28.96
1683557645720070 80.00 0.00 0.00 0.00 85.73 -12.50 73.37 -10.21 -117.63 24.03 -139.53 27.71
1683557645738556 80.00 0.00 0.00 0.00 81.52 -12.32 75.08 -10.61 -142.34 29.11 -139.11 27.90
1683557645754472 80.00 0.00 0.00 0.00 85.73 -12.50 77.22 -11.14 -107.80 24.99 -132.13 27.20
1683557645768954 80.00 0.00 0.00 0.00 87.16 -12.56 79.12 -11.44 -147.74 36.36 -133.97 29.27
1683557645785625 80.00 0.00 0.00 0.00 88.60 -12.62 81.03 -11.62 -113.85 17.90 -132.15 28.10
1683557645801531 80.00 0.00 0.00 0.00 91.53 -12.75 82.98 -11.82 -120.12 11.82 -129.64 25.47
1683557645817405 80.00 0.00 0.00 0.00 88.54 -11.44 84.23 -11.98 -122.52 12.12 -128.34 22.97
1683557645833747 80.00 0.00 0.00 0.00 91.60 -13.94 85.65 -12.27 -76.78 9.93 -120.22 21.54
1683557645850329 80.00 0.00 0.00 0.00 90.06 -12.69 86.92 -12.44 -85.77 17.65 -115.51 20.86
1683557645866146 80.00 0.00 0.00 0.00 91.53 -12.75 88.20 -12.61 -80.17 10.57 -111.47 19.45
1683557645882745 80.00 0.00 0.00 0.00 92.89 -10.44 88.92 -12.40 -77.12 10.17 -107.42 18.06
1683557645899117 80.00 0.00 0.00 0.00 94.46 -11.69 90.21 -12.34 -43.75 -12.56 -97.56 13.89
1683557645914895 80.00 0.00 0.00 0.00 92.96 -11.63 90.93 -12.25 -81.97 -3.99 -94.98 11.00
1683557645931380 80.00 0.00 0.00 0.00 94.39 -10.50 91.66 -12.05 -43.83 -5.27 -84.59 6.83
1683557645947897 80.00 0.00 0.00 0.00 93.02 -12.82 92.10 -12.07 -43.80 -12.45 -77.58 3.80
1683557645963687 80.00 0.00 0.00 0.00 93.02 -12.82 92.25 -12.07 -27.98 1.25 -68.37 2.74
1683557645980218 80.00 0.00 0.00 0.00 94.60 -14.08 92.85 -12.34 -9.00 0.41 -57.02 1.57
1683557645996533 80.00 0.00 0.00 0.00 94.46 -11.69 93.14 -12.11 -37.12 16.18 -53.05 2.20
1683557646011473 80.00 0.00 0.00 0.00 94.60 -14.08 93.59 -12.25 -19.12 -15.03 -46.39 -1.07
1683557646027994 80.00 0.00 0.00 0.00 95.98 -11.76 94.04 -12.15 -27.46 8.46 -41.12 -1.28
1683557646044456 80.00 0.00 0.00 0.00 92.96 -11.63 94.04 -12.27 -26.99 -6.02 -36.10 -2.90
1683557646060339 80.00 0.00 0.00 0.00 90.00 -11.51 93.60 -12.25 -0.39 7.47 -31.77 -0.90
1683557646076671 80.00 0.00 0.00 0.00 92.84 -9.26 93.59 -12.02 27.31 -1.16 -20.84 -0.62
1683557646093192 80.00 0.00 0.00 0.00 92.96 -11.63 93.44 -12.13 0.72 -14.36 -16.38 -1.52
1683557646108940 80.00 0.00 0.00 0.00 92.96 -11.63 93.43 -12.01 9.14 7.15 -11.09 0.44
1683557646125360 80.00 0.00 0.00 0.00 89.94 -10.33 93.13 -11.76 0.40 -7.24 -8.25 -0.41
1683557646141927 80.00 0.00 0.00 0.00 87.10 -11.39 92.38 -11.49 18.61 -15.05 -5.49 -1.96
1683557646158780 80.00 0.00 0.00 0.00 89.94 -10.33 91.93 -11.35 44.49 -16.01 2.67 -5.18
1683557646174127 80.00 0.00 0.00 0.00 86.99 -9.05 91.16 -10.85 29.45 -8.92 7.53 -4.57
1683557646190651 80.00 0.00 0.00 0.00 85.62 -10.16 90.13 -10.69 46.03 -30.49 14.88 -8.46
1683557646206655 80.00 0.00 0.00 0.00 85.57 -9.00 89.39 -10.43 64.73 -9.99 24.05 -8.86
1683557646223291 80.00 0.00 0.00 0.00 85.67 -11.33 88.96 -10.41 44.41 -15.83 28.53 -11.19
1683557646239136 80.00 0.00 0.00 0.00 84.11 -7.79 88.08 -10.26 27.30 -1.11 28.53 -11.19
1683557646255516 80.00 0.00 0.00 0.00 82.76 -8.90 87.06 -9.99 53.28 -8.97 33.78 -10.65
1683557646271334 80.00 0.00 0.00 0.00 82.76 -8.90 86.04 -9.72 64.47 -17.25 39.32 -13.09
1683557646288099 80.00 0.00 0.00 0.00 81.37 -8.85 85.19 -9.57 60.83 -16.28 45.36 -13.99
1683557646304626 80.00 0.00 0.00 0.00 80.05 -9.96 84.48 -9.43 51.84 -8.91 48.68 -13.38
1683557646320454 80.00 0.00 0.00 0.00 78.56 -6.47 83.34 -9.04 44.57 -9.01 48.69 -12.68
1683557646338411 80.00 0.00 0.00 0.00 79.96 -7.66 82.64 -8.90 63.38 -21.45 52.08 -13.93
1683557646353100 80.00 0.00 0.00 0.00 77.21 -6.44 81.80 -8.53 47.90 -9.44 52.27 -11.82
1683557646369629 80.00 0.00 0.00 0.00 75.91 -7.54 80.83 -8.38 50.86 -22.53 50.88 -13.08
1683557646385413 80.00 0.00 0.00 0.00 75.91 -7.54 79.86 -8.01 61.17 -9.22 52.56 -12.42
1683557646401880 80.00 0.00 0.00 0.00 75.84 -5.27 79.03 -7.75 59.27 -23.01 55.76 -14.61
1683557646418485 80.00 0.00 0.00 0.00 74.55 -6.37 78.21 -7.50 49.79 -15.19 55.41 -15.23
1683557646434400 80.00 0.00 0.00 0.00 71.90 -5.17 77.13 -7.13 51.57 -15.91 54.12 -15.09
1683557646450578 80.00 0.00 0.00 0.00 70.61 -5.14 76.05 -6.76 67.11 -23.04 54.75 -15.77
1683557646467084 80.00 0.00 0.00 0.00 71.93 -6.30 75.24 -6.39 65.22 -22.48 56.08 -17.13
1683557646482922 80.00 0.00 0.00 0.00 73.24 -6.33 74.71 -6.38 51.23 -23.11 56.75 -18.54
1683557646499493 80.00 0.00 0.00 0.00 73.24 -6.33 74.03 -6.24 32.12 -0.85 53.62 -16.48
1683557646515326 80.00 0.00 0.00 0.00 71.90 -5.17 73.50 -6.12 42.45 -8.37 53.08 -16.37
1683557646531798 80.00 0.00 0.00 0.00 71.87 -4.05 73.10 -5.77 32.24 -7.68 51.22 -14.89
1683557646548306 80.00 0.00 0.00 0.00 69.32 -5.11 72.44 -5.53 24.47 -21.17 47.55 -16.08
1683557646566261 80.00 0.00 0.00 0.00 71.87 -4.05 72.04 -5.40 36.69 -13.51 45.29 -15.13
1683557646580723 80.00 0.00 0.00 0.00 69.35 -6.24 71.52 -5.39 27.45 -8.43 43.06 -14.46
1683557646597299 80.00 0.00 0.00 0.00 70.61 -5.14 71.39 -5.39 31.35 -0.79 41.03 -12.94
1683557646613240 80.00 0.00 0.00 0.00 70.61 -5.14 71.39 -5.39 8.11 -0.18 35.13 -10.66
1683557646629689 80.00 0.00 0.00 0.00 70.58 -4.02 71.26 -5.16 0.00 -0.00 28.61 -8.41
1683557646645542 80.00 0.00 0.00 0.00 70.61 -5.14 71.00 -5.04 8.53 -14.39 24.34 -7.54
1683557646662068 80.00 0.00 0.00 0.00 68.05 -5.09 70.48 -4.92 15.91 -7.20 22.72 -8.17
1683557646678007 80.00 0.00 0.00 0.00 70.61 -5.14 70.35 -4.91 32.54 -7.82 21.73 -8.12
1683557646694589 80.00 0.00 0.00 0.00 70.61 -5.14 70.22 -5.02 7.80 -0.18 19.29 -7.37
1683557646711072 80.00 0.00 0.00 0.00 70.64 -6.27 70.35 -5.14 7.67 6.66 17.61 -4.59
1683557646726954 80.00 0.00 0.00 0.00 70.61 -5.14 70.23 -5.25 -8.27 7.26 13.11 -2.51
1683557646743271 80.00 0.00 0.00 0.00 71.93 -6.30 70.48 -5.25 7.75 6.72 11.14 -0.99
1683557646759817 80.00 0.00 0.00 0.00 73.20 -5.20 70.74 -5.26 -15.58 0.38 6.45 -0.88
1683557646777459 80.00 0.00 0.00 0.00 71.93 -6.30 70.88 -5.38 -14.72 0.34 4.16 -0.82
1683557646791903 80.00 0.00 0.00 0.00 70.64 -6.27 70.88 -5.60 -9.17 8.01 3.25 -0.02
1683557646808387 80.00 0.00 0.00 0.00 73.24 -6.33 71.14 -5.72 -0.35 13.64 2.36 2.78
1683557646824081 80.00 0.00 0.00 0.00 73.31 -8.60 71.67 -6.07 -16.75 7.58 -0.91 4.26
1683557646840770 80.00 0.00 0.00 0.00 71.93 -6.30 71.80 -6.19 -31.52 21.05 -7.31 7.15
1683557646857330 80.00 0.00 0.00 0.00 73.20 -5.20 72.06 -6.19 -8.00 6.99 -8.89 7.86
1683557646873114 80.00 0.00 0.00 0.00 75.91 -7.54 72.59 -6.32 -16.45 0.38 -11.31 7.24
1683557646889718 80.00 0.00 0.00 0.00 75.87 -6.40 73.12 -6.45 -31.77 7.66 -13.66 7.28
1683557646905672 80.00 0.00 0.00 0.00 75.95 -8.68 73.52 -6.68 -33.02 7.89 -17.73 7.39
1683557646922198 80.00 0.00 0.00 0.00 75.95 -8.68 73.79 -7.03 -24.33 14.40 -18.61 8.79
1683557646938062 80.00 0.00 0.00 0.00 77.25 -7.58 74.33 -7.16 -17.32 21.92 -18.87 10.95
1683557646954889 80.00 0.00 0.00 0.00 78.64 -8.77 75.13 -7.41 -31.60 7.60 -21.11 10.91
1683557646970735 80.00 0.00 0.00 0.00 78.64 -8.77 75.67 -7.65 -50.50 15.76 -26.12 11.12
1683557646987958 80.00 0.00 0.00 0.00 78.64 -8.77 76.20 -7.67 -31.37 14.12 -27.59 11.78
1683557647002466 80.00 0.00 0.00 0.00 77.29 -8.72 76.73 -7.91 -36.74 1.14 -28.11 9.79
1683557647019078 80.00 0.00 0.00 0.00 79.96 -7.66 77.41 -8.16 -32.25 14.58 -30.53 10.54
1683557647035036 80.00 0.00 0.00 0.00 81.37 -8.85 77.96 -8.29 -42.32 15.39 -33.12 12.05
1683557647050925 80.00 0.00 0.00 0.00 81.52 -12.32 78.52 -8.88 -34.37 8.27 -33.38 12.11
1683557647067402 80.00 0.00 0.00 0.00 82.76 -8.90 79.20 -8.90 -34.29 35.94 -33.51 14.91
1683557647083401 80.00 0.00 0.00 0.00 81.47 -11.17 79.75 -9.15 -42.54 1.37 -35.33 13.61
1683557647099752 80.00 0.00 0.00 0.00 81.47 -11.17 80.18 -9.51 -33.75 15.20 -36.97 12.94
1683557647116592 80.00 0.00 0.00 0.00 82.81 -10.06 80.59 -9.64 -25.07 21.30 -36.32 14.31
1683557647132445 80.00 0.00 0.00 0.00 82.81 -10.06 81.01 -9.77 -26.29 8.16 -33.90 13.55
1683557647148929 80.00 0.00 0.00 0.00 82.86 -11.22 81.43 -10.01 -25.28 7.85 -33.29 12.92
1683557647164811 80.00 0.00 0.00 0.00 82.86 -11.22 81.99 -10.26 -26.57 15.45 -32.27 14.35
1683557647181218 80.00 0.00 0.00 0.00 84.21 -10.11 82.41 -10.51 -33.94 15.22 -32.44 14.41
1683557647197102 80.00 0.00 0.00 0.00 84.21 -10.11 82.70 -10.63 -26.75 15.42 -30.88 14.42
1683557647213588 80.00 0.00 0.00 0.00 84.16 -8.95 82.96 -10.30 -17.19 7.61 -29.17 14.35
1683557647230249 80.00 0.00 0.00 0.00 82.76 -8.90 82.96 -10.30 -15.79 -20.27 -27.32 8.73
1683557647246160 80.00 0.00 0.00 0.00 85.67 -11.33 83.38 -10.31 0.00 0.00 -23.06 8.59
1683557647262902 80.00 0.00 0.00 0.00 85.57 -9.00 83.79 -10.09 -25.10 0.98 -22.20 7.17
1683557647278715 80.00 0.00 0.00 0.00 85.57 -9.00 84.06 -9.99 -25.91 -13.72 -22.28 3.67
1683557647295311 80.00 0.00 0.00 0.00 85.62 -10.16 84.35 -10.00 -16.64 -6.40 -21.32 2.21
1683557647311209 80.00 0.00 0.00 0.00 85.62 -10.16 84.62 -9.89 -17.69 0.65 -20.56 1.49
1683557647327874 80.00 0.00 0.00 0.00 84.21 -10.11 84.76 -9.78 -16.56 -6.34 -19.56 -0.69
1683557647343925 80.00 0.00 0.00 0.00 86.99 -9.05 85.04 -9.68 -8.39 -6.91 -17.00 -2.90
1683557647359654 80.00 0.00 0.00 0.00 85.57 -9.00 85.17 -9.56 -17.72 -6.76 -16.10 -5.12
1683557647376197 80.00 0.00 0.00 0.00 84.21 -10.11 85.18 -9.68 -8.23 -6.73 -15.20 -6.55
1683557647392088 80.00 0.00 0.00 0.00 86.99 -9.05 85.60 -9.70 -0.31 7.31 -13.65 -3.79
1683557647408829 80.00 0.00 0.00 0.00 85.62 -10.16 85.59 -9.58 -25.29 0.87 -16.18 -3.71
1683557647426384 80.00 0.00 0.00 0.00 89.83 -7.97 86.02 -9.48 0.31 -6.65 -13.64 -4.47
1683557647441096 80.00 0.00 0.00 0.00 86.94 -7.88 86.16 -9.36 -29.00 -6.94 -13.95 -3.79
1683557647457548 80.00 0.00 0.00 0.00 84.11 -7.79 86.01 -9.13 -8.37 -6.79 -13.12 -3.83
1683557647474150 80.00 0.00 0.00 0.00 86.94 -7.88 86.14 -8.90 9.09 -14.30 -10.45 -5.32
1683557647490105 80.00 0.00 0.00 0.00 84.16 -8.95 86.14 -8.78 -8.31 -14.31 -9.62 -6.12
1683557647506657 80.00 0.00 0.00 0.00 85.52 -7.83 85.99 -8.66 0.30 -7.02 -8.75 -6.13
1683557647522564 80.00 0.00 0.00 0.00 85.52 -7.83 85.98 -8.55 9.26 -7.63 -6.06 -6.22
1683557647539171 80.00 0.00 0.00 0.00 85.52 -7.83 86.12 -8.32 0.29 -7.00 -5.20 -6.25
1683557647555181 80.00 0.00 0.00 0.00 84.11 -7.79 85.83 -8.19 -8.21 -14.22 -5.99 -8.40
1683557647571762 80.00 0.00 0.00 0.00 85.48 -6.67 85.81 -7.84 17.38 -7.59 -1.73 -9.24
1683557647587613 80.00 0.00 0.00 0.00 84.16 -8.95 85.24 -7.94 0.90 -22.02 -1.67 -10.78
1683557647604155 80.00 0.00 0.00 0.00 82.67 -6.59 84.82 -7.81 34.32 5.88 4.66 -9.50
1683557647620016 80.00 0.00 0.00 0.00 84.11 -7.79 84.82 -7.81 26.94 -8.13 8.19 -9.63
1683557647636632 80.00 0.00 0.00 0.00 82.67 -6.59 84.39 -7.68 0.00 0.00 7.29 -8.20
1683557647652452 80.00 0.00 0.00 0.00 84.11 -7.79 84.39 -7.57 27.01 -8.15 10.82 -7.59
1683557647669105 80.00 0.00 0.00 0.00 81.42 -10.01 83.98 -7.78 0.28 -6.96 10.82 -7.58
1683557647685108 80.00 0.00 0.00 0.00 84.07 -6.63 83.83 -7.66 25.62 13.60 12.45 -5.46
1683557647701130 80.00 0.00 0.00 0.00 82.67 -6.59 83.55 -7.54 9.07 -7.51 13.33 -5.51
1683557647717628 80.00 0.00 0.00 0.00 81.33 -7.70 83.27 -7.53 17.27 -7.54 15.88 -4.84
1683557647734756 80.00 0.00 0.00 0.00 82.67 -6.59 82.99 -7.52 16.24 -0.51 15.76 -4.13
1683557647749950 80.00 0.00 0.00 0.00 82.63 -5.44 82.83 -7.17 18.46 -0.54 17.52 -1.98
1683557647766636 80.00 0.00 0.00 0.00 81.25 -5.40 82.69 -7.05 9.13 -21.04 15.00 -4.68
1683557647782417 80.00 0.00 0.00 0.00 82.67 -6.59 82.55 -6.93 9.00 -7.53 13.21 -4.62
1683557647799028 80.00 0.00 0.00 0.00 79.92 -6.51 82.27 -6.92 8.66 -7.21 14.07 -5.34
1683557647814938 80.00 0.00 0.00 0.00 81.29 -6.55 81.99 -6.80 17.31 -0.49 13.10 -4.57
1683557647831464 80.00 0.00 0.00 0.00 81.33 -7.70 81.98 -6.57 17.08 -7.49 14.78 -4.63
1683557647848150 80.00 0.00 0.00 0.00 81.25 -5.40 81.70 -6.45 0.55 -13.83 12.28 -7.37
1683557647863887 80.00 0.00 0.00 0.00 78.60 -7.62 81.29 -6.55 17.90 -7.81 13.16 -7.40
1683557647880967 80.00 0.00 0.00 0.00 79.96 -7.66 81.16 -6.55 23.85 6.03 13.82 -6.04
1683557647896286 80.00 0.00 0.00 0.00 79.96 -7.66 80.88 -6.65 8.95 -0.27 13.09 -6.02
1683557647912966 80.00 0.00 0.00 0.00 79.92 -6.51 80.61 -6.76 16.27 6.41 12.87 -5.32
1683557647928879 80.00 0.00 0.00 0.00 79.92 -6.51 80.48 -6.87 17.07 6.75 13.66 -2.54
1683557647945332 80.00 0.00 0.00 0.00 80.00 -8.81 80.21 -7.09 8.11 6.75 13.57 -1.12
1683557647961261 80.00 0.00 0.00 0.00 81.29 -6.55 80.35 -7.10 16.77 13.93 14.39 1.00
1683557647977916 80.00 0.00 0.00 0.00 75.95 -8.68 79.82 -7.31 -8.23 0.23 11.83 1.07
1683557647993764 80.00 0.00 0.00 0.00 81.37 -8.85 79.82 -7.43 33.67 13.44 13.49 3.16
1683557648009262 80.00 0.00 0.00 0.00 78.60 -7.62 79.55 -7.65 -0.28 7.44 13.41 5.29
1683557648025201 80.00 0.00 0.00 0.00 81.37 -8.85 79.83 -7.77 16.65 13.91 13.28 7.46
1683557648041831 80.00 0.00 0.00 0.00 80.09 -11.11 79.85 -8.12 -16.69 7.43 9.23 7.60
1683557648057565 80.00 0.00 0.00 0.00 77.38 -11.01 79.59 -8.45 -0.88 21.95 8.25 9.83
1683557648074358 80.00 0.00 0.00 0.00 77.29 -8.72 79.33 -8.67 15.34 19.98 8.15 11.18
1683557648091606 80.00 0.00 0.00 0.00 78.64 -8.77 79.20 -8.90 15.23 12.81 7.97 11.79
1683557648106978 80.00 0.00 0.00 0.00 78.64 -8.77 79.06 -8.89 8.32 14.66 7.99 12.58
1683557648123242 80.00 0.00 0.00 0.00 78.64 -8.77 78.80 -9.12 8.37 -0.27 7.15 11.16
1683557648139188 80.00 0.00 0.00 0.00 81.42 -10.01 79.34 -9.25 16.61 13.89 9.63 12.52
1683557648155987 80.00 0.00 0.00 0.00 80.00 -8.81 79.21 -9.24 -32.55 7.91 3.01 11.97
1683557648171765 80.00 0.00 0.00 0.00 78.73 -11.06 79.22 -9.59 8.70 -0.29 3.91 11.20
1683557648188249 80.00 0.00 0.00 0.00 78.68 -9.91 78.95 -9.69 -0.82 20.89 2.16 11.90
1683557648204201 80.00 0.00 0.00 0.00 80.00 -8.81 78.94 -9.46 16.85 6.64 5.52 11.82
1683557648220703 80.00 0.00 0.00 0.00 80.09 -11.11 79.21 -9.47 0.58 -13.97 5.66 8.23
1683557648236579 80.00 0.00 0.00 0.00 81.42 -10.01 79.63 -9.60 -17.10 0.63 2.42 6.29
1683557648252994 80.00 0.00 0.00 0.00 80.00 -8.81 79.76 -9.61 -25.16 7.84 -1.62 5.79
1683557648269651 80.00 0.00 0.00 0.00 80.00 -8.81 79.90 -9.61 -8.17 0.26 -3.27 4.35
1683557648285440 80.00 0.00 0.00 0.00 80.00 -8.81 80.03 -9.62 -8.62 0.28 -4.97 4.41
1683557648303416 80.00 0.00 0.00 0.00 80.09 -11.11 79.90 -9.73 -7.57 0.24 -7.39 3.04
1683557648318105 80.00 0.00 0.00 0.00 77.29 -8.72 79.63 -9.72 9.02 7.52 -3.23 3.01
1683557648338028 80.00 0.00 0.00 0.00 78.64 -8.77 79.62 -9.49 13.60 -0.44 -2.74 2.99
1683557648350550 80.00 0.00 0.00 0.00 78.64 -8.77 79.62 -9.37 0.75 -18.35 -2.58 -0.93
1683557648367375 80.00 0.00 0.00 0.00 78.60 -7.62 79.48 -9.25 0.27 -6.82 -4.24 -2.28
1683557648383291 80.00 0.00 0.00 0.00 78.68 -9.91 79.34 -9.13 8.81 -7.48 -3.42 -1.63
1683557648399844 80.00 0.00 0.00 0.00 80.00 -8.81 79.19 -9.01 8.53 -7.25 -0.85 -2.42
1683557648415602 80.00 0.00 0.00 0.00 78.64 -8.77 79.06 -9.01 9.01 -7.61 2.56 -3.96
1683557648432298 80.00 0.00 0.00 0.00 79.92 -6.51 79.05 -8.78 8.15 -0.26 4.19 -4.02
1683557648448148 80.00 0.00 0.00 0.00 78.56 -6.47 78.91 -8.55 0.52 -14.49 5.11 -5.49
1683557648464650 80.00 0.00 0.00 0.00 75.95 -8.68 78.49 -8.30 8.73 -14.15 6.74 -6.93
1683557648480609 80.00 0.00 0.00 0.00 79.92 -6.51 78.75 -8.08 25.96 -15.25 8.43 -9.21
1683557648497213 80.00 0.00 0.00 0.00 79.96 -7.66 78.89 -7.97 -15.82 -13.31 5.49 -10.50
1683557648514323 80.00 0.00 0.00 0.00 78.60 -7.62 78.88 -7.86 -7.70 -6.46 4.65 -9.31
1683557648529587 80.00 0.00 0.00 0.00 78.56 -6.47 78.88 -7.74 0.27 -7.51 4.65 -9.38
1683557648545569 80.00 0.00 0.00 0.00 78.56 -6.47 78.86 -7.40 0.24 -7.16 3.79 -9.35
1683557648562261 80.00 0.00 0.00 0.00 79.92 -6.51 78.86 -7.17 0.75 -20.60 3.01 -10.68
1683557648578000 80.00 0.00 0.00 0.00 79.88 -5.37 78.98 -6.83 0.52 -14.59 2.16 -11.38
1683557648594759 80.00 0.00 0.00 0.00 79.92 -6.51 78.98 -6.83 -7.41 -20.28 0.61 -13.38
1683557648610629 80.00 0.00 0.00 0.00 80.00 -8.81 79.12 -7.06 -0.00 0.00 0.55 -11.93
1683557648627373 80.00 0.00 0.00 0.00 78.56 -6.47 79.39 -6.84 -8.61 13.94 -1.18 -9.12
1683557648643289 80.00 0.00 0.00 0.00 79.88 -5.37 79.38 -6.73 -16.38 -13.86 -5.41 -8.98
1683557648659743 80.00 0.00 0.00 0.00 79.92 -6.51 79.38 -6.61 0.22 -6.96 -3.81 -8.35
1683557648677183 80.00 0.00 0.00 0.00 78.56 -6.47 79.37 -6.50 0.23 -6.58 -3.02 -8.36
1683557648691736 80.00 0.00 0.00 0.00 78.60 -7.62 79.38 -6.61 0.27 -7.86 -3.02 -8.40
1683557648708584 80.00 0.00 0.00 0.00 78.60 -7.62 79.38 -6.73 -0.23 6.79 -3.06 -7.00
1683557648724477 80.00 0.00 0.00 0.00 78.56 -6.47 79.25 -6.72 -0.24 7.20 -3.16 -4.22
1683557648741093 80.00 0.00 0.00 0.00 80.00 -8.81 79.26 -7.07 8.18 -0.23 -2.40 -2.78
1683557648756949 80.00 0.00 0.00 0.00 78.64 -8.77 79.13 -7.29 -0.75 21.71 -1.73 1.42
1683557648773475 80.00 0.00 0.00 0.00 79.92 -6.51 79.12 -7.06 7.74 13.63 -0.96 2.78
1683557648789151 80.00 0.00 0.00 0.00 80.00 -8.81 79.27 -7.30 0.53 -14.65 -0.04 -0.08
1683557648805680 80.00 0.00 0.00 0.00 77.29 -8.72 79.01 -7.63 -8.72 14.12 0.72 2.72
1683557648822324 80.00 0.00 0.00 0.00 81.42 -10.01 79.16 -7.98 15.57 20.16 2.26 5.43
1683557648838113 80.00 0.00 0.00 0.00 79.96 -7.66 79.30 -8.10 -9.52 22.15 1.28 8.30
1683557648856572 80.00 0.00 0.00 0.00 77.33 -9.87 79.17 -8.32 -7.58 6.42 0.50 9.73
1683557648870832 80.00 0.00 0.00 0.00 77.33 -9.87 79.04 -8.55 8.86 15.77 1.41 10.63
1683557648886882 80.00 0.00 0.00 0.00 78.78 -12.22 79.07 -9.12 7.87 14.01 2.22 11.31
1683557648903580 80.00 0.00 0.00 0.00 80.05 -9.96 79.07 -9.24 -1.35 34.38 1.27 14.77
1683557648919492 80.00 0.00 0.00 0.00 78.68 -9.91 79.08 -9.35 -0.29 7.24 1.31 13.32
1683557648936207 80.00 0.00 0.00 0.00 78.78 -12.22 78.96 -9.92 -0.27 6.87 0.51 12.65
1683557648952047 80.00 0.00 0.00 0.00 78.68 -9.91 78.83 -10.03 7.16 36.01 1.17 17.71
1683557648968572 80.00 0.00 0.00 0.00 78.73 -11.06 78.98 -10.27 7.96 6.68 2.84 16.97
1683557648984583 80.00 0.00 0.00 0.00 80.09 -11.11 78.84 -10.38 -9.01 14.62 0.38 16.41
1683557649000140 80.00 0.00 0.00 0.00 78.73 -11.06 78.72 -10.72 8.51 7.10 2.19 14.91
1683557649016014 80.00 0.00 0.00 0.00 77.43 -12.16 78.73 -10.95 7.71 21.44 3.72 16.41
1683557649034660 80.00 0.00 0.00 0.00 78.68 -9.91 78.86 -10.95 -0.52 12.31 2.78 16.07
1683557649048567 80.00 0.00 0.00 0.00 75.95 -8.68 78.58 -10.60 -9.71 0.33 1.02 14.70
1683557649065116 80.00 0.00 0.00 0.00 78.73 -11.06 78.45 -10.71 17.11 -21.36 2.87 9.12
1683557649080996 80.00 0.00 0.00 0.00 78.68 -9.91 78.45 -10.71 8.27 6.94 3.72 9.09
1683557649097614 80.00 0.00 0.00 0.00 78.64 -8.77 78.44 -10.37 -0.00 0.00 3.75 8.41
1683557649113430 80.00 0.00 0.00 0.00 78.68 -9.91 78.44 -10.37 0.92 -21.82 3.13 2.63
1683557649130084 80.00 0.00 0.00 0.00 78.64 -8.77 78.43 -10.14 0.00 0.00 2.33 1.96
1683557649146695 80.00 0.00 0.00 0.00 77.29 -8.72 78.15 -9.90 0.56 -13.84 3.29 -0.89
1683557649162621 80.00 0.00 0.00 0.00 78.64 -8.77 78.14 -9.67 17.62 -15.02 4.20 -3.10
1683557649179341 80.00 0.00 0.00 0.00 81.37 -8.85 78.53 -9.34 0.56 -13.74 3.48 -6.62
1683557649195113 80.00 0.00 0.00 0.00 78.68 -9.91 78.53 -9.34 -24.99 -20.98 1.03 -9.95
1683557649210914 80.00 0.00 0.00 0.00 77.33 -9.87 78.67 -9.45 0.00 0.00 2.00 -9.98
1683557649227644 80.00 0.00 0.00 0.00 78.60 -7.62 78.66 -9.11 -8.26 7.09 -0.53 -7.14
1683557649244062 80.00 0.00 0.00 0.00 78.64 -8.77 78.65 -8.99 0.82 -20.98 -1.28 -9.93
1683557649260122 80.00 0.00 0.00 0.00 78.56 -6.47 78.64 -8.77 0.28 -7.15 -1.25 -10.64
1683557649276898 80.00 0.00 0.00 0.00 78.56 -6.47 78.63 -8.42 0.48 -13.65 -1.29 -9.83
1683557649294021 80.00 0.00 0.00 0.00 77.25 -7.58 78.49 -8.30 0.73 -20.08 -1.22 -11.83
1683557649308709 80.00 0.00 0.00 0.00 79.92 -6.51 78.75 -8.08 9.46 -8.07 -0.33 -11.26
1683557649325055 80.00 0.00 0.00 0.00 78.52 -5.33 78.74 -7.74 -16.07 -13.52 -3.70 -11.11
1683557649341086 80.00 0.00 0.00 0.00 78.52 -5.33 78.46 -7.39 0.72 -21.42 -3.68 -11.88
1683557649357798 80.00 0.00 0.00 0.00 75.87 -6.40 78.18 -7.04 17.05 -21.08 0.52 -11.89
1683557649373807 80.00 0.00 0.00 0.00 79.92 -6.51 78.44 -6.70 17.54 -21.93 2.28 -14.08
1683557649390299 80.00 0.00 0.00 0.00 81.33 -7.70 78.71 -6.71 -15.67 -20.34 1.54 -16.82
1683557649406145 80.00 0.00 0.00 0.00 78.56 -6.47 78.70 -6.48 -17.24 0.52 -0.27 -14.67
1683557649422661 80.00 0.00 0.00 0.00 77.14 -4.16 78.56 -6.25 0.49 -13.87 -0.25 -15.34
1683557649439236 80.00 0.00 0.00 0.00 78.56 -6.47 78.56 -6.25 8.53 -13.96 0.55 -15.38
1683557649454930 80.00 0.00 0.00 0.00 79.96 -7.66 78.83 -6.26 -0.00 0.00 0.48 -13.37
1683557649471610 80.00 0.00 0.00 0.00 81.25 -5.40 78.96 -6.15 -16.23 0.48 -2.09 -12.51
1683557649487552 80.00 0.00 0.00 0.00 79.96 -7.66 79.11 -6.38 -8.37 -6.97 -1.32 -11.86
1683557649504153 80.00 0.00 0.00 0.00 79.92 -6.51 79.25 -6.50 -8.64 14.02 -2.25 -8.31
1683557649520102 80.00 0.00 0.00 0.00 80.00 -8.81 79.66 -6.74 -8.74 7.40 -4.83 -5.46
1683557649536538 80.00 0.00 0.00 0.00 79.96 -7.66 79.66 -6.85 -25.09 14.64 -9.10 -1.81
1683557649552354 80.00 0.00 0.00 0.00 78.60 -7.62 79.39 -6.84 -0.25 7.26 -7.55 0.95
1683557649569165 80.00 0.00 0.00 0.00 79.96 -7.66 79.53 -6.96 16.25 -0.49 -4.21 0.85
1683557649584965 80.00 0.00 0.00 0.00 81.29 -6.55 79.94 -7.20 -8.85 7.50 -5.14 2.99
1683557649601405 80.00 0.00 0.00 0.00 81.33 -7.70 80.22 -7.32 -25.20 14.54 -8.51 5.84
1683557649617445 80.00 0.00 0.00 0.00 77.33 -9.87 79.96 -7.54 -17.27 7.65 -10.24 6.60
1683557649633997 80.00 0.00 0.00 0.00 78.68 -9.91 79.70 -8.00 15.85 13.34 -7.03 7.89
1683557649649854 80.00 0.00 0.00 0.00 81.42 -10.01 79.85 -8.23 16.19 28.45 -4.58 11.43
1683557649666321 80.00 0.00 0.00 0.00 80.05 -9.96 79.86 -8.57 -8.88 14.27 -4.60 11.46
1683557649684995 80.00 0.00 0.00 0.00 80.09 -11.11 79.87 -8.81 -0.69 18.47 -3.80 12.56
1683557649698841 80.00 0.00 0.00 0.00 80.09 -11.11 79.88 -9.15 -0.69 16.65 -1.35 12.76
1683557649716173 80.00 0.00 0.00 0.00 81.42 -10.01 80.17 -9.39 -0.80 19.93 -1.41 14.03
1683557649731536 80.00 0.00 0.00 0.00 77.33 -9.87 79.90 -9.61 -18.37 15.56 -4.87 15.63
1683557649747997 80.00 0.00 0.00 0.00 78.84 -13.37 79.66 -10.29 15.94 13.41 -2.39 16.23
1683557649764017 80.00 0.00 0.00 0.00 78.73 -11.06 79.40 -10.63 15.29 42.57 1.66 19.03
1683557649780526 80.00 0.00 0.00 0.00 78.73 -11.06 79.54 -10.75 15.73 20.37 4.96 20.30
1683557649796708 80.00 0.00 0.00 0.00 77.38 -11.01 79.41 -10.86 -8.64 7.39 2.51 19.71
1683557649812465 80.00 0.00 0.00 0.00 78.68 -9.91 79.14 -10.85 8.27 6.99 1.71 17.56
1683557649829045 80.00 0.00 0.00 0.00 80.05 -9.96 79.14 -10.85 16.50 -0.58 4.25 16.07
1683557649844901 80.00 0.00 0.00 0.00 80.05 -9.96 79.13 -10.73 0.00 0.00 4.32 14.23
1683557649861628 80.00 0.00 0.00 0.00 76.09 -12.11 78.73 -10.83 0.30 -6.90 4.42 11.87
1683557649878064 80.00 0.00 0.00 0.00 78.68 -9.91 78.46 -10.82 24.37 6.07 6.94 10.49
1683557649895276 80.00 0.00 0.00 0.00 78.68 -9.91 78.59 -10.83 15.90 -0.56 10.36 8.88
1683557649910566 80.00 0.00 0.00 0.00 78.68 -9.91 78.58 -10.48 -8.83 0.30 7.89 7.57
1683557649927021 80.00 0.00 0.00 0.00 78.68 -9.91 78.57 -10.37 0.94 -21.01 6.45 1.21
1683557649943058 80.00 0.00 0.00 0.00 78.68 -9.91 78.57 -10.25 0.30 -7.17 4.91 -1.55
1683557649958729 80.00 0.00 0.00 0.00 77.33 -9.87 78.56 -10.14 0.31 -7.34 5.81 -3.02
1683557649975498 80.00 0.00 0.00 0.00 75.99 -9.82 78.29 -10.13 0.28 -6.84 5.01 -4.40
1683557649991227 80.00 0.00 0.00 0.00 78.64 -8.77 78.15 -10.01 17.10 -0.58 5.07 -4.40
1683557650006924 80.00 0.00 0.00 0.00 78.64 -8.77 78.01 -9.89 8.96 -7.61 5.96 -5.16
1683557650023392 80.00 0.00 0.00 0.00 78.56 -6.47 78.26 -9.33 8.54 -7.26 6.79 -5.20
1683557650039426 80.00 0.00 0.00 0.00 78.56 -6.47 78.25 -8.98 -15.40 -35.16 2.81 -9.32
1683557650055736 80.00 0.00 0.00 0.00 77.29 -8.72 78.11 -8.86 0.77 -21.08 1.30 -11.37
1683557650071769 80.00 0.00 0.00 0.00 78.64 -8.77 78.10 -8.75 8.70 -7.43 3.05 -12.15
1683557650088148 80.00 0.00 0.00 0.00 78.52 -5.33 78.09 -8.29 0.27 -7.01 2.98 -10.75
1683557650104162 80.00 0.00 0.00 0.00 77.18 -5.30 77.93 -7.83 1.00 -28.61 3.05 -12.89
1683557650120715 80.00 0.00 0.00 0.00 78.56 -6.47 78.06 -7.49 9.11 -27.88 3.93 -14.95
1683557650136755 80.00 0.00 0.00 0.00 78.56 -6.47 78.31 -7.15 -7.64 -21.15 3.14 -16.38
1683557650153104 80.00 0.00 0.00 0.00 77.18 -5.30 78.17 -6.81 -15.68 -20.48 -0.14 -18.37
1683557650169158 80.00 0.00 0.00 0.00 77.14 -4.16 78.02 -6.35 9.11 -21.59 -0.12 -19.76
1683557650185648 80.00 0.00 0.00 0.00 78.52 -5.33 78.01 -6.23 9.06 -27.93 -0.07 -21.83
1683557650203768 80.00 0.00 0.00 0.00 78.49 -4.19 78.01 -6.00 0.20 -6.31 1.49 -18.95
1683557650218484 80.00 0.00 0.00 0.00 78.46 -3.05 78.12 -5.44 0.46 -15.52 1.46 -18.39
1683557650234979 80.00 0.00 0.00 0.00 75.81 -4.13 77.84 -4.97 -7.11 -34.38 -0.12 -21.09
1683557650250985 80.00 0.00 0.00 0.00 75.81 -4.13 77.57 -4.85 17.67 -28.95 1.62 -23.28
1683557650266731 80.00 0.00 0.00 0.00 75.84 -5.27 77.44 -4.85 17.22 -7.63 3.24 -21.18
1683557650283499 80.00 0.00 0.00 0.00 78.52 -5.33 77.43 -4.74 7.96 -0.19 3.13 -18.41
1683557650299197 80.00 0.00 0.00 0.00 74.52 -5.23 77.03 -4.61 0.23 -7.28 3.91 -17.03
1683557650315941 80.00 0.00 0.00 0.00 75.84 -5.27 76.90 -4.61 24.13 -7.41 7.89 -15.72
1683557650331830 80.00 0.00 0.00 0.00 77.14 -4.16 76.90 -4.61 8.40 -0.21 7.82 -13.58
1683557650348294 80.00 0.00 0.00 0.00 77.18 -5.30 76.76 -4.61 0.00 0.00 6.92 -10.79
1683557650364355 80.00 0.00 0.00 0.00 75.84 -5.27 76.50 -4.71 8.38 -0.21 7.74 -10.18
1683557650381056 80.00 0.00 0.00 0.00 75.81 -4.13 76.23 -4.82 15.86 6.44 9.28 -7.98
1683557650397147 80.00 0.00 0.00 0.00 75.87 -6.40 76.24 -5.05 16.47 6.71 11.63 -3.87
1683557650413011 80.00 0.00 0.00 0.00 77.25 -7.58 76.38 -5.39 -0.41 14.32 9.83 0.45
1683557650430683 80.00 0.00 0.00 0.00 78.52 -5.33 76.65 -5.40 -8.14 19.51 7.29 3.17
1683557650446050 80.00 0.00 0.00 0.00 77.25 -7.58 76.52 -5.62 -17.45 0.43 4.75 3.23
1683557650461879 80.00 0.00 0.00 0.00 75.87 -6.40 76.66 -5.74 8.05 14.20 5.53 5.38
1683557650478602 80.00 0.00 0.00 0.00 78.64 -8.77 76.94 -6.09 -8.12 6.99 2.31 6.82
1683557650494349 80.00 0.00 0.00 0.00 78.60 -7.62 77.08 -6.44 -17.76 22.22 -0.31 9.06
1683557650510961 80.00 0.00 0.00 0.00 79.96 -7.66 77.36 -6.67 -8.74 20.82 -1.18 11.14
1683557650526934 80.00 0.00 0.00 0.00 80.00 -8.81 77.78 -7.03 -17.40 14.78 -3.76 12.64
1683557650543723 80.00 0.00 0.00 0.00 78.68 -9.91 78.06 -7.61 -24.77 21.10 -7.83 14.11
1683557650559440 80.00 0.00 0.00 0.00 78.64 -8.77 78.34 -7.84 -18.28 36.79 -11.30 17.12
1683557650576004 80.00 0.00 0.00 0.00 80.00 -8.81 78.62 -7.97 -16.68 14.26 -12.93 17.11
1683557650591933 80.00 0.00 0.00 0.00 81.42 -10.01 78.91 -8.43 -17.27 7.72 -13.84 15.93
1683557650610122 80.00 0.00 0.00 0.00 80.09 -11.11 79.19 -8.79 -15.93 25.71 -13.69 18.46
1683557650624673 80.00 0.00 0.00 0.00 80.00 -8.81 79.60 -9.03 -19.56 24.29 -16.45 19.47
1683557650641103 80.00 0.00 0.00 0.00 80.05 -9.96 79.74 -9.15 -25.10 14.65 -18.15 20.24
1683557650657027 80.00 0.00 0.00 0.00 80.05 -9.96 79.89 -9.38 -8.84 7.51 -17.26 18.76
1683557650673531 80.00 0.00 0.00 0.00 80.05 -9.96 79.90 -9.61 -8.78 14.19 -17.26 18.10
1683557650689438 80.00 0.00 0.00 0.00 80.05 -9.96 79.90 -9.73 -0.56 14.46 -15.58 18.07
1683557650706155 80.00 0.00 0.00 0.00 81.52 -12.32 80.19 -9.97 -0.28 6.89 -13.13 16.65
1683557650721974 80.00 0.00 0.00 0.00 80.05 -9.96 80.33 -10.09 -17.96 15.24 -13.10 14.49
1683557650738571 80.00 0.00 0.00 0.00 81.47 -11.17 80.47 -10.32 -8.48 7.20 -12.27 13.79
1683557650754514 80.00 0.00 0.00 0.00 81.37 -8.85 80.47 -10.21 -9.23 14.78 -11.47 14.49
1683557650771014 80.00 0.00 0.00 0.00 80.05 -9.96 80.46 -10.09 0.29 -7.00 -9.85 11.22
1683557650788330 80.00 0.00 0.00 0.00 82.81 -10.06 80.74 -10.22 0.29 -6.66 -7.86 8.13
1683557650803744 80.00 0.00 0.00 0.00 80.00 -8.81 80.74 -10.10 -18.21 8.11 -7.17 7.47
1683557650819583 80.00 0.00 0.00 0.00 81.42 -10.01 80.88 -10.11 0.29 -7.27 -6.26 5.99
1683557650836273 80.00 0.00 0.00 0.00 81.33 -7.70 81.01 -9.88 -8.23 0.29 -6.21 4.60
1683557650851978 80.00 0.00 0.00 0.00 81.37 -8.85 81.14 -9.77 -8.17 -14.38 -6.97 1.72
1683557650868725 80.00 0.00 0.00 0.00 81.33 -7.70 81.12 -9.31 -7.92 -6.61 -7.73 0.37
1683557650884485 80.00 0.00 0.00 0.00 81.33 -7.70 81.25 -9.08 1.24 -29.34 -5.81 -4.09
1683557650901239 80.00 0.00 0.00 0.00 79.96 -7.66 81.10 -8.73 -7.66 -13.48 -5.73 -6.16
1683557650917037 80.00 0.00 0.00 0.00 79.92 -6.51 80.95 -8.50 9.58 -22.19 -3.85 -9.85
1683557650933768 80.00 0.00 0.00 0.00 82.71 -7.74 81.22 -8.28 8.70 -14.00 -3.01 -10.55
1683557650949535 80.00 0.00 0.00 0.00 81.25 -5.40 81.06 -7.81 -16.91 -14.06 -4.73 -11.29
1683557650966170 80.00 0.00 0.00 0.00 81.29 -6.55 81.19 -7.58 9.35 -28.00 -1.97 -14.90
1683557650982112 80.00 0.00 0.00 0.00 78.52 -5.33 80.90 -7.12 -8.08 -14.17 -2.81 -15.59
1683557650998830 80.00 0.00 0.00 0.00 81.22 -4.25 80.89 -6.77 17.33 -27.98 -0.25 -18.42
1683557651013630 80.00 0.00 0.00 0.00 78.49 -4.19 80.60 -6.30 0.75 -23.30 0.64 -19.31
1683557651031528 80.00 0.00 0.00 0.00 82.63 -5.44 80.73 -6.08 16.10 -26.06 3.04 -21.26
1683557651046111 80.00 0.00 0.00 0.00 81.25 -5.40 80.72 -5.85 -8.94 -15.53 2.02 -19.88
1683557651063987 80.00 0.00 0.00 0.00 78.46 -3.05 80.57 -5.39 0.44 -12.87 2.83 -19.81
1683557651078611 80.00 0.00 0.00 0.00 81.22 -4.25 80.70 -5.16 10.22 -31.52 2.90 -20.75
1683557651095099 80.00 0.00 0.00 0.00 82.60 -4.29 80.69 -4.82 -7.88 -13.70 1.24 -20.72
1683557651111140 80.00 0.00 0.00 0.00 78.46 -3.05 80.41 -4.58 0.71 -21.56 3.00 -21.47
1683557651127543 80.00 0.00 0.00 0.00 81.19 -3.11 80.40 -4.24 17.00 -14.33 3.77 -20.10
1683557651144226 80.00 0.00 0.00 0.00 82.54 -1.99 80.80 -3.90 0.61 -20.64 4.63 -20.75
1683557651159971 80.00 0.00 0.00 0.00 81.16 -1.96 80.80 -3.67 -25.51 -21.24 0.35 -20.07
1683557651176644 80.00 0.00 0.00 0.00 81.19 -3.11 81.07 -3.56 0.35 -13.74 0.31 -19.12
1683557651192606 80.00 0.00 0.00 0.00 83.96 -3.17 81.20 -3.34 -16.89 -6.79 -2.99 -17.19
1683557651209048 80.00 0.00 0.00 0.00 82.51 -0.84 81.33 -2.88 -8.07 -13.81 -2.90 -17.02
1683557651224924 80.00 0.00 0.00 0.00 81.19 -3.11 81.60 -2.89 -7.96 -28.73 -3.74 -18.61
1683557651241618 80.00 0.00 0.00 0.00 83.93 -2.01 81.87 -2.66 -16.32 0.34 -6.40 -15.42
1683557651257618 80.00 0.00 0.00 0.00 82.57 -3.14 81.87 -2.55 -16.97 -13.99 -7.30 -15.45
1683557651274115 80.00 0.00 0.00 0.00 82.60 -4.29 82.28 -2.67 0.19 -6.97 -7.36 -13.99
1683557651291123 80.00 0.00 0.00 0.00 84.03 -5.47 82.57 -2.91 -24.32 7.26 -11.49 -11.83
1683557651306369 80.00 0.00 0.00 0.00 82.57 -3.14 82.57 -3.02 -18.64 15.53 -13.41 -8.21
1683557651323200 80.00 0.00 0.00 0.00 82.60 -4.29 82.71 -3.26 -0.17 6.82 -10.88 -5.41
1683557651339070 80.00 0.00 0.00 0.00 82.57 -3.14 82.85 -3.26 -9.07 14.65 -11.82 -2.57
1683557651355514 80.00 0.00 0.00 0.00 79.85 -4.22 82.44 -3.36 -8.40 0.18 -10.97 -1.87
1683557651371586 80.00 0.00 0.00 0.00 82.63 -5.44 82.45 -3.82 25.59 6.57 -7.61 0.17
1683557651387316 80.00 0.00 0.00 0.00 82.60 -4.29 82.59 -3.94 -0.75 29.22 -6.89 5.96
1683557651404017 80.00 0.00 0.00 0.00 82.60 -4.29 82.46 -4.17 -8.45 7.06 -6.10 6.63
1683557651420442 80.00 0.00 0.00 0.00 82.67 -6.59 82.47 -4.51 8.12 13.83 -3.59 9.41
1683557651436334 80.00 0.00 0.00 0.00 82.76 -8.90 82.49 -4.98 -0.66 21.73 -3.68 12.29
1683557651452904 80.00 0.00 0.00 0.00 84.07 -6.63 82.49 -5.09 -0.96 27.85 -1.34 14.34
1683557651468864 80.00 0.00 0.00 0.00 84.11 -7.79 82.64 -5.56 -0.25 7.24 0.50 13.52
1683557651485233 80.00 0.00 0.00 0.00 82.76 -8.90 82.66 -6.02 -9.42 28.42 -0.43 15.67
1683557651501182 80.00 0.00 0.00 0.00 84.11 -7.79 82.81 -6.48 -1.00 28.93 0.38 17.10
1683557651517880 80.00 0.00 0.00 0.00 82.76 -8.90 83.11 -6.95 -9.24 27.86 0.30 19.87
1683557651534245 80.00 0.00 0.00 0.00 81.33 -7.70 82.98 -7.18 -17.78 28.59 -4.04 22.07
1683557651550192 80.00 0.00 0.00 0.00 84.16 -8.95 83.13 -7.64 8.18 14.20 -3.15 20.57
1683557651568544 80.00 0.00 0.00 0.00 84.16 -8.95 83.29 -8.11 -8.49 25.40 -3.15 22.41
1683557651582479 80.00 0.00 0.00 0.00 84.21 -10.11 83.44 -8.46 -11.18 33.45 -5.08 24.37
1683557651599454 80.00 0.00 0.00 0.00 82.76 -8.90 83.44 -8.46 -9.04 20.73 -5.92 24.27
1683557651615336 80.00 0.00 0.00 0.00 82.71 -7.74 83.30 -8.57 -0.00 0.00 -5.82 21.48
1683557651631856 80.00 0.00 0.00 0.00 81.37 -8.85 83.03 -8.68 8.20 6.74 -4.98 21.43
1683557651647808 80.00 0.00 0.00 0.00 82.76 -8.90 83.03 -8.68 17.16 6.68 -2.32 19.26
1683557651664335 80.00 0.00 0.00 0.00 82.76 -8.90 82.90 -8.79 0.00 -0.00 -2.22 16.37
1683557651680389 80.00 0.00 0.00 0.00 82.76 -8.90 82.90 -8.79 8.42 6.93 -0.45 14.27
1683557651696963 80.00 0.00 0.00 0.00 81.37 -8.85 82.90 -8.91 0.00 0.00 1.33 11.41
1683557651712948 80.00 0.00 0.00 0.00 84.11 -7.79 82.90 -8.79 -0.27 7.21 0.48 10.72
1683557651729320 80.00 0.00 0.00 0.00 82.71 -7.74 82.75 -8.67 0.28 -7.08 1.36 7.47
1683557651745194 80.00 0.00 0.00 0.00 82.67 -6.59 82.60 -8.32 9.09 -7.58 3.38 3.36
1683557651761737 80.00 0.00 0.00 0.00 82.63 -5.44 82.59 -7.97 9.28 -21.28 5.22 -0.84
1683557651778826 80.00 0.00 0.00 0.00 81.25 -5.40 82.44 -7.74 0.73 -20.27 5.29 -2.86
1683557651794011 80.00 0.00 0.00 0.00 79.88 -5.37 82.29 -7.39 9.63 -15.43 5.43 -5.08
1683557651810626 80.00 0.00 0.00 0.00 83.99 -4.32 82.41 -6.93 8.98 -20.99 4.61 -7.85
1683557651826501 80.00 0.00 0.00 0.00 84.03 -5.47 82.54 -6.59 -7.78 -28.86 3.84 -10.73
1683557651843005 80.00 0.00 0.00 0.00 82.57 -3.14 82.52 -6.01 -7.70 -20.76 2.22 -13.50
1683557651858942 80.00 0.00 0.00 0.00 81.29 -6.55 82.51 -5.78 1.20 -36.17 2.34 -17.12
1683557651875507 80.00 0.00 0.00 0.00 82.54 -1.99 82.36 -5.20 0.51 -13.91 2.42 -19.23
1683557651891664 80.00 0.00 0.00 0.00 82.54 -1.99 82.34 -4.63 9.72 -35.90 3.37 -22.11
1683557651908117 80.00 0.00 0.00 0.00 83.99 -4.32 82.47 -4.40 1.06 -34.99 2.56 -24.85
1683557651924100 80.00 0.00 0.00 0.00 82.54 -1.99 82.46 -4.05 -8.27 -14.20 0.81 -24.15
1683557651940600 80.00 0.00 0.00 0.00 82.57 -3.14 82.59 -3.83 0.57 -20.91 0.79 -24.21
1683557651957795 80.00 0.00 0.00 0.00 83.88 0.29 82.99 -3.26 -7.65 -13.17 -0.94 -23.99
1683557651973089 80.00 0.00 0.00 0.00 83.91 -0.86 82.98 -2.92 -26.18 -36.96 -4.45 -25.58
1683557651988971 80.00 0.00 0.00 0.00 83.91 -0.86 82.97 -2.45 0.54 -21.76 -3.62 -24.87
1683557652004744 80.00 0.00 0.00 0.00 82.57 -3.14 82.97 -2.45 0.77 -29.23 -2.77 -25.72
1683557652020474 80.00 0.00 0.00 0.00 82.51 -0.84 83.09 -1.88 -0.00 0.00 -2.89 -22.10
1683557652037055 80.00 0.00 0.00 0.00 83.91 -0.86 83.23 -1.77 -7.40 -34.44 -3.68 -24.16
1683557652053138 80.00 0.00 0.00 0.00 82.51 -0.84 83.23 -1.66 -8.50 -6.99 -5.51 -21.27
1683557652069549 80.00 0.00 0.00 0.00 83.91 -0.86 83.22 -1.31 0.15 -6.99 -5.60 -18.47
1683557652085519 80.00 0.00 0.00 0.00 82.57 -3.14 83.22 -1.43 0.54 -21.64 -4.72 -19.21
1683557652102339 80.00 0.00 0.00 0.00 83.91 -0.86 83.36 -1.20 -0.17 6.83 -4.79 -16.44
1683557652118051 80.00 0.00 0.00 0.00 83.93 -2.01 83.36 -1.43 -8.53 -14.47 -4.88 -16.57
1683557652134865 80.00 0.00 0.00 0.00 83.91 -0.86 83.36 -1.43 -0.28 13.68 -2.29 -11.50
1683557652150560 80.00 0.00 0.00 0.00 82.51 -0.84 83.22 -1.43 -0.00 0.00 -2.34 -9.32
1683557652168950 80.00 0.00 0.00 0.00 81.16 -1.96 83.08 -1.31 7.57 -0.13 -1.66 -6.41
1683557652183552 80.00 0.00 0.00 0.00 82.57 -3.14 83.09 -1.54 9.64 -8.04 -0.70 -7.22
1683557652199473 80.00 0.00 0.00 0.00 82.57 -3.14 82.95 -1.77 -0.33 14.42 0.01 -2.33
1683557652216146 80.00 0.00 0.00 0.00 82.57 -3.14 82.96 -2.00 8.03 13.63 1.66 -0.27
1683557652232038 80.00 0.00 0.00 0.00 85.37 -3.20 83.10 -2.23 -0.33 14.45 1.62 1.87
1683557652248613 80.00 0.00 0.00 0.00 82.60 -4.29 83.11 -2.34 -8.81 14.08 0.68 5.45
1683557652264340 80.00 0.00 0.00 0.00 83.99 -4.32 83.12 -2.69 -0.20 7.31 0.68 5.49
1683557652281011 80.00 0.00 0.00 0.00 82.63 -5.44 82.99 -3.03 -0.52 20.73 1.48 9.01
1683557652296762 80.00 0.00 0.00 0.00 85.48 -6.67 83.14 -3.61 8.24 21.73 2.33 9.82
1683557652313365 80.00 0.00 0.00 0.00 85.44 -5.51 83.44 -4.08 -9.45 34.98 1.39 13.32
1683557652329192 80.00 0.00 0.00 0.00 84.11 -7.79 83.73 -4.66 -18.46 29.52 -1.22 16.28
1683557652345777 80.00 0.00 0.00 0.00 84.16 -8.95 83.89 -5.24 -17.79 35.13 -3.96 20.60
1683557652362323 80.00 0.00 0.00 0.00 84.11 -7.79 84.04 -5.71 -9.60 35.12 -4.89 22.67
1683557652378210 80.00 0.00 0.00 0.00 81.33 -7.70 83.92 -6.16 -9.71 29.28 -6.66 24.23
1683557652395953 80.00 0.00 0.00 0.00 82.76 -8.90 83.66 -6.74 6.98 25.73 -5.93 25.36
1683557652411123 80.00 0.00 0.00 0.00 84.16 -8.95 83.81 -7.20 17.20 37.60 -3.33 27.71
1683557652428015 80.00 0.00 0.00 0.00 84.16 -8.95 83.83 -7.66 -9.22 27.60 -4.23 29.74
1683557652443103 80.00 0.00 0.00 0.00 82.76 -8.90 83.84 -8.01 -1.08 30.68 -4.29 30.74
1683557652459780 80.00 0.00 0.00 0.00 81.37 -8.85 83.43 -8.23 -0.75 20.77 -5.19 30.64
1683557652476019 80.00 0.00 0.00 0.00 82.81 -10.06 83.17 -8.68 25.27 13.44 -1.72 28.49
1683557652492224 80.00 0.00 0.00 0.00 78.68 -9.91 82.63 -8.90 16.23 28.06 1.75 28.34
1683557652509073 80.00 0.00 0.00 0.00 81.42 -10.01 82.35 -9.00 32.20 12.61 6.75 26.09
1683557652524663 80.00 0.00 0.00 0.00 82.81 -10.06 82.22 -9.23 17.55 6.81 9.47 23.26
1683557652540556 80.00 0.00 0.00 0.00 81.47 -11.17 82.24 -9.58 8.20 14.29 11.26 21.76
1683557652557109 80.00 0.00 0.00 0.00 81.37 -8.85 82.10 -9.57 -0.86 20.93 10.47 21.28
1683557652573663 80.00 0.00 0.00 0.00 82.81 -10.06 81.96 -9.68 8.37 -0.28 9.59 17.49
1683557652589552 80.00 0.00 0.00 0.00 82.76 -8.90 81.82 -9.68 8.49 6.99 11.36 15.43
1683557652606174 80.00 0.00 0.00 0.00 82.76 -8.90 81.82 -9.68 8.41 -0.28 12.31 12.33
1683557652622048 80.00 0.00 0.00 0.00 81.37 -8.85 81.82 -9.68 0.00 0.00 12.39 10.26
1683557652640837 80.00 0.00 0.00 0.00 81.37 -8.85 81.68 -9.56 0.00 0.00 9.86 8.91
1683557652654525 80.00 0.00 0.00 0.00 81.33 -7.70 81.95 -9.34 10.47 -8.80 9.28 5.23
1683557652671266 80.00 0.00 0.00 0.00 84.11 -7.79 82.21 -9.11 -15.80 -13.21 4.48 2.64
1683557652687277 80.00 0.00 0.00 0.00 82.67 -6.59 82.20 -8.77 -16.80 -13.87 1.05 0.58
1683557652703810 80.00 0.00 0.00 0.00 81.25 -5.40 82.18 -8.19 0.82 -20.98 0.31 -2.95
1683557652719719 80.00 0.00 0.00 0.00 82.63 -5.44 82.31 -7.85 1.38 -36.23 0.53 -8.67
1683557652736100 80.00 0.00 0.00 0.00 82.60 -4.29 82.28 -7.27 -7.69 -20.86 -1.07 -10.73
1683557652751992 80.00 0.00 0.00 0.00 79.88 -5.37 82.00 -6.92 1.31 -36.32 -1.79 -15.06
1683557652768724 80.00 0.00 0.00 0.00 82.63 -5.44 81.98 -6.57 17.19 -21.12 -0.91 -17.14
1683557652785267 80.00 0.00 0.00 0.00 83.96 -3.17 82.24 -6.00 0.75 -20.93 -0.84 -19.23
1683557652801017 80.00 0.00 0.00 0.00 81.22 -4.25 82.23 -5.54 -16.43 -36.11 -2.48 -22.85
1683557652817563 80.00 0.00 0.00 0.00 82.57 -3.14 82.35 -5.09 0.94 -27.81 -3.43 -24.75
1683557652833401 80.00 0.00 0.00 0.00 83.93 -2.01 82.33 -4.51 -7.82 -28.82 -2.63 -26.31
1683557652849998 80.00 0.00 0.00 0.00 82.54 -1.99 82.32 -4.05 1.07 -34.79 -0.85 -28.40
1683557652865816 80.00 0.00 0.00 0.00 83.91 -0.86 82.59 -3.59 0.84 -29.09 -0.85 -29.21
1683557652883319 80.00 0.00 0.00 0.00 83.91 -0.86 82.71 -3.14 -15.17 -25.93 -2.50 -28.18
1683557652898606 80.00 0.00 0.00 0.00 82.51 -0.84 82.71 -2.79 -8.33 -29.92 -2.56 -29.09
1683557652915179 80.00 0.00 0.00 0.00 83.88 0.29 83.11 -2.23 0.51 -20.79 -2.64 -27.53
1683557652931128 80.00 0.00 0.00 0.00 83.88 0.29 83.23 -1.66 -25.10 -35.44 -6.87 -28.96
1683557652947579 80.00 0.00 0.00 0.00 82.47 1.45 83.08 -1.19 -7.61 -34.79 -7.71 -30.35
1683557652963634 80.00 0.00 0.00 0.00 81.11 0.33 83.07 -0.74 9.25 -28.76 -5.14 -29.61
1683557652980230 80.00 0.00 0.00 0.00 83.88 0.29 83.20 -0.39 0.62 -27.59 -5.18 -29.59
1683557652996052 80.00 0.00 0.00 0.00 85.29 0.27 83.34 -0.17 -8.33 -21.63 -5.23 -28.87
1683557653011875 80.00 0.00 0.00 0.00 85.29 0.27 83.61 0.06 -8.58 -14.41 -6.19 -26.84
1683557653027821 80.00 0.00 0.00 0.00 83.91 -0.86 83.61 0.06 -17.25 -14.13 -8.00 -25.34
1683557653043696 80.00 0.00 0.00 0.00 83.88 0.29 83.61 0.18 0.00 0.00 -6.48 -22.75
1683557653060938 80.00 0.00 0.00 0.00 83.91 -0.86 83.75 0.17 0.13 -6.67 -5.64 -20.42
1683557653076183 80.00 0.00 0.00 0.00 83.88 0.29 83.75 0.17 -9.13 0.15 -6.60 -18.33
1683557653092850 80.00 0.00 0.00 0.00 83.99 -4.32 83.76 -0.29 -0.00 0.00 -4.09 -14.78
1683557653109376 80.00 0.00 0.00 0.00 83.91 -0.86 83.91 -0.52 -0.65 27.87 -3.39 -8.52
1683557653125274 80.00 0.00 0.00 0.00 83.93 -2.01 84.19 -0.75 -9.00 14.56 -5.22 -4.19
1683557653141245 80.00 0.00 0.00 0.00 85.31 -0.89 84.33 -0.87 -17.64 14.65 -7.05 0.04
1683557653157664 80.00 0.00 0.00 0.00 86.76 -2.07 84.48 -1.10 -8.69 7.15 -7.08 2.92
1683557653174214 80.00 0.00 0.00 0.00 83.99 -4.32 84.35 -1.56 -8.87 14.11 -7.11 5.77
1683557653190041 80.00 0.00 0.00 0.00 85.34 -2.04 84.49 -1.68 8.19 28.97 -4.57 10.08
1683557653206741 80.00 0.00 0.00 0.00 82.51 -0.84 84.35 -1.79 -8.57 7.05 -5.42 10.79
1683557653222592 80.00 0.00 0.00 0.00 86.76 -2.07 84.64 -1.91 8.64 7.11 -4.57 12.16
1683557653239383 80.00 0.00 0.00 0.00 86.79 -3.23 84.93 -2.27 -16.97 7.18 -5.36 12.87
1683557653255168 80.00 0.00 0.00 0.00 82.57 -3.14 84.79 -2.15 -18.38 22.27 -7.19 15.09
1683557653273068 80.00 0.00 0.00 0.00 83.96 -3.17 84.79 -2.38 7.96 -6.61 -6.33 11.65
1683557653287613 80.00 0.00 0.00 0.00 84.07 -6.63 84.80 -2.84 -0.37 15.83 -5.47 11.77
1683557653304230 80.00 0.00 0.00 0.00 83.99 -4.32 84.67 -3.18 -0.82 27.78 -3.79 13.08
1683557653320112 80.00 0.00 0.00 0.00 84.03 -5.47 84.40 -3.52 8.31 21.61 -2.09 14.53
1683557653336574 80.00 0.00 0.00 0.00 85.44 -5.51 84.54 -3.64 16.57 20.68 0.46 15.19
1683557653353189 80.00 0.00 0.00 0.00 84.07 -6.63 84.42 -4.10 -8.69 7.18 -1.23 13.01
1683557653369080 80.00 0.00 0.00 0.00 82.71 -7.74 84.44 -4.79 7.99 28.88 0.42 15.19
1683557653385511 80.00 0.00 0.00 0.00 84.07 -6.63 84.17 -5.25 -1.21 42.02 -0.56 18.68
1683557653401410 80.00 0.00 0.00 0.00 82.86 -11.22 83.78 -6.05 16.92 28.69 2.83 20.83
1683557653417913 80.00 0.00 0.00 0.00 82.63 -5.44 83.78 -6.28 23.80 48.42 7.05 23.45
1683557653433846 80.00 0.00 0.00 0.00 81.37 -8.85 83.52 -6.85 -0.41 14.44 6.21 25.55
1683557653450374 80.00 0.00 0.00 0.00 84.11 -7.79 83.53 -6.96 15.66 34.41 7.81 27.41
1683557653468412 80.00 0.00 0.00 0.00 82.71 -7.74 83.40 -7.30 -0.24 6.42 7.87 25.27
1683557653483773 80.00 0.00 0.00 0.00 81.33 -7.70 83.13 -7.53 8.33 22.29 7.87 25.34
1683557653499737 80.00 0.00 0.00 0.00 81.37 -8.85 82.72 -7.86 16.91 13.95 7.91 24.67
1683557653515685 80.00 0.00 0.00 0.00 81.37 -8.85 82.45 -8.08 25.48 20.96 11.32 26.05
1683557653531442 80.00 0.00 0.00 0.00 82.67 -6.59 82.45 -7.97 17.10 14.11 12.23 24.57
1683557653548069 80.00 0.00 0.00 0.00 82.71 -7.74 82.31 -8.08 0.25 -6.94 12.38 19.68
1683557653563921 80.00 0.00 0.00 0.00 79.92 -6.51 82.02 -7.61 8.54 7.03 11.54 17.51
1683557653580556 80.00 0.00 0.00 0.00 79.96 -7.66 81.75 -7.83 17.68 -28.29 10.93 9.84
1683557653596364 80.00 0.00 0.00 0.00 81.29 -6.55 81.74 -7.60 16.93 14.06 12.66 9.80
1683557653613016 80.00 0.00 0.00 0.00 79.85 -4.22 81.32 -7.24 0.51 -13.83 11.15 4.98
1683557653629501 80.00 0.00 0.00 0.00 79.88 -5.37 81.03 -7.01 25.85 -21.63 13.76 2.17
1683557653646779 80.00 0.00 0.00 0.00 81.25 -5.40 81.03 -6.78 16.39 -13.76 14.56 -1.44
1683557653661620 80.00 0.00 0.00 0.00 81.22 -4.25 81.01 -6.32 0.52 -15.50 12.93 -4.38
1683557653678037 80.00 0.00 0.00 0.00 82.63 -5.44 81.14 -5.97 0.95 -28.02 10.47 -9.28
1683557653694027 80.00 0.00 0.00 0.00 79.82 -3.08 80.85 -5.62 -7.88 -21.37 7.97 -12.83
1683557653710541 80.00 0.00 0.00 0.00 81.19 -3.11 80.70 -5.16 17.28 -21.26 9.68 -14.26
1683557653727152 80.00 0.00 0.00 0.00 78.49 -4.19 80.56 -4.93 9.19 -27.92 9.74 -17.75
1683557653742923 80.00 0.00 0.00 0.00 81.19 -3.11 80.68 -4.47 9.04 -14.72 8.88 -16.40
1683557653759628 80.00 0.00 0.00 0.00 81.22 -4.25 80.67 -4.24 -7.36 -27.25 6.45 -20.53
1683557653775484 80.00 0.00 0.00 0.00 81.16 -1.96 80.80 -4.02 0.45 -14.49 6.44 -20.59
1683557653792066 80.00 0.00 0.00 0.00 79.82 -3.08 80.80 -3.79 -7.91 -13.63 3.07 -19.79
1683557653807954 80.00 0.00 0.00 0.00 81.19 -3.11 80.79 -3.56 0.40 -14.40 1.47 -19.86
1683557653824572 80.00 0.00 0.00 0.00 79.92 -6.51 80.66 -3.78 0.39 -13.81 1.45 -19.69
1683557653841430 80.00 0.00 0.00 0.00 79.75 0.34 80.37 -3.21 7.71 13.40 2.13 -15.54
1683557653856671 80.00 0.00 0.00 0.00 79.79 -1.94 80.37 -3.09 18.93 -37.93 4.81 -17.20
1683557653873244 80.00 0.00 0.00 0.00 79.82 -3.08 80.23 -3.09 0.16 -6.89 3.10 -15.76
1683557653889142 80.00 0.00 0.00 0.00 81.19 -3.11 80.50 -2.98 8.61 -0.18 3.04 -12.99
1683557653905637 80.00 0.00 0.00 0.00 81.11 0.33 80.49 -2.64 -16.34 -6.57 0.50 -12.17
1683557653921508 80.00 0.00 0.00 0.00 81.22 -4.25 80.49 -2.64 0.45 -21.63 1.28 -11.61
1683557653938009 80.00 0.00 0.00 0.00 79.79 -1.94 80.36 -2.63 0.00 0.00 1.24 -10.16
1683557653954620 80.00 0.00 0.00 0.00 81.16 -1.96 80.49 -2.52 8.23 -0.15 2.85 -8.82
1683557653970391 80.00 0.00 0.00 0.00 81.16 -1.96 80.49 -2.41 -8.50 -7.08 1.96 -8.08
1683557653987016 80.00 0.00 0.00 0.00 81.16 -1.96 80.61 -1.95 0.16 -6.89 1.94 -7.39
1683557654001824 80.00 0.00 0.00 0.00 81.19 -3.11 80.76 -2.30 -8.39 -30.73 0.33 -11.80
1683557654018603 80.00 0.00 0.00 0.00 79.85 -4.22 80.76 -2.53 -8.57 20.57 -2.42 -5.95
1683557654034316 80.00 0.00 0.00 0.00 81.19 -3.11 80.90 -2.53 -0.36 14.54 -2.47 -3.81
1683557654051954 80.00 0.00 0.00 0.00 81.16 -1.96 80.90 -2.41 -7.76 0.16 -4.11 -3.78
1683557654067208 80.00 0.00 0.00 0.00 81.22 -4.25 80.91 -2.87 0.18 -7.51 -2.46 -3.87
1683557654083844 80.00 0.00 0.00 0.00 81.22 -4.25 80.91 -2.87 -0.62 27.52 -2.56 1.04
1683557654099685 80.00 0.00 0.00 0.00 81.22 -4.25 81.05 -3.10 0.00 -0.00 -2.56 1.04
1683557654115685 80.00 0.00 0.00 0.00 81.19 -3.11 81.05 -3.22 -8.91 14.48 -4.28 2.51
1683557654132198 80.00 0.00 0.00 0.00 81.22 -4.25 81.06 -3.45 -0.17 6.94 -3.44 3.91
1683557654148097 80.00 0.00 0.00 0.00 82.63 -5.44 81.21 -3.80 -0.36 14.41 -3.50 6.04
1683557654164775 80.00 0.00 0.00 0.00 82.60 -4.29 81.35 -3.91 -8.84 20.84 -3.54 11.20
1683557654180652 80.00 0.00 0.00 0.00 82.67 -6.59 81.63 -4.15 -8.89 7.43 -3.57 9.88
1683557654197170 80.00 0.00 0.00 0.00 81.22 -4.25 81.63 -4.26 -17.09 14.34 -5.25 9.86
1683557654213719 80.00 0.00 0.00 0.00 82.63 -5.44 81.78 -4.61 -0.18 6.93 -4.49 10.54
1683557654229600 80.00 0.00 0.00 0.00 84.03 -5.47 82.06 -4.73 -9.28 21.88 -5.43 13.48
1683557654246410 80.00 0.00 0.00 0.00 84.03 -5.47 82.34 -4.86 -16.72 7.26 -7.04 11.45
1683557654262160 80.00 0.00 0.00 0.00 85.44 -5.51 82.76 -4.98 -17.85 7.75 -8.83 12.23
1683557654278843 80.00 0.00 0.00 0.00 82.71 -7.74 82.92 -5.45 -25.29 7.54 -10.47 11.53
1683557654296120 80.00 0.00 0.00 0.00 82.71 -7.74 83.07 -5.80 -8.83 26.84 -11.33 13.52
1683557654310699 80.00 0.00 0.00 0.00 81.29 -6.55 82.93 -5.91 -10.26 23.94 -12.32 14.48
1683557654327221 80.00 0.00 0.00 0.00 83.99 -4.32 83.07 -5.91 8.14 6.74 -10.63 13.07
1683557654343910 80.00 0.00 0.00 0.00 84.07 -6.63 83.21 -5.91 -8.35 0.20 -10.57 12.34
1683557654359743 80.00 0.00 0.00 0.00 84.07 -6.63 83.50 -6.15 -8.82 0.25 -9.75 10.93
1683557654376376 80.00 0.00 0.00 0.00 84.11 -7.79 83.64 -6.39 -17.14 14.29 -11.44 11.67
1683557654392051 80.00 0.00 0.00 0.00 84.07 -6.63 83.65 -6.50 -9.42 15.00 -11.45 10.98
1683557654408641 80.00 0.00 0.00 0.00 82.71 -7.74 83.52 -6.73 -0.24 6.97 -9.81 10.95
1683557654424502 80.00 0.00 0.00 0.00 85.48 -6.67 83.52 -6.85 8.29 14.31 -7.19 11.61
1683557654441040 80.00 0.00 0.00 0.00 82.71 -7.74 83.52 -6.85 -0.24 7.01 -4.69 11.56
1683557654457559 80.00 0.00 0.00 0.00 82.67 -6.59 83.52 -6.73 -0.00 -0.00 -3.80 8.87
1683557654473421 80.00 0.00 0.00 0.00 82.76 -8.90 83.66 -6.96 0.26 -7.28 -2.75 5.75
1683557654489923 80.00 0.00 0.00 0.00 79.92 -6.51 83.26 -7.18 -8.91 14.24 -4.46 6.50
1683557654507442 80.00 0.00 0.00 0.00 82.63 -5.44 83.11 -7.06 23.26 12.52 -1.29 7.73
1683557654522576 80.00 0.00 0.00 0.00 82.63 -5.44 82.97 -6.95 9.48 -7.88 0.53 6.92
1683557654538689 80.00 0.00 0.00 0.00 81.25 -5.40 82.68 -6.71 8.90 -7.40 3.14 4.75
1683557654555012 80.00 0.00 0.00 0.00 82.71 -7.74 82.55 -6.82 17.51 -14.62 5.83 1.79
1683557654571081 80.00 0.00 0.00 0.00 82.67 -6.59 82.54 -6.70 8.43 6.93 6.70 1.78
1683557654587453 80.00 0.00 0.00 0.00 82.63 -5.44 82.26 -6.58 0.25 -7.05 5.89 -0.35
1683557654603484 80.00 0.00 0.00 0.00 82.63 -5.44 82.25 -6.35 17.74 -7.70 7.69 -1.83
1683557654620184 80.00 0.00 0.00 0.00 81.19 -3.11 82.10 -6.00 0.48 -13.81 7.74 -3.21
1683557654635955 80.00 0.00 0.00 0.00 82.63 -5.44 82.09 -5.65 9.41 -22.08 8.66 -4.69
1683557654652606 80.00 0.00 0.00 0.00 82.63 -5.44 82.36 -5.55 0.75 -20.80 9.62 -8.19
1683557654668441 80.00 0.00 0.00 0.00 82.60 -4.29 82.36 -5.43 -17.15 -6.79 5.58 -10.12
1683557654686336 80.00 0.00 0.00 0.00 81.19 -3.11 82.21 -5.20 0.19 -6.43 4.65 -9.98
1683557654700865 80.00 0.00 0.00 0.00 81.22 -4.25 82.21 -5.08 9.96 -16.04 4.76 -10.84
1683557654717471 80.00 0.00 0.00 0.00 81.25 -5.40 82.06 -4.85 0.20 -6.91 3.03 -10.07
1683557654734041 80.00 0.00 0.00 0.00 81.25 -5.40 81.92 -4.73 8.82 -14.14 3.07 -12.18
1683557654749814 80.00 0.00 0.00 0.00 79.88 -5.37 81.65 -4.72 9.01 -7.54 3.94 -12.22
1683557654766578 80.00 0.00 0.00 0.00 81.25 -5.40 81.51 -4.72 16.42 -0.42 3.81 -11.50
1683557654782791 80.00 0.00 0.00 0.00 81.19 -3.11 81.51 -4.72 8.53 -0.22 4.61 -10.14
1683557654798729 80.00 0.00 0.00 0.00 81.19 -3.11 81.36 -4.49 0.00 0.00 3.67 -7.93
1683557654815111 80.00 0.00 0.00 0.00 82.57 -3.14 81.36 -4.26 8.83 -14.22 4.48 -7.27
1683557654831098 80.00 0.00 0.00 0.00 81.19 -3.11 81.22 -4.14 0.41 -14.39 6.24 -8.03
1683557654847577 80.00 0.00 0.00 0.00 81.19 -3.11 81.22 -4.14 8.57 -7.15 7.07 -8.10
1683557654863615 80.00 0.00 0.00 0.00 82.60 -4.29 81.35 -4.14 0.00 -0.00 6.08 -6.50
1683557654880148 80.00 0.00 0.00 0.00 79.79 -1.94 81.21 -3.80 -8.36 0.20 5.22 -5.79
1683557654895933 80.00 0.00 0.00 0.00 81.16 -1.96 81.20 -3.45 9.25 -21.95 5.27 -6.57
1683557654912579 80.00 0.00 0.00 0.00 82.57 -3.14 81.47 -3.23 0.55 -20.66 4.42 -7.88
1683557654930657 80.00 0.00 0.00 0.00 81.16 -1.96 81.46 -2.88 -14.86 -12.33 1.29 -9.07
1683557654945282 80.00 0.00 0.00 0.00 82.57 -3.14 81.60 -2.89 0.63 -23.52 0.50 -11.40
1683557654961367 80.00 0.00 0.00 0.00 81.19 -3.11 81.60 -2.89 -8.58 0.18 -0.36 -11.39
1683557654977908 80.00 0.00 0.00 0.00 79.79 -1.94 81.32 -2.77 0.00 0.00 -1.24 -9.96
1683557654993802 80.00 0.00 0.00 0.00 81.19 -3.11 81.32 -2.77 17.46 -7.55 0.47 -9.28
1683557655009451 80.00 0.00 0.00 0.00 82.54 -1.99 81.45 -2.66 0.00 0.00 -0.39 -8.56
1683557655025419 80.00 0.00 0.00 0.00 82.60 -4.29 81.45 -2.66 -8.47 -7.01 -1.24 -9.26
1683557655041288 80.00 0.00 0.00 0.00 83.96 -3.17 81.87 -2.78 -0.00 0.00 -0.40 -9.28
1683557655057930 80.00 0.00 0.00 0.00 82.60 -4.29 82.01 -3.01 -25.05 7.39 -3.83 -6.35
1683557655074451 80.00 0.00 0.00 0.00 81.19 -3.11 81.88 -3.01 -8.71 14.07 -4.76 -2.88
1683557655090350 80.00 0.00 0.00 0.00 82.63 -5.44 82.02 -3.36 8.68 -0.18 -2.40 -1.66
1683557655106178 80.00 0.00 0.00 0.00 79.88 -5.37 81.76 -3.58 -9.31 21.96 -3.40 2.89
1683557655122676 80.00 0.00 0.00 0.00 83.99 -4.32 82.04 -3.70 16.28 13.52 -0.91 4.22
1683557655139353 80.00 0.00 0.00 0.00 82.60 -4.29 82.32 -3.93 -16.83 7.27 -2.59 4.95
1683557655155674 80.00 0.00 0.00 0.00 84.03 -5.47 82.60 -4.17 -17.20 14.40 -6.06 7.14
1683557655171474 80.00 0.00 0.00 0.00 82.63 -5.44 82.61 -4.52 -17.98 14.98 -7.86 8.64
1683557655189146 80.00 0.00 0.00 0.00 82.60 -4.29 82.61 -4.52 -0.53 19.52 -7.06 11.29
1683557655204296 80.00 0.00 0.00 0.00 84.03 -5.47 82.62 -4.75 0.00 0.00 -7.06 11.29
1683557655220398 80.00 0.00 0.00 0.00 82.76 -8.90 82.63 -5.21 -0.42 14.33 -4.60 11.99
1683557655236857 80.00 0.00 0.00 0.00 82.71 -7.74 82.79 -5.67 -0.97 28.04 -3.83 13.38
1683557655252881 80.00 0.00 0.00 0.00 81.29 -6.55 82.65 -5.78 -9.53 28.94 -5.65 16.29
1683557655269335 80.00 0.00 0.00 0.00 85.48 -6.67 83.21 -5.91 8.17 6.77 -3.90 14.78
1683557655285097 80.00 0.00 0.00 0.00 85.48 -6.67 83.36 -6.15 -35.50 8.28 -9.08 14.25
1683557655301675 80.00 0.00 0.00 0.00 85.52 -7.83 83.65 -6.50 -8.95 14.19 -8.29 14.94
1683557655318243 80.00 0.00 0.00 0.00 81.33 -7.70 83.38 -6.73 -17.63 21.41 -8.33 15.65
1683557655335670 80.00 0.00 0.00 0.00 82.71 -7.74 83.39 -6.96 15.49 12.78 -4.99 15.43
1683557655350315 80.00 0.00 0.00 0.00 84.11 -7.79 83.54 -7.31 -0.54 15.75 -4.99 15.05
1683557655366866 80.00 0.00 0.00 0.00 82.71 -7.74 83.41 -7.53 -9.13 21.16 -5.90 17.16
1683557655383488 80.00 0.00 0.00 0.00 82.76 -8.90 83.41 -7.53 7.91 13.66 -5.07 17.10
1683557655399170 80.00 0.00 0.00 0.00 85.48 -6.67 83.69 -7.43 0.00 0.00 -4.97 14.29
1683557655415795 80.00 0.00 0.00 0.00 81.29 -6.55 83.69 -7.43 -16.62 -6.45 -5.68 10.75
1683557655431861 80.00 0.00 0.00 0.00 82.76 -8.90 83.41 -7.65 0.00 0.00 -6.50 10.08
1683557655447934 80.00 0.00 0.00 0.00 82.71 -7.74 83.14 -7.76 16.91 13.87 -1.26 10.64
1683557655464514 80.00 0.00 0.00 0.00 81.33 -7.70 82.72 -7.74 16.67 6.47 1.31 9.86
1683557655480353 80.00 0.00 0.00 0.00 81.33 -7.70 82.72 -7.74 26.46 -0.83 5.71 7.64
1683557655498252 80.00 0.00 0.00 0.00 81.33 -7.70 82.58 -7.74 0.00 0.00 4.17 6.36
1683557655512913 80.00 0.00 0.00 0.00 79.88 -5.37 82.16 -7.50 9.44 -0.29 5.16 4.76
1683557655529493 80.00 0.00 0.00 0.00 82.63 -5.44 82.15 -7.27 25.51 -14.61 8.63 1.18
1683557655545366 80.00 0.00 0.00 0.00 81.37 -8.85 82.01 -7.26 0.50 -14.53 7.89 -1.64
1683557655562126 80.00 0.00 0.00 0.00 81.19 -3.11 81.58 -6.91 8.27 -0.28 8.71 -1.67
1683557655578041 80.00 0.00 0.00 0.00 79.85 -4.22 81.44 -6.67 26.95 -22.40 13.07 -3.26
1683557655594606 80.00 0.00 0.00 0.00 82.60 -4.29 81.42 -6.21 8.69 -14.06 13.94 -4.67
1683557655610683 80.00 0.00 0.00 0.00 82.67 -6.59 81.42 -6.10 0.99 -28.70 12.35 -8.92
1683557655627161 80.00 0.00 0.00 0.00 81.22 -4.25 81.41 -5.75 0.25 -7.01 10.71 -10.27
1683557655643107 80.00 0.00 0.00 0.00 81.19 -3.11 81.39 -5.29 0.70 -21.62 8.13 -12.35
1683557655659072 80.00 0.00 0.00 0.00 81.19 -3.11 81.38 -4.83 0.89 -28.78 8.22 -15.23
1683557655677486 80.00 0.00 0.00 0.00 82.54 -1.99 81.64 -4.50 0.77 -24.95 7.35 -17.69
1683557655692070 80.00 0.00 0.00 0.00 82.54 -1.99 81.63 -4.15 -18.23 -23.16 2.98 -18.55
1683557655707872 80.00 0.00 0.00 0.00 81.16 -1.96 81.61 -3.46 0.59 -21.83 2.99 -19.28
1683557655724384 80.00 0.00 0.00 0.00 82.54 -1.99 81.75 -3.35 1.29 -41.74 2.29 -23.43
1683557655741166 80.00 0.00 0.00 0.00 82.51 -0.84 82.01 -3.01 -8.06 -6.67 -1.21 -21.85
1683557655757141 80.00 0.00 0.00 0.00 82.60 -4.29 82.01 -3.01 -16.69 -21.17 -3.75 -22.56
1683557655772992 80.00 0.00 0.00 0.00 81.13 -0.82 81.86 -2.43 0.00 0.00 -3.85 -19.69
1683557655789569 80.00 0.00 0.00 0.00 82.51 -0.84 81.99 -2.09 9.27 -34.82 -2.95 -22.47
1683557655805374 80.00 0.00 0.00 0.00 83.91 -0.86 82.26 -1.87 -8.21 -21.60 -3.84 -22.47
1683557655821942 80.00 0.00 0.00 0.00 79.77 -0.80 82.12 -1.64 -16.42 -13.54 -5.57 -20.95
1683557655838489 80.00 0.00 0.00 0.00 82.49 0.31 82.12 -1.41 8.57 -13.97 -4.79 -19.85
1683557655854520 80.00 0.00 0.00 0.00 83.88 0.29 82.25 -1.18 0.29 -14.31 -2.94 -18.96
1683557655870977 80.00 0.00 0.00 0.00 83.91 -0.86 82.53 -1.07 -8.18 -13.82 -3.81 -18.16
1683557655886910 80.00 0.00 0.00 0.00 82.51 -0.84 82.52 -0.96 -17.24 -6.89 -5.67 -14.68
1683557655903537 80.00 0.00 0.00 0.00 82.49 0.31 82.52 -0.84 0.15 -6.90 -4.85 -14.70
1683557655920412 80.00 0.00 0.00 0.00 81.11 0.33 82.37 -0.38 0.13 -6.79 -3.17 -13.26
1683557655935636 80.00 0.00 0.00 0.00 83.88 0.29 82.65 -0.27 9.75 -30.29 -2.19 -16.29
1683557655952724 80.00 0.00 0.00 0.00 83.88 0.29 82.78 -0.16 -16.09 -6.46 -4.73 -13.46
1683557655968529 80.00 0.00 0.00 0.00 82.49 0.31 82.64 -0.04 -8.67 -7.13 -4.77 -12.01
1683557655984468 80.00 0.00 0.00 0.00 82.49 0.31 82.92 0.07 8.87 -7.34 -2.24 -11.39
1683557656000066 80.00 0.00 0.00 0.00 83.88 0.29 83.05 0.07 -17.47 -7.06 -4.85 -10.70
1683557656015894 80.00 0.00 0.00 0.00 82.67 -6.59 82.93 -0.62 -8.79 0.12 -5.76 -9.26
1683557656032549 80.00 0.00 0.00 0.00 83.87 1.44 82.93 -0.39 7.29 41.29 -4.21 -3.75
1683557656048363 80.00 0.00 0.00 0.00 82.51 -0.84 82.93 -0.39 0.25 -14.54 -2.46 -4.51
1683557656064979 80.00 0.00 0.00 0.00 83.93 -2.01 83.07 -0.62 0.00 0.00 -2.47 -3.82
1683557656080821 80.00 0.00 0.00 0.00 85.31 -0.89 83.49 -0.74 -9.08 14.65 -3.40 -1.68
1683557656097575 80.00 0.00 0.00 0.00 82.49 0.31 83.35 -0.74 -25.05 7.24 -6.87 2.08
1683557656113462 80.00 0.00 0.00 0.00 85.34 -2.04 83.50 -0.97 8.76 -0.12 -4.39 2.71
1683557656131985 80.00 0.00 0.00 0.00 83.91 -0.86 83.64 -1.09 -7.84 12.57 -4.31 4.68
1683557656145851 80.00 0.00 0.00 0.00 83.91 -0.86 83.78 -1.21 -10.19 8.44 -6.21 6.26
1683557656162392 80.00 0.00 0.00 0.00 83.93 -2.01 83.79 -1.44 -8.54 7.07 -5.32 7.67
1683557656178278 80.00 0.00 0.00 0.00 83.93 -2.01 83.91 -0.98 -0.30 14.48 -4.47 9.11
1683557656194845 80.00 0.00 0.00 0.00 85.34 -2.04 84.06 -1.33 -7.61 -27.62 -5.96 2.22
1683557656211494 80.00 0.00 0.00 0.00 83.91 -0.86 84.20 -1.33 -8.83 20.88 -6.87 5.76
1683557656227446 80.00 0.00 0.00 0.00 83.93 -2.01 84.20 -1.33 -8.73 0.15 -7.74 5.77
1683557656243841 80.00 0.00 0.00 0.00 82.54 -1.99 83.92 -1.44 0.00 0.00 -6.83 4.31
1683557656259814 80.00 0.00 0.00 0.00 86.79 -3.23 84.35 -1.79 17.36 6.89 -2.59 4.27
1683557656276327 80.00 0.00 0.00 0.00 86.79 -3.23 84.50 -1.91 -26.00 21.41 -6.07 6.43
1683557656292118 80.00 0.00 0.00 0.00 83.96 -3.17 84.50 -2.14 -9.18 7.52 -6.20 5.92
1683557656308958 80.00 0.00 0.00 0.00 83.99 -4.32 84.51 -2.49 -0.32 13.67 -5.21 6.45
1683557656325172 80.00 0.00 0.00 0.00 84.07 -6.63 84.52 -2.95 -0.53 21.31 -4.41 7.87
1683557656340978 80.00 0.00 0.00 0.00 84.03 -5.47 84.53 -3.30 -0.86 29.20 -4.47 9.34
1683557656357555 80.00 0.00 0.00 0.00 82.60 -4.29 84.26 -3.52 -0.58 20.87 -3.77 14.19
1683557656373394 80.00 0.00 0.00 0.00 85.44 -5.51 84.41 -3.98 17.29 14.17 -1.15 13.52
1683557656389925 80.00 0.00 0.00 0.00 82.63 -5.44 84.28 -4.33 -9.25 28.12 -1.21 16.32
1683557656407324 80.00 0.00 0.00 0.00 85.44 -5.51 84.57 -4.68 7.46 19.67 -0.46 18.28
1683557656422557 80.00 0.00 0.00 0.00 82.67 -6.59 84.16 -5.02 -19.02 23.14 -4.10 19.91
1683557656439923 80.00 0.00 0.00 0.00 84.03 -5.47 83.88 -5.24 23.70 19.36 0.87 19.70
1683557656455200 80.00 0.00 0.00 0.00 82.63 -5.44 83.75 -5.47 18.06 14.70 3.60 20.42
1683557656471056 80.00 0.00 0.00 0.00 84.07 -6.63 83.76 -5.70 8.37 14.32 4.46 20.49
1683557656487545 80.00 0.00 0.00 0.00 84.11 -7.79 83.76 -5.81 -0.45 14.01 4.47 19.76
1683557656503386 80.00 0.00 0.00 0.00 84.11 -7.79 83.77 -6.05 -0.27 7.31 4.53 17.57
1683557656519915 80.00 0.00 0.00 0.00 82.60 -4.29 83.77 -6.05 -0.49 14.00 4.54 16.88
1683557656536511 80.00 0.00 0.00 0.00 79.88 -5.37 83.22 -6.03 0.00 0.00 2.81 15.46
1683557656552404 80.00 0.00 0.00 0.00 82.63 -5.44 83.22 -6.03 34.95 -0.92 7.23 12.56
1683557656569008 80.00 0.00 0.00 0.00 81.22 -4.25 82.79 -5.91 -0.00 0.00 6.48 10.59
1683557656584814 80.00 0.00 0.00 0.00 81.29 -6.55 82.66 -5.90 26.69 -7.96 11.06 7.48
1683557656601313 80.00 0.00 0.00 0.00 82.60 -4.29 82.51 -5.78 8.38 -0.24 9.52 5.52
1683557656617350 80.00 0.00 0.00 0.00 82.57 -3.14 82.51 -5.55 8.91 -7.41 8.61 3.31
1683557656633767 80.00 0.00 0.00 0.00 82.63 -5.44 82.36 -5.43 0.40 -14.02 7.81 0.48
1683557656650467 80.00 0.00 0.00 0.00 82.60 -4.29 82.21 -5.08 8.59 -7.14 8.72 -1.64
1683557656666212 80.00 0.00 0.00 0.00 81.33 -7.70 81.93 -5.07 9.60 -22.24 9.70 -4.59
1683557656682699 80.00 0.00 0.00 0.00 81.22 -4.25 81.80 -5.07 16.87 -0.53 11.44 -6.05
1683557656698648 80.00 0.00 0.00 0.00 81.19 -3.11 81.93 -4.84 8.66 -0.20 12.31 -6.07
1683557656715212 80.00 0.00 0.00 0.00 79.85 -4.22 81.65 -4.72 -7.88 -13.64 8.02 -7.34
1683557656731068 80.00 0.00 0.00 0.00 82.60 -4.29 81.79 -4.73 17.57 -7.67 9.78 -8.10
1683557656747503 80.00 0.00 0.00 0.00 82.57 -3.14 81.91 -4.39 -8.41 0.20 6.27 -7.29
1683557656764068 80.00 0.00 0.00 0.00 82.57 -3.14 81.91 -4.27 -7.72 -20.61 4.66 -9.33
1683557656781983 80.00 0.00 0.00 0.00 81.19 -3.11 81.77 -4.27 0.17 -6.42 3.79 -9.23
1683557656796243 80.00 0.00 0.00 0.00 82.57 -3.14 81.77 -4.04 9.68 -0.21 4.71 -7.85
1683557656812843 80.00 0.00 0.00 0.00 82.54 -1.99 81.76 -3.81 0.40 -13.86 3.89 -8.52
1683557656828730 80.00 0.00 0.00 0.00 82.54 -1.99 81.88 -3.24 0.37 -14.47 2.97 -7.74
1683557656845309 80.00 0.00 0.00 0.00 82.60 -4.29 82.02 -3.24 -7.30 -34.46 0.55 -11.13
1683557656861385 80.00 0.00 0.00 0.00 82.57 -3.14 82.16 -3.24 -8.59 0.20 -1.17 -11.09
1683557656877836 80.00 0.00 0.00 0.00 81.19 -3.11 82.29 -3.13 -8.39 0.18 -1.22 -9.71
1683557656893637 80.00 0.00 0.00 0.00 84.03 -5.47 82.43 -3.25 -8.47 -7.05 -3.83 -9.65
1683557656910349 80.00 0.00 0.00 0.00 82.57 -3.14 82.43 -3.25 -8.55 7.11 -3.84 -8.96
1683557656926234 80.00 0.00 0.00 0.00 81.25 -5.40 82.30 -3.48 0.00 0.00 -3.07 -6.90
1683557656942733 80.00 0.00 0.00 0.00 83.96 -3.17 82.58 -3.48 7.98 13.73 -2.29 -4.88
1683557656959761 80.00 0.00 0.00 0.00 82.57 -3.14 82.58 -3.48 -16.29 0.35 -4.89 -4.83
1683557656974922 80.00 0.00 0.00 0.00 82.67 -6.59 82.59 -3.94 0.00 0.00 -4.93 -3.44
1683557656991481 80.00 0.00 0.00 0.00 83.96 -3.17 82.74 -4.06 -0.80 27.79 -5.04 0.78
1683557657006432 80.00 0.00 0.00 0.00 82.57 -3.14 82.73 -3.94 -9.51 7.88 -5.26 5.02
1683557657022971 80.00 0.00 0.00 0.00 83.96 -3.17 82.87 -3.95 0.19 -6.95 -4.38 4.30
1683557657038770 80.00 0.00 0.00 0.00 83.99 -4.32 83.15 -4.07 -8.82 0.19 -4.43 4.30
1683557657055332 80.00 0.00 0.00 0.00 86.82 -4.39 83.43 -3.96 -16.94 7.32 -5.27 5.74
1683557657071914 80.00 0.00 0.00 0.00 83.99 -4.32 83.57 -4.08 -16.84 -6.54 -6.10 4.38
1683557657087863 80.00 0.00 0.00 0.00 83.99 -4.32 83.85 -3.97 -8.94 7.42 -7.00 5.12
1683557657104340 80.00 0.00 0.00 0.00 84.07 -6.63 83.86 -4.32 -16.64 -6.56 -9.46 3.09
1683557657120220 80.00 0.00 0.00 0.00 83.99 -4.32 84.00 -4.44 -0.67 21.81 -7.90 5.24
1683557657140609 80.00 0.00 0.00 0.00 83.99 -4.32 84.13 -4.21 -6.99 5.80 -8.60 5.82
1683557657153149 80.00 0.00 0.00 0.00 83.96 -3.17 84.13 -4.21 -10.54 -18.11 -9.57 1.23
1683557657170185 80.00 0.00 0.00 0.00 84.03 -5.47 84.28 -4.44 0.00 -0.00 -8.62 0.44
1683557657185423 80.00 0.00 0.00 0.00 82.63 -5.44 84.15 -4.67 -9.59 15.34 -9.60 2.67
1683557657201986 80.00 0.00 0.00 0.00 82.60 -4.29 84.01 -4.67 8.01 13.71 -7.91 4.02
1683557657217875 80.00 0.00 0.00 0.00 82.57 -3.14 83.58 -4.54 8.77 -0.21 -5.34 3.27
1683557657234493 80.00 0.00 0.00 0.00 82.60 -4.29 83.44 -4.54 25.59 -7.54 -1.10 3.17
1683557657250564 80.00 0.00 0.00 0.00 83.96 -3.17 83.44 -4.42 8.67 -0.21 0.66 2.40
1683557657267075 80.00 0.00 0.00 0.00 82.60 -4.29 83.29 -4.19 0.19 -6.98 2.35 2.36
1683557657282943 80.00 0.00 0.00 0.00 82.60 -4.29 83.15 -4.18 9.26 -14.77 3.34 -1.30
1683557657299657 80.00 0.00 0.00 0.00 83.99 -4.32 83.15 -4.18 8.34 -0.20 4.87 -1.90
1683557657315419 80.00 0.00 0.00 0.00 82.60 -4.29 83.02 -4.30 0.00 0.00 5.93 -0.09
1683557657331919 80.00 0.00 0.00 0.00 82.67 -6.59 82.88 -4.41 8.25 6.79 6.75 0.59
1683557657347787 80.00 0.00 0.00 0.00 83.99 -4.32 83.02 -4.30 8.55 7.03 8.57 -0.24
1683557657364420 80.00 0.00 0.00 0.00 81.22 -4.25 82.88 -4.29 -8.17 -6.72 6.95 -2.28
1683557657380493 80.00 0.00 0.00 0.00 81.22 -4.25 82.74 -4.40 8.59 -0.20 6.93 -2.28
1683557657397041 80.00 0.00 0.00 0.00 82.57 -3.14 82.74 -4.29 8.16 6.75 5.19 -0.85
1683557657413432 80.00 0.00 0.00 0.00 82.57 -3.14 82.60 -4.29 0.19 -7.01 4.34 -1.53
1683557657429395 80.00 0.00 0.00 0.00 82.60 -4.29 82.60 -4.29 8.73 -0.19 5.19 -0.85
1683557657445889 80.00 0.00 0.00 0.00 81.25 -5.40 82.47 -4.40 0.00 -0.00 4.26 0.62
1683557657461691 80.00 0.00 0.00 0.00 81.25 -5.40 82.19 -4.51 8.53 7.06 4.28 1.35
1683557657478556 80.00 0.00 0.00 0.00 81.25 -5.40 82.06 -4.62 16.26 6.41 5.91 1.99
1683557657494613 80.00 0.00 0.00 0.00 82.57 -3.14 82.05 -4.27 8.39 6.94 5.92 2.01
1683557657510395 80.00 0.00 0.00 0.00 82.57 -3.14 81.90 -4.15 0.66 -21.88 5.13 -0.88
1683557657526959 80.00 0.00 0.00 0.00 82.60 -4.29 82.04 -4.16 8.61 -7.14 6.81 -0.93
1683557657543354 80.00 0.00 0.00 0.00 81.25 -5.40 82.05 -4.27 -8.43 0.20 5.11 -0.89
1683557657559271 80.00 0.00 0.00 0.00 82.60 -4.29 82.05 -4.39 -0.21 7.21 4.27 -0.84
1683557657575878 80.00 0.00 0.00 0.00 81.25 -5.40 81.92 -4.61 -0.19 6.92 4.23 0.55
1683557657591790 80.00 0.00 0.00 0.00 82.60 -4.29 81.92 -4.61 8.27 14.23 4.19 2.00
1683557657609129 80.00 0.00 0.00 0.00 82.63 -5.44 82.06 -4.62 -0.00 -0.00 4.19 2.00
1683557657624262 80.00 0.00 0.00 0.00 81.22 -4.25 82.05 -4.50 -9.13 0.24 2.42 1.31
1683557657640830 80.00 0.00 0.00 0.00 82.60 -4.29 82.19 -4.39 0.20 -6.93 0.82 -0.02
1683557657656716 80.00 0.00 0.00 0.00 84.03 -5.47 82.33 -4.62 -8.48 -7.02 -0.87 -1.42
1683557657673198 80.00 0.00 0.00 0.00 84.03 -5.47 82.48 -4.86 -8.86 14.18 -1.82 2.19
1683557657689721 80.00 0.00 0.00 0.00 84.03 -5.47 82.62 -4.98 -8.84 14.15 -3.57 4.32
1683557657705606 80.00 0.00 0.00 0.00 82.60 -4.29 82.76 -4.87 -9.00 7.48 -3.62 5.05
1683557657722892 80.00 0.00 0.00 0.00 82.60 -4.29 82.76 -4.87 -7.80 -6.45 -4.38 3.68
1683557657738157 80.00 0.00 0.00 0.00 82.71 -7.74 82.90 -5.10 0.00 -0.00 -4.36 2.99
1683557657754691 80.00 0.00 0.00 0.00 84.03 -5.47 83.05 -5.22 -8.84 14.17 -6.08 2.98
1683557657770533 80.00 0.00 0.00 0.00 83.99 -4.32 83.18 -5.11 -9.02 7.50 -6.98 3.73
1683557657787123 80.00 0.00 0.00 0.00 83.96 -3.17 83.46 -5.00 -8.19 -6.74 -6.88 3.03
1683557657803039 80.00 0.00 0.00 0.00 85.48 -6.67 83.74 -5.24 -17.24 -6.83 -8.63 3.04
1683557657819642 80.00 0.00 0.00 0.00 85.40 -4.35 83.88 -5.12 -17.33 14.37 -9.51 5.18
1683557657835565 80.00 0.00 0.00 0.00 82.67 -6.59 83.75 -5.24 -8.61 -7.04 -9.49 3.06
1683557657852043 80.00 0.00 0.00 0.00 84.03 -5.47 83.75 -5.24 8.23 6.77 -7.78 2.32
1683557657868723 80.00 0.00 0.00 0.00 82.60 -4.29 83.75 -5.24 0.00 0.00 -6.88 1.58
1683557657884477 80.00 0.00 0.00 0.00 85.40 -4.35 84.03 -5.24 -0.00 0.00 -6.10 2.22
1683557657901214 80.00 0.00 0.00 0.00 82.60 -4.29 84.01 -4.90 -16.74 0.40 -7.77 2.26
1683557657917099 80.00 0.00 0.00 0.00 84.07 -6.63 84.02 -5.01 0.72 -21.77 -6.82 -1.33
1683557657933537 80.00 0.00 0.00 0.00 81.25 -5.40 83.74 -5.12 -0.24 7.03 -5.94 -1.38
1683557657949461 80.00 0.00 0.00 0.00 81.22 -4.25 83.47 -5.23 17.22 6.79 -3.40 -0.03
1683557657966223 80.00 0.00 0.00 0.00 82.63 -5.44 83.19 -5.11 16.37 6.49 -0.04 1.31
1683557657982226 80.00 0.00 0.00 0.00 81.19 -3.11 82.76 -4.98 17.77 -7.71 3.47 -0.90
1683557658000122 80.00 0.00 0.00 0.00 82.60 -4.29 82.76 -4.75 23.54 -6.97 6.69 -0.90
1683557658013757 80.00 0.00 0.00 0.00 82.57 -3.14 82.61 -4.52 0.53 -16.90 5.92 -3.26
1683557658030930 80.00 0.00 0.00 0.00 81.25 -5.40 82.48 -4.63 8.51 -13.61 6.77 -4.62
1683557658046069 80.00 0.00 0.00 0.00 81.22 -4.25 82.06 -4.62 8.90 7.37 7.66 -3.89
1683557658063458 80.00 0.00 0.00 0.00 82.60 -4.29 82.06 -4.62 24.05 -0.58 11.74 -3.99
1683557658078705 80.00 0.00 0.00 0.00 83.99 -4.32 82.05 -4.39 -0.00 -0.00 11.67 -1.81
1683557658094696 80.00 0.00 0.00 0.00 81.29 -6.55 82.05 -4.50 0.47 -14.45 11.74 -3.96
1683557658111325 80.00 0.00 0.00 0.00 82.60 -4.29 82.19 -4.51 -0.22 6.91 9.99 -3.95
1683557658127068 80.00 0.00 0.00 0.00 81.25 -5.40 82.05 -4.50 -8.77 0.21 7.48 -4.57
1683557658143701 80.00 0.00 0.00 0.00 81.19 -3.11 82.05 -4.50 8.31 -0.22 6.53 -3.82
1683557658160258 80.00 0.00 0.00 0.00 81.22 -4.25 81.92 -4.50 0.00 0.00 4.18 -3.13
1683557658176274 80.00 0.00 0.00 0.00 82.60 -4.29 81.92 -4.61 8.63 -0.20 4.99 -1.46
1683557658192740 80.00 0.00 0.00 0.00 82.60 -4.29 82.05 -4.50 -0.19 6.98 4.12 0.60
1683557658208593 80.00 0.00 0.00 0.00 81.22 -4.25 82.05 -4.50 -8.50 -7.03 2.38 -0.84
1683557658225124 80.00 0.00 0.00 0.00 83.99 -4.32 82.19 -4.51 0.00 0.00 -0.03 -0.78
1683557658240944 80.00 0.00 0.00 0.00 82.60 -4.29 82.05 -4.50 -8.81 0.21 -0.91 -0.76
1683557658257545 80.00 0.00 0.00 0.00 82.60 -4.29 82.18 -4.28 8.40 -0.20 -0.12 0.67
1683557658273482 80.00 0.00 0.00 0.00 83.99 -4.32 82.32 -4.28 -8.22 -14.21 -0.92 -1.45
1683557658290224 80.00 0.00 0.00 0.00 82.60 -4.29 82.46 -4.17 -8.33 0.20 -0.87 -1.45
1683557658306045 80.00 0.00 0.00 0.00 82.57 -3.14 82.60 -4.17 -8.52 -7.05 -2.55 -2.13
1683557658322605 80.00 0.00 0.00 0.00 83.96 -3.17 82.87 -4.06 -8.34 0.18 -3.39 -2.11
1683557658338429 80.00 0.00 0.00 0.00 84.03 -5.47 83.01 -4.18 -17.34 -6.87 -5.98 -2.78
1683557658354988 80.00 0.00 0.00 0.00 83.99 -4.32 83.15 -4.18 -8.63 7.17 -6.83 -2.76
1683557658373598 80.00 0.00 0.00 0.00 84.03 -5.47 83.43 -4.31 -7.49 0.18 -6.73 -2.04
1683557658387383 80.00 0.00 0.00 0.00 85.37 -3.20 83.57 -4.19 -20.39 8.86 -8.77 -1.15
1683557658404021 80.00 0.00 0.00 0.00 84.03 -5.47 83.72 -4.31 -8.26 -6.75 -8.71 -1.85
1683557658419877 80.00 0.00 0.00 0.00 82.60 -4.29 83.72 -4.31 -9.02 7.49 -10.45 -1.08
1683557658436629 80.00 0.00 0.00 0.00 84.07 -6.63 83.72 -4.54 0.00 -0.00 -9.63 0.34
1683557658452376 80.00 0.00 0.00 0.00 82.60 -4.29 83.72 -4.54 -0.47 14.67 -8.85 1.79
1683557658468953 80.00 0.00 0.00 0.00 81.22 -4.25 83.59 -4.66 0.00 -0.00 -7.99 2.49
1683557658484900 80.00 0.00 0.00 0.00 82.67 -6.59 83.46 -5.00 8.47 7.01 -6.31 3.18
1683557658501482 80.00 0.00 0.00 0.00 83.99 -4.32 83.46 -4.88 7.77 20.65 -3.80 5.93
1683557658517405 80.00 0.00 0.00 0.00 83.96 -3.17 83.45 -4.77 0.22 -7.25 -2.92 4.49
1683557658534005 80.00 0.00 0.00 0.00 81.25 -5.40 83.17 -4.76 0.19 -6.95 -2.15 3.77
1683557658550004 80.00 0.00 0.00 0.00 85.37 -3.20 83.17 -4.76 17.36 -0.46 1.63 2.84
1683557658566643 80.00 0.00 0.00 0.00 82.60 -4.29 83.03 -4.64 0.00 0.00 2.45 3.52
1683557658586002 80.00 0.00 0.00 0.00 82.60 -4.29 83.03 -4.64 7.39 -6.14 4.09 2.15
1683557658598973 80.00 0.00 0.00 0.00 83.99 -4.32 83.02 -4.41 -0.00 -0.00 4.09 2.15
1683557658616231 80.00 0.00 0.00 0.00 82.57 -3.14 83.02 -4.30 0.43 -13.39 4.18 -0.65
1683557658631442 80.00 0.00 0.00 0.00 83.96 -3.17 83.30 -4.19 0.21 -7.56 4.20 -1.41
1683557658648137 80.00 0.00 0.00 0.00 81.19 -3.11 83.15 -3.84 -16.43 -6.51 1.71 -2.76
1683557658663853 80.00 0.00 0.00 0.00 83.96 -3.17 83.14 -3.72 9.45 -22.16 1.88 -7.04
1683557658680470 80.00 0.00 0.00 0.00 82.57 -3.14 83.00 -3.72 0.19 -6.94 1.88 -7.01
1683557658696480 80.00 0.00 0.00 0.00 82.60 -4.29 83.14 -3.61 8.70 -0.19 2.73 -6.33
1683557658712468 80.00 0.00 0.00 0.00 82.63 -5.44 82.87 -3.83 -8.43 -6.97 0.15 -6.99
1683557658728990 80.00 0.00 0.00 0.00 81.22 -4.25 82.73 -3.83 16.55 13.56 1.81 -5.63
1683557658744855 80.00 0.00 0.00 0.00 82.57 -3.14 82.72 -3.71 8.71 -0.21 1.94 -5.04
1683557658761498 80.00 0.00 0.00 0.00 82.54 -1.99 82.58 -3.48 0.19 -6.91 1.96 -5.73
1683557658777484 80.00 0.00 0.00 0.00 81.19 -3.11 82.44 -3.48 9.09 -14.59 2.82 -5.85
1683557658794048 80.00 0.00 0.00 0.00 82.60 -4.29 82.30 -3.59 8.33 -0.18 3.64 -5.11
1683557658811448 80.00 0.00 0.00 0.00 83.96 -3.17 82.58 -3.60 7.83 6.44 6.06 -3.81
1683557658826650 80.00 0.00 0.00 0.00 82.57 -3.14 82.44 -3.59 -18.25 0.39 3.29 -1.56
1683557658842757 80.00 0.00 0.00 0.00 83.99 -4.32 82.59 -3.71 8.65 -0.19 4.14 -0.88
1683557658859111 80.00 0.00 0.00 0.00 81.22 -4.25 82.45 -3.71 -8.72 7.24 2.40 -0.14
1683557658875077 80.00 0.00 0.00 0.00 82.57 -3.14 82.44 -3.48 8.65 -0.20 4.10 0.54
1683557658891505 80.00 0.00 0.00 0.00 79.85 -4.22 82.30 -3.48 0.40 -14.01 2.49 -2.22
1683557658908131 80.00 0.00 0.00 0.00 81.19 -3.11 82.17 -3.47 8.23 -0.19 2.44 -2.22
1683557658924056 80.00 0.00 0.00 0.00 83.96 -3.17 82.31 -3.59 8.67 -0.18 3.29 -1.55
1683557658939913 80.00 0.00 0.00 0.00 82.57 -3.14 82.45 -3.59 -8.96 7.43 1.48 0.65
1683557658956510 80.00 0.00 0.00 0.00 82.54 -1.99 82.44 -3.36 -8.32 0.18 -0.18 0.69
1683557658973057 80.00 0.00 0.00 0.00 83.96 -3.17 82.44 -3.36 0.36 -13.89 -0.93 -1.34
1683557658990651 80.00 0.00 0.00 0.00 82.57 -3.14 82.44 -3.36 -0.00 0.00 0.90 -1.38
1683557659004051 80.00 0.00 0.00 0.00 82.57 -3.14 82.30 -3.24 0.00 0.00 0.03 -1.36
1683557659020640 80.00 0.00 0.00 0.00 83.99 -4.32 82.57 -3.25 8.59 -7.13 1.76 -2.80
1683557659036656 80.00 0.00 0.00 0.00 82.60 -4.29 82.58 -3.37 -17.33 0.41 -0.84 -2.74
1683557659053059 80.00 0.00 0.00 0.00 82.57 -3.14 82.85 -3.26 -0.19 7.01 -0.89 -0.64
1683557659069610 80.00 0.00 0.00 0.00 82.60 -4.29 82.99 -3.38 -16.43 -6.56 -3.36 -1.27
1683557659085482 80.00 0.00 0.00 0.00 83.96 -3.17 82.99 -3.38 -8.90 7.43 -5.12 -0.51
1683557659102022 80.00 0.00 0.00 0.00 83.93 -2.01 83.13 -3.26 0.00 0.00 -4.22 -1.26
1683557659118049 80.00 0.00 0.00 0.00 82.60 -4.29 83.13 -3.49 -8.52 -7.00 -4.24 -1.97
1683557659134644 80.00 0.00 0.00 0.00 82.60 -4.29 83.00 -3.61 -0.36 13.85 -4.31 0.80
1683557659150370 80.00 0.00 0.00 0.00 85.44 -5.51 83.28 -3.84 8.66 7.12 -3.45 1.51
1683557659168894 80.00 0.00 0.00 0.00 83.99 -4.32 83.43 -3.96 -15.49 12.82 -5.00 2.80
1683557659183524 80.00 0.00 0.00 0.00 85.48 -6.67 83.58 -4.20 -9.74 8.09 -6.83 4.32
1683557659199445 80.00 0.00 0.00 0.00 83.99 -4.32 83.71 -4.20 -9.32 14.77 -6.03 5.75
1683557659216281 80.00 0.00 0.00 0.00 82.57 -3.14 83.71 -4.20 -8.28 0.20 -6.84 5.07
1683557659231881 80.00 0.00 0.00 0.00 82.67 -6.59 83.72 -4.43 0.00 0.00 -5.19 5.73
1683557659248377 80.00 0.00 0.00 0.00 85.40 -4.35 83.87 -4.55 -0.44 13.97 -4.35 6.38
1683557659264230 80.00 0.00 0.00 0.00 83.99 -4.32 83.87 -4.78 -9.08 7.49 -5.26 7.13
1683557659280804 80.00 0.00 0.00 0.00 83.99 -4.32 84.01 -4.78 -0.37 13.91 -4.44 9.22
1683557659296821 80.00 0.00 0.00 0.00 82.54 -1.99 84.01 -4.55 -8.70 0.21 -5.28 7.86
1683557659313310 80.00 0.00 0.00 0.00 85.37 -3.20 84.00 -4.32 0.36 -13.94 -6.11 5.75
1683557659329174 80.00 0.00 0.00 0.00 85.40 -4.35 84.14 -4.32 0.44 -14.59 -4.51 3.01
1683557659345932 80.00 0.00 0.00 0.00 82.54 -1.99 83.85 -3.86 -8.40 0.20 -4.38 2.22
