#Task Selector: 5
#PID Parameters: kp: 0.02, kd: 0.00, ki: 0.00
#n_pos: 10
#n_vel: 10
t x_ref y_ref vx_ref vy_ref x_raw y_raw x y vx_raw vy_raw vx vy
16 80.00 0.00 0.00 0.00 19.15 -19.33 1.92 -1.93 0.00 0.00 0.00 0.00
1683558284314030 80.00 0.00 0.00 0.00 20.23 -19.34 3.94 -3.87 -112.51 113.52 -11.25 11.35
1683558284329796 80.00 0.00 0.00 0.00 21.30 -19.36 6.07 -5.80 -128.28 122.67 -24.08 23.62
1683558284346559 80.00 0.00 0.00 0.00 19.09 -13.95 7.98 -7.20 -127.06 115.48 -36.79 35.17
1683558284362271 80.00 0.00 0.00 0.00 20.15 -13.97 9.99 -8.59 -121.47 88.81 -48.93 44.05
1683558284378913 80.00 0.00 0.00 0.00 22.34 -17.21 12.23 -10.32 -121.10 83.92 -61.04 52.44
1683558284395560 80.00 0.00 0.00 0.00 18.07 -18.23 14.03 -12.14 -134.20 103.41 -74.46 62.78
1683558284411404 80.00 0.00 0.00 0.00 19.10 -15.02 15.94 -13.64 -114.05 115.07 -85.87 74.29
1683558284427997 80.00 0.00 0.00 0.00 16.94 -11.80 17.64 -14.82 -115.10 90.54 -97.38 83.34
1683558284443987 80.00 0.00 0.00 0.00 20.23 -19.34 19.66 -16.76 -105.91 73.79 -107.97 90.72
1683558284460611 80.00 0.00 0.00 0.00 23.38 -15.08 20.08 -16.33 -121.67 116.35 -120.14 102.36
1683558284476572 80.00 0.00 0.00 0.00 23.43 -18.31 20.40 -16.23 -26.50 -26.60 -111.53 88.34
1683558284492530 80.00 0.00 0.00 0.00 22.29 -13.99 20.50 -15.69 -20.10 -6.45 -100.72 75.43
1683558284509224 80.00 0.00 0.00 0.00 22.41 -21.55 20.83 -16.45 -5.96 -32.14 -88.61 60.67
1683558284525288 80.00 0.00 0.00 0.00 23.43 -18.31 21.16 -16.88 -20.71 47.26 -78.53 56.52
1683558284541899 80.00 0.00 0.00 0.00 21.25 -16.12 21.05 -16.78 -19.75 26.16 -68.39 50.74
1683558284557714 80.00 0.00 0.00 0.00 21.27 -17.20 21.37 -16.67 6.89 -6.90 -54.29 39.71
1683558284573807 80.00 0.00 0.00 0.00 24.49 -17.25 21.91 -16.90 -19.86 -6.42 -44.87 27.56
1683558284591614 80.00 0.00 0.00 0.00 23.49 -21.57 22.57 -17.87 -30.30 12.50 -36.39 19.76
1683558284606452 80.00 0.00 0.00 0.00 23.43 -18.31 22.89 -17.77 -44.18 65.82 -30.21 18.96
1683558284623105 80.00 0.00 0.00 0.00 21.21 -12.91 22.67 -17.55 -19.27 -6.18 -19.97 6.71
1683558284639042 80.00 0.00 0.00 0.00 21.28 -18.28 22.46 -17.55 13.64 -13.62 -15.96 8.00
1683558284655715 80.00 0.00 0.00 0.00 23.42 -17.23 22.57 -17.87 12.90 -0.21 -12.66 8.63
1683558284671647 80.00 0.00 0.00 0.00 25.48 -10.83 22.88 -16.80 -7.04 20.33 -12.77 13.87
1683558284687690 80.00 0.00 0.00 0.00 25.49 -11.90 23.08 -16.16 -19.11 -66.81 -12.61 2.47
1683558284704435 80.00 0.00 0.00 0.00 27.61 -8.72 23.72 -15.42 -12.29 -38.32 -11.86 -3.98
1683558284720437 80.00 0.00 0.00 0.00 26.60 -14.05 24.25 -15.10 -39.74 -46.26 -16.52 -7.92
1683558284736395 80.00 0.00 0.00 0.00 26.62 -15.13 24.46 -14.89 -33.44 -19.70 -17.88 -9.24
1683558284753054 80.00 0.00 0.00 0.00 27.77 -18.39 24.89 -14.57 -12.76 -12.72 -16.13 -11.77
1683558284769203 80.00 0.00 0.00 0.00 28.72 -10.87 25.42 -13.83 -26.47 -19.66 -14.36 -20.32
1683558284785258 80.00 0.00 0.00 0.00 27.69 -14.07 26.07 -13.95 -32.94 -46.34 -15.72 -24.33
1683558284801784 80.00 0.00 0.00 0.00 25.49 -11.90 26.49 -13.31 -39.19 7.03 -21.01 -22.27
1683558284817808 80.00 0.00 0.00 0.00 25.56 -16.19 26.70 -13.20 -26.27 -39.82 -24.93 -26.23
1683558284834504 80.00 0.00 0.00 0.00 28.69 -8.73 27.02 -13.00 -12.82 -6.25 -25.50 -28.89
1683558284850501 80.00 0.00 0.00 0.00 25.42 -5.51 27.02 -12.36 -20.10 -13.09 -25.60 -23.51
1683558284866646 80.00 0.00 0.00 0.00 26.59 -12.98 26.91 -12.78 0.45 -39.56 -24.33 -23.64
1683558284884846 80.00 0.00 0.00 0.00 30.82 -4.50 27.34 -11.83 5.62 23.41 -19.79 -16.67
1683558284899549 80.00 0.00 0.00 0.00 27.65 -11.93 27.44 -11.51 -28.66 -65.01 -19.31 -21.20
1683558284915455 80.00 0.00 0.00 0.00 31.92 -5.57 27.85 -10.22 -6.49 -20.14 -18.69 -21.94
1683558284931588 80.00 0.00 0.00 0.00 30.95 -14.13 28.08 -10.55 -25.74 -79.45 -18.61 -27.92
1683558284948224 80.00 0.00 0.00 0.00 30.84 -6.63 28.39 -9.81 -13.42 19.58 -16.66 -21.33
1683558284964225 80.00 0.00 0.00 0.00 26.46 -1.28 28.49 -8.74 -19.71 -46.53 -14.71 -26.68
1683558284980957 80.00 0.00 0.00 0.00 28.66 -5.54 28.80 -7.68 -5.80 -63.43 -12.67 -29.05
1683558284996921 80.00 0.00 0.00 0.00 33.01 -5.59 29.23 -7.36 -19.42 -66.71 -13.33 -35.09
1683558285012085 80.00 0.00 0.00 0.00 29.78 -8.75 29.67 -7.69 -28.48 -20.76 -14.17 -35.86
1683558285028114 80.00 0.00 0.00 0.00 34.21 -12.03 30.43 -7.59 -27.20 20.21 -16.93 -29.88
1683558285044816 80.00 0.00 0.00 0.00 32.01 -11.99 30.55 -8.34 -45.63 -5.68 -22.06 -32.79
1683558285060736 80.00 0.00 0.00 0.00 36.33 -6.70 31.42 -7.82 -7.50 47.10 -19.94 -21.58
1683558285077364 80.00 0.00 0.00 0.00 33.15 -14.17 31.54 -8.68 -52.17 -31.45 -24.51 -22.71
1683558285093404 80.00 0.00 0.00 0.00 33.05 -8.79 31.75 -8.15 -7.67 53.60 -22.70 -9.41
1683558285109373 80.00 0.00 0.00 0.00 34.11 -5.60 32.08 -8.04 -13.15 -33.41 -22.67 -14.71
1683558285127868 80.00 0.00 0.00 0.00 34.10 -4.53 32.84 -8.37 -17.68 -5.56 -22.47 -10.61
1683558285141948 80.00 0.00 0.00 0.00 34.04 2.92 33.38 -7.52 -54.22 23.08 -27.31 -1.96
1683558285158128 80.00 0.00 0.00 0.00 30.83 -5.56 33.16 -7.52 -33.28 -52.25 -28.70 -0.51
1683558285174759 80.00 0.00 0.00 0.00 37.39 -3.50 33.92 -7.00 13.13 -0.15 -24.54 1.55
1683558285190811 80.00 0.00 0.00 0.00 36.28 -2.42 34.13 -6.03 -47.45 -32.70 -26.56 -3.74
1683558285207473 80.00 0.00 0.00 0.00 36.24 2.91 34.55 -4.54 -12.42 -57.70 -23.24 -8.94
1683558285223279 80.00 0.00 0.00 0.00 37.34 6.10 34.65 -3.27 -26.76 -94.28 -25.17 -23.08
1683558285239452 80.00 0.00 0.00 0.00 37.34 2.90 35.07 -1.56 -6.23 -79.10 -20.57 -27.85
1683558285256063 80.00 0.00 0.00 0.00 37.34 6.10 35.50 -0.07 -25.26 -102.78 -22.33 -43.49
1683558285271867 80.00 0.00 0.00 0.00 39.56 3.96 36.05 0.89 -27.09 -94.21 -23.72 -49.56
1683558285288591 80.00 0.00 0.00 0.00 39.56 7.16 36.59 2.06 -32.61 -57.16 -25.22 -54.72
1683558285306330 80.00 0.00 0.00 0.00 41.80 7.16 37.37 2.48 -30.79 -65.91 -22.87 -63.62
1683558285320959 80.00 0.00 0.00 0.00 45.20 2.87 38.80 3.32 -53.02 -29.02 -24.85 -61.30
1683558285337009 80.00 0.00 0.00 0.00 45.26 -3.59 39.59 3.31 -89.54 -52.50 -35.12 -66.54
1683558285353599 80.00 0.00 0.00 0.00 42.92 5.02 40.26 4.06 -47.41 0.57 -35.11 -63.21
1683558285369603 80.00 0.00 0.00 0.00 41.80 6.09 40.81 4.38 -41.53 -46.48 -38.02 -62.09
1683558285385654 80.00 0.00 0.00 0.00 44.11 -2.50 41.49 3.52 -34.62 -19.84 -38.81 -54.64
1683558285402643 80.00 0.00 0.00 0.00 46.33 3.94 42.39 3.62 -39.87 50.61 -42.17 -41.67
1683558285418416 80.00 0.00 0.00 0.00 45.19 3.94 43.17 3.40 -56.99 -6.55 -45.35 -32.05
1683558285434626 80.00 0.00 0.00 0.00 46.33 5.01 43.85 3.51 -48.47 13.30 -47.48 -21.30
1683558285451263 80.00 0.00 0.00 0.00 46.33 6.09 44.53 3.40 -40.67 -6.32 -48.29 -16.22
1683558285467181 80.00 0.00 0.00 0.00 47.48 3.93 45.10 3.08 -42.53 6.75 -49.47 -8.95
1683558285483796 80.00 0.00 0.00 0.00 45.22 -0.36 45.10 2.76 -34.20 19.44 -47.58 -4.10
1683558285499834 80.00 0.00 0.00 0.00 47.47 6.09 45.32 3.72 -0.15 20.12 -38.65 3.16
1683558285515949 80.00 0.00 0.00 0.00 48.62 7.16 45.89 3.94 -13.73 -60.06 -35.28 -2.90
1683558285532063 80.00 0.00 0.00 0.00 46.33 6.09 46.34 3.94 -35.36 -13.30 -34.66 0.41
1683558285550308 80.00 0.00 0.00 0.00 49.80 1.76 46.91 4.36 -24.84 0.03 -33.68 2.40
1683558285565238 80.00 0.00 0.00 0.00 48.62 7.16 47.14 4.69 -38.10 -28.54 -33.50 -5.51
1683558285582710 80.00 0.00 0.00 0.00 47.47 6.09 47.37 4.90 -13.10 -18.47 -29.12 -6.71
1683558285597320 80.00 0.00 0.00 0.00 48.63 5.01 47.60 4.90 -15.60 -14.68 -25.83 -9.50
1683558285613840 80.00 0.00 0.00 0.00 50.99 -1.50 48.06 4.14 -13.90 0.04 -23.15 -8.87
1683558285629750 80.00 0.00 0.00 0.00 50.94 7.16 48.41 4.47 -29.33 47.70 -21.83 -4.77
1683558285645762 80.00 0.00 0.00 0.00 52.11 7.16 49.10 5.22 -21.61 -20.19 -20.57 -8.74
1683558285662501 80.00 0.00 0.00 0.00 52.11 7.16 49.56 5.33 -41.13 -44.95 -24.67 -15.24
1683558285678421 80.00 0.00 0.00 0.00 50.94 5.00 49.79 5.11 -29.11 -6.77 -26.21 -9.91
1683558285695206 80.00 0.00 0.00 0.00 49.78 6.08 50.14 5.11 -13.82 12.89 -24.05 -7.30
1683558285711255 80.00 0.00 0.00 0.00 50.94 6.08 50.25 5.54 -21.50 0.03 -23.72 -7.30
1683558285727085 80.00 0.00 0.00 0.00 53.28 6.08 50.72 5.43 -7.21 -27.30 -20.63 -7.17
1683558285743779 80.00 0.00 0.00 0.00 53.28 7.16 51.30 5.54 -27.90 6.50 -22.11 -4.67
1683558285759766 80.00 0.00 0.00 0.00 52.11 7.16 51.65 5.76 -36.32 -6.74 -24.18 -3.88
1683558285776521 80.00 0.00 0.00 0.00 53.28 7.16 51.88 6.62 -20.78 -12.88 -24.87 -5.17
1683558285792427 80.00 0.00 0.00 0.00 53.28 7.16 52.11 6.62 -14.37 -54.48 -23.38 -15.39
1683558285808511 80.00 0.00 0.00 0.00 59.26 2.78 52.83 6.18 -14.55 -0.00 -22.67 -13.37
1683558285826042 80.00 0.00 0.00 0.00 53.28 6.08 52.94 6.08 -40.79 24.99 -22.64 -6.38
1683558285841485 80.00 0.00 0.00 0.00 54.46 4.99 53.29 6.07 -7.60 7.03 -20.49 -5.00
1683558285857928 80.00 0.00 0.00 0.00 58.04 7.17 54.12 6.18 -21.41 0.06 -21.24 -6.28
1683558285873927 80.00 0.00 0.00 0.00 56.84 6.07 54.71 6.18 -51.61 -6.76 -24.26 -6.96
1683558285890053 80.00 0.00 0.00 0.00 56.85 3.89 55.07 5.96 -36.57 0.05 -27.19 -4.22
1683558285905952 80.00 0.00 0.00 0.00 56.84 8.26 55.42 6.07 -22.42 13.76 -26.64 -3.50
1683558285922702 80.00 0.00 0.00 0.00 56.85 3.89 55.90 5.75 -21.24 -6.52 -25.13 -3.48
1683558285938700 80.00 0.00 0.00 0.00 56.84 7.16 56.25 5.75 -29.62 20.46 -26.02 -0.14
1683558285954689 80.00 0.00 0.00 0.00 56.84 6.07 56.61 5.64 -22.25 -0.01 -26.81 5.31
1683558285971288 80.00 0.00 0.00 0.00 59.24 6.07 56.61 5.97 -21.44 6.57 -27.49 5.96
1683558285987164 80.00 0.00 0.00 0.00 59.24 6.07 57.20 5.96 0.09 -20.71 -23.41 1.39
1683558286002649 80.00 0.00 0.00 0.00 59.25 3.88 57.68 5.85 -38.50 0.05 -26.50 0.70
1683558286018695 80.00 0.00 0.00 0.00 60.46 6.07 57.92 5.74 -29.84 6.92 -27.34 1.38
1683558286035281 80.00 0.00 0.00 0.00 61.68 4.97 58.41 5.63 -14.59 6.61 -23.64 2.72
1683558286052536 80.00 0.00 0.00 0.00 59.24 6.07 58.65 5.85 -28.06 6.42 -22.79 3.36
1683558286067961 80.00 0.00 0.00 0.00 60.46 6.07 59.01 5.63 -15.54 -14.13 -22.10 0.57
1683558286084154 80.00 0.00 0.00 0.00 61.68 4.97 59.49 5.74 -22.34 13.51 -22.21 2.57
1683558286100104 80.00 0.00 0.00 0.00 61.68 6.07 59.98 5.63 -30.31 -6.75 -22.28 -0.15
1683558286116850 80.00 0.00 0.00 0.00 62.91 4.96 60.58 5.52 -28.90 6.56 -22.94 0.51
1683558286132723 80.00 0.00 0.00 0.00 62.91 4.96 60.95 5.41 -38.24 7.00 -24.62 0.55
1683558286148873 80.00 0.00 0.00 0.00 61.68 8.27 61.19 5.63 -22.70 6.86 -26.90 3.31
1683558286165190 80.00 0.00 0.00 0.00 61.68 4.97 61.44 5.74 -14.92 -13.46 -24.54 1.95
1683558286181254 80.00 0.00 0.00 0.00 65.38 7.17 61.93 5.85 -15.12 -6.77 -23.07 0.59
1683558286197812 80.00 0.00 0.00 0.00 64.14 6.06 62.18 5.96 -29.77 -6.64 -24.59 -0.74
1683558286213732 80.00 0.00 0.00 0.00 62.90 6.06 62.54 5.96 -15.46 -6.88 -23.33 -2.07
1683558286231731 80.00 0.00 0.00 0.00 61.68 6.07 62.66 5.96 -20.35 0.03 -23.81 -0.65
1683558286246438 80.00 0.00 0.00 0.00 64.14 6.06 62.91 6.06 -8.30 0.01 -22.41 -2.00
1683558286263799 80.00 0.00 0.00 0.00 64.14 7.17 63.16 6.17 -14.18 -6.31 -20.79 -1.96
1683558286278999 80.00 0.00 0.00 0.00 64.14 4.96 63.28 6.17 -16.21 -7.24 -19.52 -3.34
1683558286295129 80.00 0.00 0.00 0.00 65.38 7.17 63.53 6.39 -7.66 0.03 -16.47 -4.04
1683558286311768 80.00 0.00 0.00 0.00 64.14 7.17 63.77 6.28 -14.89 -13.25 -15.69 -6.05
1683558286327420 80.00 0.00 0.00 0.00 65.39 3.85 64.15 6.17 -15.74 7.02 -15.77 -4.00
1683558286344148 80.00 0.00 0.00 0.00 64.14 7.17 64.02 6.17 -22.21 6.69 -16.48 -2.65
1683558286360003 80.00 0.00 0.00 0.00 65.38 7.17 64.15 6.28 7.85 0.00 -12.71 -1.99
1683558286376621 80.00 0.00 0.00 0.00 65.39 4.95 64.39 6.17 -7.48 -6.65 -11.92 -1.97
1683558286392532 80.00 0.00 0.00 0.00 65.39 6.06 64.76 6.17 -15.61 6.98 -11.44 -1.27
1683558286409194 80.00 0.00 0.00 0.00 66.64 4.95 65.01 6.06 -22.26 0.04 -12.84 -1.27
1683558286425202 80.00 0.00 0.00 0.00 66.64 6.06 65.26 5.95 -15.62 6.95 -12.98 0.06
1683558286441815 80.00 0.00 0.00 0.00 67.90 6.06 65.64 6.06 -15.04 6.67 -12.87 1.45
1683558286457713 80.00 0.00 0.00 0.00 67.90 7.17 65.89 6.06 -23.62 -6.91 -14.46 0.76
1683558286475271 80.00 0.00 0.00 0.00 69.17 6.05 66.39 5.95 -14.32 -0.00 -14.41 2.08
1683558286490681 80.00 0.00 0.00 0.00 70.47 2.70 66.90 5.83 -32.64 7.22 -16.10 2.10
1683558286508220 80.00 0.00 0.00 0.00 67.93 1.61 67.28 5.28 -28.93 6.54 -16.77 2.08
1683558286522754 80.00 0.00 0.00 0.00 70.45 7.17 67.79 5.28 -26.07 38.25 -20.16 5.91
1683558286539393 80.00 0.00 0.00 0.00 70.45 6.05 68.29 5.39 -30.44 -0.01 -22.46 6.57
1683558286555040 80.00 0.00 0.00 0.00 69.18 3.83 68.67 5.16 -32.35 -7.02 -24.13 5.17
1683558286571861 80.00 0.00 0.00 0.00 69.17 7.17 68.93 5.39 -22.56 13.29 -24.16 6.50
1683558286587707 80.00 0.00 0.00 0.00 69.18 3.83 69.18 5.16 -15.95 -14.00 -24.19 4.40
1683558286604205 80.00 0.00 0.00 0.00 71.74 7.17 69.56 5.27 -15.41 13.54 -24.23 5.09
1683558286620767 80.00 0.00 0.00 0.00 70.45 7.17 69.82 5.27 -23.18 -6.72 -24.19 5.11
1683558286636630 80.00 0.00 0.00 0.00 71.74 6.05 70.08 5.27 -16.08 -0.00 -24.36 5.11
1683558286653306 80.00 0.00 0.00 0.00 70.45 8.29 70.07 5.83 -15.41 0.03 -22.64 4.39
1683558286669371 80.00 0.00 0.00 0.00 71.74 4.93 70.46 6.16 0.11 -34.77 -19.73 0.26
1683558286685309 80.00 0.00 0.00 0.00 73.04 4.92 70.71 5.94 -23.93 -20.85 -19.52 -5.65
1683558286701993 80.00 0.00 0.00 0.00 70.45 4.93 70.72 5.83 -15.54 13.45 -18.03 -4.31
1683558286718019 80.00 0.00 0.00 0.00 71.74 4.93 70.97 5.94 -0.02 6.97 -14.80 -2.91
1683558286734498 80.00 0.00 0.00 0.00 74.35 6.04 71.49 5.83 -15.55 -6.70 -14.10 -4.91
1683558286750468 80.00 0.00 0.00 0.00 71.76 2.69 71.75 5.71 -32.43 7.03 -15.74 -2.80
1683558286767087 80.00 0.00 0.00 0.00 73.04 4.92 71.88 5.49 -15.52 6.83 -15.76 -3.47
1683558286783042 80.00 0.00 0.00 0.00 70.45 4.93 71.88 5.26 -8.17 14.07 -14.25 -1.39
1683558286798806 80.00 0.00 0.00 0.00 73.05 3.80 72.01 5.04 -0.03 14.17 -12.65 0.02
1683558286815596 80.00 0.00 0.00 0.00 71.76 2.69 72.14 4.48 -7.80 13.39 -11.89 1.36
1683558286831347 80.00 0.00 0.00 0.00 70.45 4.93 72.01 4.48 -8.30 35.53 -12.73 8.39
1683558286848079 80.00 0.00 0.00 0.00 71.76 2.69 71.88 4.26 7.71 -0.03 -9.57 10.47
1683558286865335 80.00 0.00 0.00 0.00 71.74 4.93 72.01 4.26 7.44 12.95 -7.27 10.42
1683558286880772 80.00 0.00 0.00 0.00 71.74 6.05 72.01 4.37 -8.35 0.03 -8.10 9.73
1683558286897027 80.00 0.00 0.00 0.00 74.36 3.79 72.01 4.14 0.02 -6.89 -6.54 9.71
1683558286912999 80.00 0.00 0.00 0.00 74.35 6.04 72.27 4.48 -0.07 14.09 -3.31 10.41
1683558286929650 80.00 0.00 0.00 0.00 73.04 6.05 72.27 4.59 -15.55 -20.15 -3.31 7.72
1683558286945559 80.00 0.00 0.00 0.00 74.35 6.04 72.66 4.70 0.02 -7.06 -2.49 5.60
1683558286962151 80.00 0.00 0.00 0.00 74.35 4.92 72.79 4.81 -23.47 -6.69 -4.84 3.52
1683558286978005 80.00 0.00 0.00 0.00 74.35 4.92 73.05 5.04 -8.22 -7.05 -4.88 1.47
1683558286993969 80.00 0.00 0.00 0.00 77.00 4.91 73.70 5.03 -16.24 -13.97 -5.67 -3.48
1683558287009470 80.00 0.00 0.00 0.00 75.67 6.04 74.10 5.37 -42.25 0.17 -10.67 -3.46
1683558287026137 80.00 0.00 0.00 0.00 74.35 4.92 74.36 5.37 -23.46 -20.12 -13.76 -6.76
1683558287042083 80.00 0.00 0.00 0.00 75.67 6.04 74.75 5.37 -16.36 0.06 -14.56 -6.76
1683558287058655 80.00 0.00 0.00 0.00 74.36 3.79 74.75 5.37 -23.71 0.04 -16.93 -6.07
1683558287074533 80.00 0.00 0.00 0.00 77.01 3.78 75.02 5.14 0.00 0.00 -16.92 -7.47
1683558287090560 80.00 0.00 0.00 0.00 77.00 6.04 75.41 5.14 -16.61 14.15 -17.03 -4.04
1683558287106997 80.00 0.00 0.00 0.00 75.67 6.04 75.54 5.14 -24.09 0.04 -19.44 -3.33
1683558287124728 80.00 0.00 0.00 0.00 77.03 1.51 75.81 4.80 -7.44 0.01 -17.84 -2.66
1683558287139292 80.00 0.00 0.00 0.00 78.34 8.31 76.21 5.14 -18.41 23.39 -18.86 0.38
1683558287156779 80.00 0.00 0.00 0.00 78.35 4.90 76.34 5.14 -22.81 -19.36 -19.51 -0.16
1683558287172137 80.00 0.00 0.00 0.00 78.36 2.63 76.61 4.80 -8.74 0.04 -16.16 -0.17
1683558287188816 80.00 0.00 0.00 0.00 78.38 1.50 77.02 4.46 -16.15 20.44 -15.43 3.88
1683558287204747 80.00 0.00 0.00 0.00 79.70 4.90 77.42 4.34 -25.26 21.47 -16.32 6.02
1683558287220600 80.00 0.00 0.00 0.00 78.35 3.77 77.82 4.34 -25.42 7.22 -16.49 6.74
1683558287237013 80.00 0.00 0.00 0.00 77.00 6.04 77.82 4.56 -24.33 0.16 -18.93 6.76
1683558287253678 80.00 0.00 0.00 0.00 77.00 4.91 77.82 4.45 0.07 -13.58 -17.26 3.98
1683558287269614 80.00 0.00 0.00 0.00 77.00 6.04 77.95 4.45 -0.03 7.10 -14.85 4.69
1683558287286239 80.00 0.00 0.00 0.00 79.70 4.90 78.22 4.79 -8.00 0.02 -14.91 4.69
1683558287302139 80.00 0.00 0.00 0.00 81.07 3.75 78.49 4.33 -16.76 -21.28 -14.74 0.22
1683558287318787 80.00 0.00 0.00 0.00 78.36 2.63 78.49 4.11 -16.40 27.36 -14.10 4.89
1683558287334748 80.00 0.00 0.00 0.00 78.35 4.90 78.49 4.33 -0.11 14.22 -13.24 6.31
1683558287351341 80.00 0.00 0.00 0.00 79.69 7.17 78.62 4.90 0.11 -13.68 -11.61 2.90
1683558287367363 80.00 0.00 0.00 0.00 79.69 6.03 78.62 5.01 -8.22 -35.41 -9.91 -2.79
1683558287383113 80.00 0.00 0.00 0.00 81.06 8.31 78.89 5.47 0.03 -7.22 -7.36 -4.23
1683558287399898 80.00 0.00 0.00 0.00 79.69 6.03 79.16 5.47 -16.13 -27.07 -6.55 -6.95
1683558287415818 80.00 0.00 0.00 0.00 77.01 3.78 79.16 5.36 -16.93 0.03 -8.24 -5.59
1683558287432405 80.00 0.00 0.00 0.00 77.00 6.04 79.16 5.36 -0.04 6.82 -8.25 -5.62
1683558287448363 80.00 0.00 0.00 0.00 78.35 4.90 79.03 5.36 0.00 0.00 -7.45 -5.62
1683558287465120 80.00 0.00 0.00 0.00 78.35 3.77 78.76 5.36 8.08 -0.03 -4.96 -3.50
1683558287482426 80.00 0.00 0.00 0.00 78.34 7.17 78.75 5.81 15.71 -0.10 -1.75 -6.24
1683558287497129 80.00 0.00 0.00 0.00 79.69 6.03 78.89 5.92 0.16 -30.86 -1.72 -10.75
1683558287515638 80.00 0.00 0.00 0.00 77.00 4.91 78.62 5.70 -7.29 -6.11 -2.46 -10.00
1683558287530066 80.00 0.00 0.00 0.00 77.00 6.04 78.35 5.70 18.64 15.69 0.22 -4.89
1683558287546329 80.00 0.00 0.00 0.00 78.34 7.17 78.08 5.58 16.57 -0.03 1.88 -4.17
1683558287562144 80.00 0.00 0.00 0.00 79.69 6.03 78.08 5.58 17.20 7.22 5.21 -0.74
1683558287578765 80.00 0.00 0.00 0.00 79.77 -0.80 78.35 5.13 0.00 -0.00 6.90 -0.74
1683558287594739 80.00 0.00 0.00 0.00 79.71 3.76 78.62 4.90 -17.26 28.63 5.18 1.44
1683558287611370 80.00 0.00 0.00 0.00 78.34 6.04 78.62 5.01 -16.28 13.71 3.55 2.81
1683558287627345 80.00 0.00 0.00 0.00 78.34 8.31 78.62 5.47 0.03 -7.10 2.75 2.10
1683558287643935 80.00 0.00 0.00 0.00 81.08 2.61 78.90 5.01 0.06 -27.35 1.18 -0.62
1683558287659705 80.00 0.00 0.00 0.00 78.35 4.90 78.76 4.90 -17.39 28.93 -0.57 5.36
1683558287676490 80.00 0.00 0.00 0.00 79.71 3.76 79.03 4.78 8.04 6.74 0.96 6.64
1683558287692378 80.00 0.00 0.00 0.00 79.71 3.76 79.30 4.55 -17.01 7.23 -2.60 5.80
1683558287708363 80.00 0.00 0.00 0.00 78.34 6.04 79.30 4.44 -16.93 14.26 -5.95 7.23
1683558287725060 80.00 0.00 0.00 0.00 79.69 7.17 79.30 4.55 -0.01 6.79 -7.68 7.18
1683558287740963 80.00 0.00 0.00 0.00 81.07 3.75 79.43 5.01 0.01 -7.15 -7.67 6.47
1683558287757530 80.00 0.00 0.00 0.00 78.34 6.04 79.30 5.24 -7.87 -27.44 -6.74 0.86
1683558287773318 80.00 0.00 0.00 0.00 82.44 4.89 79.71 5.12 8.65 -14.43 -4.24 -1.95
1683558287789763 80.00 0.00 0.00 0.00 79.70 4.90 79.84 4.78 -24.93 7.01 -6.74 -0.54
1683558287806498 80.00 0.00 0.00 0.00 78.34 6.04 79.57 5.12 -8.11 20.37 -7.56 4.23
1683558287822337 80.00 0.00 0.00 0.00 81.06 6.03 79.84 5.24 17.31 -21.64 -4.09 -0.83
1683558287838961 80.00 0.00 0.00 0.00 78.35 4.90 79.70 5.35 -16.33 -6.79 -6.52 -2.18
1683558287854791 80.00 0.00 0.00 0.00 81.07 3.75 79.84 5.35 8.60 -7.22 -3.96 -3.62
1683558287871325 80.00 0.00 0.00 0.00 79.73 1.48 79.98 4.89 -8.26 0.06 -3.09 -5.05
1683558287887128 80.00 0.00 0.00 0.00 82.45 3.74 80.25 4.55 -8.79 28.82 -3.97 -2.84
1683558287903704 80.00 0.00 0.00 0.00 79.72 2.62 80.12 4.44 -16.63 20.70 -5.64 -0.06
1683558287921691 80.00 0.00 0.00 0.00 81.06 6.03 80.39 4.44 7.53 6.28 -4.10 3.31
1683558287936567 80.00 0.00 0.00 0.00 79.69 6.03 80.12 4.55 -18.28 0.04 -6.79 4.76
1683558287953539 80.00 0.00 0.00 0.00 81.07 3.75 80.25 4.44 16.19 -6.77 -2.68 3.38
1683558287968990 80.00 0.00 0.00 0.00 77.00 6.04 80.12 4.44 -8.89 7.42 -2.75 2.09
1683558287985979 80.00 0.00 0.00 0.00 79.70 4.90 79.98 4.33 7.90 -0.02 -3.70 4.25
1683558288000274 80.00 0.00 0.00 0.00 79.70 4.90 80.12 4.32 9.52 7.94 -1.11 5.72
1683558288016806 80.00 0.00 0.00 0.00 82.44 4.89 80.26 4.44 -8.19 0.04 -2.79 6.45
1683558288032752 80.00 0.00 0.00 0.00 82.45 3.74 80.53 4.66 -8.59 -7.12 -2.82 5.73
1683558288049229 80.00 0.00 0.00 0.00 77.00 6.04 79.98 4.89 -16.50 -13.70 -3.59 1.48
1683558288065132 80.00 0.00 0.00 0.00 79.69 7.17 79.98 5.35 34.27 -14.45 1.50 -2.04
1683558288081784 80.00 0.00 0.00 0.00 78.35 3.77 79.71 5.12 0.14 -27.32 0.76 -5.40
1683558288097481 80.00 0.00 0.00 0.00 79.72 2.62 79.71 4.78 17.25 14.42 4.31 -3.96
1683558288114263 80.00 0.00 0.00 0.00 79.71 3.76 79.58 4.78 -0.13 20.34 2.68 -1.25
1683558288130027 80.00 0.00 0.00 0.00 79.75 0.34 79.85 4.21 8.66 -0.06 4.43 -1.99
1683558288146613 80.00 0.00 0.00 0.00 82.44 4.89 80.12 4.21 -16.57 34.34 1.99 1.44
1683558288163164 80.00 0.00 0.00 0.00 79.70 4.90 80.12 4.21 -16.57 0.07 -0.62 0.65
1683558288179107 80.00 0.00 0.00 0.00 79.70 4.90 79.85 4.21 -0.00 -0.00 0.20 0.65
1683558288195132 80.00 0.00 0.00 0.00 81.07 3.75 79.71 4.21 17.12 -0.07 2.77 1.36
1683558288211750 80.00 0.00 0.00 0.00 81.08 2.61 80.12 3.87 8.29 -0.06 5.25 2.72
1683558288227650 80.00 0.00 0.00 0.00 81.06 4.89 80.26 3.64 -25.68 21.57 -0.75 6.32
1683558288245505 80.00 0.00 0.00 0.00 81.06 7.17 80.53 3.98 -7.68 12.77 -1.53 10.33
1683558288260190 80.00 0.00 0.00 0.00 81.06 6.03 80.66 4.32 -18.43 -23.18 -5.10 6.57
1683558288277457 80.00 0.00 0.00 0.00 81.06 8.31 80.80 4.78 -7.78 -19.75 -5.86 2.56
1683558288292685 80.00 0.00 0.00 0.00 82.44 7.17 81.07 5.46 -8.89 -29.90 -7.62 -0.42
1683558288309102 80.00 0.00 0.00 0.00 79.69 6.03 80.79 5.58 -16.38 -41.59 -7.60 -8.01
1683558288325075 80.00 0.00 0.00 0.00 79.70 4.90 80.79 5.58 17.20 -7.20 -4.22 -8.74
1683558288341744 80.00 0.00 0.00 0.00 82.44 4.89 81.07 5.58 -0.00 0.00 -4.22 -8.74
1683558288357664 80.00 0.00 0.00 0.00 81.06 4.89 81.07 5.69 -17.23 0.08 -7.66 -8.72
1683558288374320 80.00 0.00 0.00 0.00 83.83 4.88 81.34 5.92 0.05 -6.85 -8.48 -9.40
1683558288390077 80.00 0.00 0.00 0.00 81.06 6.03 81.34 6.03 -17.45 -14.40 -7.66 -13.00
1683558288406404 80.00 0.00 0.00 0.00 79.75 0.34 81.21 5.35 0.03 -6.99 -6.89 -14.98
1683558288422985 80.00 0.00 0.00 0.00 81.10 1.47 81.21 4.89 7.91 41.18 -4.25 -8.54
1683558288438964 80.00 0.00 0.00 0.00 81.06 7.17 81.21 4.78 -0.23 28.56 -3.50 -3.71
1683558288455348 80.00 0.00 0.00 0.00 81.07 3.75 81.08 4.44 0.01 6.96 -2.61 -0.02
1683558288472017 80.00 0.00 0.00 0.00 81.11 0.33 81.22 3.86 8.18 20.53 -0.15 6.19
1683558288487907 80.00 0.00 0.00 0.00 79.70 4.90 81.22 3.86 -8.93 35.93 -2.77 10.50
1683558288503907 80.00 0.00 0.00 0.00 79.71 3.76 80.94 3.75 0.00 0.00 -2.77 10.50
1683558288522333 80.00 0.00 0.00 0.00 82.44 6.03 81.08 3.87 14.85 6.11 0.44 11.10
1683558288536871 80.00 0.00 0.00 0.00 81.06 7.17 80.80 4.10 -9.44 -7.83 -0.51 11.01
1683558288553020 80.00 0.00 0.00 0.00 79.69 6.03 80.67 4.10 17.17 -14.20 2.95 11.03
1683558288569039 80.00 0.00 0.00 0.00 81.10 1.47 80.80 4.21 8.52 -0.02 3.80 11.72
1683558288585358 80.00 0.00 0.00 0.00 81.06 6.03 80.80 4.66 -8.27 -6.88 2.19 6.92
1683558288602089 80.00 0.00 0.00 0.00 79.72 2.62 80.67 4.21 0.22 -27.28 2.23 1.33
1683558288618031 80.00 0.00 0.00 0.00 81.06 7.17 80.66 4.55 8.42 28.54 3.07 3.49
1683558288634794 80.00 0.00 0.00 0.00 79.69 6.03 80.52 5.12 0.08 -20.41 2.26 -0.60
1683558288650676 80.00 0.00 0.00 0.00 78.34 6.04 80.39 5.24 8.94 -35.95 4.05 -7.79
1683558288666454 80.00 0.00 0.00 0.00 78.35 3.77 80.25 5.24 8.60 -7.23 4.91 -8.51
1683558288682997 80.00 0.00 0.00 0.00 82.44 8.32 80.25 5.47 8.18 -0.05 4.24 -9.13
1683558288699695 80.00 0.00 0.00 0.00 79.73 1.48 80.12 4.90 -0.01 -13.70 5.19 -9.72
1683558288715537 80.00 0.00 0.00 0.00 81.06 4.89 80.26 4.78 8.38 35.91 4.31 -4.71
1683558288731661 80.00 0.00 0.00 0.00 82.45 3.74 80.39 5.01 -8.49 7.09 2.61 -4.00
1683558288748273 80.00 0.00 0.00 0.00 79.69 6.03 80.25 5.01 -8.14 -13.69 2.62 -4.68
1683558288764202 80.00 0.00 0.00 0.00 79.77 -0.80 80.26 4.67 8.57 -0.02 3.45 -1.95
1683558288780598 80.00 0.00 0.00 0.00 81.07 3.75 80.26 4.33 -0.31 20.84 2.58 -2.72
1683558288796489 80.00 0.00 0.00 0.00 79.69 6.03 80.26 4.33 -0.08 21.53 2.56 1.47
1683558288813141 80.00 0.00 0.00 0.00 81.08 2.61 80.53 3.98 0.00 -0.00 1.67 5.07
1683558288830238 80.00 0.00 0.00 0.00 81.06 4.89 80.81 4.10 -16.03 20.05 -0.79 7.80
1683558288845621 80.00 0.00 0.00 0.00 81.06 7.17 80.67 3.98 -17.63 -7.30 -3.37 7.07
1683558288862209 80.00 0.00 0.00 0.00 79.70 8.31 80.66 4.66 8.32 6.90 -2.54 9.13
1683558288878119 80.00 0.00 0.00 0.00 81.10 1.47 80.67 4.32 0.22 -42.90 -3.36 1.25
1683558288893975 80.00 0.00 0.00 0.00 79.73 1.48 80.40 4.10 -0.21 21.59 -2.53 2.70
1683558288910723 80.00 0.00 0.00 0.00 82.46 2.60 80.67 3.75 16.23 13.48 -0.09 5.42
1683558288927209 80.00 0.00 0.00 0.00 81.06 7.17 80.80 4.55 -16.78 20.85 -2.63 7.50
1683558288943334 80.00 0.00 0.00 0.00 81.06 4.89 80.80 4.66 -8.00 -49.41 -3.40 0.48
1683558288959640 80.00 0.00 0.00 0.00 79.69 6.03 80.80 4.66 0.05 -7.00 -3.38 -2.37
1683558288975417 80.00 0.00 0.00 0.00 81.08 2.61 80.80 4.66 0.00 0.00 -3.38 -2.37
1683558288992164 80.00 0.00 0.00 0.00 79.69 7.17 80.66 4.89 0.00 -0.00 -1.78 -4.38
1683558289006959 80.00 0.00 0.00 0.00 82.44 4.89 80.80 4.66 9.26 -15.41 0.91 -5.19
1683558289024907 80.00 0.00 0.00 0.00 81.10 1.47 80.94 3.98 -7.71 12.74 -0.69 -4.61
1683558289039444 80.00 0.00 0.00 0.00 79.70 4.90 80.80 4.32 -9.64 47.06 -1.68 4.39
1683558289056195 80.00 0.00 0.00 0.00 79.69 7.17 80.80 4.89 8.35 -20.47 -0.82 0.18
1683558289072084 80.00 0.00 0.00 0.00 82.44 7.17 80.80 5.35 0.23 -35.80 -2.42 -4.74
1683558289088770 80.00 0.00 0.00 0.00 79.70 4.90 80.66 5.12 0.15 -27.42 -0.73 -9.57
1683558289104461 80.00 0.00 0.00 0.00 78.35 4.90 80.39 5.12 8.67 14.50 0.94 -3.18
1683558289120884 80.00 0.00 0.00 0.00 81.10 1.47 80.53 4.66 16.55 -0.07 2.59 -2.49
1683558289137518 80.00 0.00 0.00 0.00 79.70 4.90 80.39 4.89 -8.43 27.45 1.74 0.26
1683558289153323 80.00 0.00 0.00 0.00 81.08 2.61 80.53 4.44 8.76 -14.48 2.62 -1.19
1683558289170156 80.00 0.00 0.00 0.00 79.69 7.17 80.25 4.67 -8.25 27.10 0.87 3.06
1683558289185830 80.00 0.00 0.00 0.00 79.69 7.17 80.11 5.24 17.53 -14.59 3.39 0.33
1683558289202600 80.00 0.00 0.00 0.00 79.72 2.62 80.12 5.01 8.37 -34.01 5.19 -7.78
1683558289218356 80.00 0.00 0.00 0.00 78.36 2.63 79.98 4.55 -0.11 14.44 4.35 -4.29
1683558289236374 80.00 0.00 0.00 0.00 77.00 4.91 79.44 4.33 7.38 25.19 5.06 1.81
1683558289251079 80.00 0.00 0.00 0.00 81.07 3.75 79.58 4.21 36.94 15.40 8.74 6.09
1683558289267782 80.00 0.00 0.00 0.00 79.70 8.31 79.71 4.55 -8.22 6.87 7.05 5.33
1683558289283587 80.00 0.00 0.00 0.00 79.69 6.03 79.57 5.01 -8.54 -21.55 4.54 3.18
1683558289300221 80.00 0.00 0.00 0.00 82.45 3.74 79.85 4.90 8.43 -27.46 6.23 -2.31
1683558289316044 80.00 0.00 0.00 0.00 79.72 2.62 79.71 4.90 -17.38 7.31 3.61 -0.13
1683558289331861 80.00 0.00 0.00 0.00 81.06 7.17 79.85 4.90 8.63 -0.08 5.30 -2.85
1683558289348667 80.00 0.00 0.00 0.00 77.00 8.30 79.58 5.01 -8.12 -0.00 2.74 -1.39
1683558289364956 80.00 0.00 0.00 0.00 81.06 4.89 79.71 5.24 16.53 -6.94 3.55 1.32
1683558289380931 80.00 0.00 0.00 0.00 81.06 8.31 79.98 5.80 -8.43 -14.21 2.72 -1.55
1683558289397304 80.00 0.00 0.00 0.00 79.70 4.90 80.25 5.80 -16.48 -34.68 0.34 -7.53
1683558289413241 80.00 0.00 0.00 0.00 77.09 -1.89 79.85 5.24 -16.91 0.07 -5.05 -9.07
1683558289429805 80.00 0.00 0.00 0.00 82.44 7.17 80.13 5.13 24.03 34.04 -1.82 -6.35
1683558289446565 80.00 0.00 0.00 0.00 78.34 7.17 79.99 5.24 -16.35 6.78 -2.61 -3.52
1683558289462245 80.00 0.00 0.00 0.00 79.70 8.31 79.72 5.70 8.64 -7.25 -2.58 -1.50
1683558289478935 80.00 0.00 0.00 0.00 81.06 6.03 79.85 6.04 16.50 -27.37 0.80 -4.96
1683558289494831 80.00 0.00 0.00 0.00 82.44 7.17 79.99 6.04 -8.45 -21.45 -0.90 -7.10
1683558289511398 80.00 0.00 0.00 0.00 78.38 1.50 80.13 5.36 -8.31 -0.00 -0.92 -7.10
1683558289527363 80.00 0.00 0.00 0.00 79.69 7.17 79.99 5.59 -8.62 42.61 -3.44 -2.15
1683558289543931 80.00 0.00 0.00 0.00 81.06 4.89 79.99 5.24 8.27 -13.76 -1.77 -2.10
1683558289559534 80.00 0.00 0.00 0.00 82.45 3.74 80.26 5.13 -0.02 21.93 -0.12 3.56
1683558289578119 80.00 0.00 0.00 0.00 82.44 6.03 80.80 5.92 -14.80 6.22 0.09 4.17
1683558289592627 80.00 0.00 0.00 0.00 79.69 7.17 80.52 5.92 -36.85 -54.57 -6.00 -4.69
1683558289608499 80.00 0.00 0.00 0.00 82.46 2.60 80.94 5.46 17.28 0.01 -2.64 -5.36
1683558289625127 80.00 0.00 0.00 0.00 81.06 6.03 81.07 5.23 -24.78 27.51 -5.98 -1.89
1683558289641018 80.00 0.00 0.00 0.00 81.08 2.61 81.07 4.89 -8.58 14.33 -8.49 2.28
1683558289657536 80.00 0.00 0.00 0.00 77.00 4.91 80.53 4.67 -0.14 20.72 -7.66 6.50
1683558289673441 80.00 0.00 0.00 0.00 81.06 7.17 80.80 5.23 34.16 14.23 -3.41 7.92
1683558289690199 80.00 0.00 0.00 0.00 79.75 0.34 80.81 4.55 -16.01 -33.86 -4.15 0.28
1683558289705958 80.00 0.00 0.00 0.00 81.07 3.75 80.81 4.44 -0.34 43.33 -5.01 5.98
1683558289722759 80.00 0.00 0.00 0.00 82.44 4.89 80.81 4.55 -0.05 6.79 -5.01 4.47
1683558289738430 80.00 0.00 0.00 0.00 79.69 6.03 80.53 4.55 0.05 -7.30 -3.53 3.12
1683558289755035 80.00 0.00 0.00 0.00 79.72 2.62 80.53 4.10 16.52 -0.03 1.81 8.57
1683558289771497 80.00 0.00 0.00 0.00 81.10 1.47 80.40 3.98 -0.14 27.64 0.07 11.34
1683558289787307 80.00 0.00 0.00 0.00 78.35 3.77 80.13 3.76 8.63 7.14 3.41 9.30
1683558289803850 80.00 0.00 0.00 0.00 79.69 6.03 79.99 4.10 16.36 13.68 5.90 9.23
1683558289820989 80.00 0.00 0.00 0.00 81.11 0.33 80.40 3.64 8.10 -19.98 6.73 5.16
1683558289836407 80.00 0.00 0.00 0.00 83.83 6.03 80.68 3.53 -26.66 29.73 0.65 6.71
1683558289852703 80.00 0.00 0.00 0.00 81.06 4.89 80.81 3.98 -16.99 7.03 0.55 10.80
1683558289868622 80.00 0.00 0.00 0.00 79.69 6.03 80.67 4.21 -8.27 -28.57 -0.25 3.61
1683558289885264 80.00 0.00 0.00 0.00 79.70 4.90 80.40 4.21 8.28 -13.72 0.59 1.56
1683558289901123 80.00 0.00 0.00 0.00 82.44 6.03 80.67 4.21 17.30 -0.08 2.31 2.28
1683558289917637 80.00 0.00 0.00 0.00 82.44 4.89 80.94 4.44 -16.61 0.03 -1.00 2.29
1683558289934207 80.00 0.00 0.00 0.00 79.69 6.03 80.80 4.89 -16.44 -13.66 -2.63 -1.84
1683558289950015 80.00 0.00 0.00 0.00 79.72 2.62 80.94 4.78 8.87 -28.89 -2.61 -5.44
1683558289966761 80.00 0.00 0.00 0.00 79.73 1.48 80.94 4.32 -8.15 6.85 -5.06 -6.13
1683558289982437 80.00 0.00 0.00 0.00 82.44 6.03 81.07 4.89 -0.23 29.03 -5.89 -1.22
1683558289999194 80.00 0.00 0.00 0.00 79.70 9.45 80.66 5.24 -7.90 -34.04 -4.01 -7.60
1683558290014026 80.00 0.00 0.00 0.00 83.83 6.03 80.94 5.35 27.82 -23.06 0.47 -10.61
1683558290031822 80.00 0.00 0.00 0.00 81.06 6.03 81.07 5.35 -15.53 -6.38 -0.26 -8.39
1683558290046527 80.00 0.00 0.00 0.00 82.44 4.89 81.35 5.35 -9.28 0.02 -2.01 -7.02
1683558290064309 80.00 0.00 0.00 0.00 81.07 3.75 81.21 5.12 -15.42 0.07 -5.29 -7.00
1683558290078822 80.00 0.00 0.00 0.00 81.06 4.89 81.07 5.12 9.41 15.70 -2.69 -5.44
1683558290095787 80.00 0.00 0.00 0.00 78.34 8.31 80.94 5.35 8.12 -0.04 -0.23 -4.07
1683558290111527 80.00 0.00 0.00 0.00 81.07 3.75 81.07 5.46 8.59 -14.43 -0.26 -2.63
1683558290128296 80.00 0.00 0.00 0.00 78.34 6.04 80.94 5.92 -8.08 -6.73 -0.25 -3.98
1683558290143979 80.00 0.00 0.00 0.00 79.69 6.03 80.66 5.92 8.86 -29.04 0.66 -9.79
1683558290160655 80.00 0.00 0.00 0.00 79.70 4.90 80.66 5.46 16.45 -0.03 3.09 -6.39
1683558290176768 80.00 0.00 0.00 0.00 81.06 4.89 80.38 5.35 0.01 28.23 0.31 -1.26
1683558290193194 80.00 0.00 0.00 0.00 81.06 4.89 80.39 5.23 16.82 6.91 3.55 0.07
1683558290209189 80.00 0.00 0.00 0.00 79.70 4.90 80.11 5.23 -0.03 7.13 4.47 0.78
1683558290225608 80.00 0.00 0.00 0.00 82.44 6.03 80.25 5.46 16.71 -0.07 7.69 0.76
1683558290241820 80.00 0.00 0.00 0.00 81.07 3.75 80.25 5.35 -8.42 -14.05 5.90 -2.21
1683558290257542 80.00 0.00 0.00 0.00 81.06 4.89 80.52 5.01 -0.05 7.26 5.09 -1.48
1683558290274053 80.00 0.00 0.00 0.00 81.06 6.03 80.52 5.24 -16.49 20.68 2.58 2.03
1683558290290565 80.00 0.00 0.00 0.00 82.44 7.17 80.93 5.35 0.07 -13.82 3.39 1.32
1683558290306609 80.00 0.00 0.00 0.00 79.72 2.62 80.93 5.01 -25.52 -7.08 -0.04 3.52
1683558290322958 80.00 0.00 0.00 0.00 81.06 7.17 81.07 5.24 -0.14 20.87 -1.70 5.61
1683558290339603 80.00 0.00 0.00 0.00 79.75 0.34 80.94 4.78 -8.17 -13.67 -2.52 1.42
1683558290355471 80.00 0.00 0.00 0.00 79.69 6.03 80.80 4.89 8.30 28.66 -3.37 3.59
1683558290372041 80.00 0.00 0.00 0.00 79.70 4.90 80.80 4.89 8.27 -6.90 -2.54 2.19
1683558290387744 80.00 0.00 0.00 0.00 79.70 4.90 80.52 4.78 0.00 -0.00 -4.21 2.20
1683558290404476 80.00 0.00 0.00 0.00 78.34 6.04 80.25 5.01 16.37 6.76 -1.74 4.28
1683558290420226 80.00 0.00 0.00 0.00 79.72 2.62 80.12 4.78 17.34 -14.52 0.00 2.10
