#Task Selector: 5
#PID Parameters: kp: 0.02, kd: 0.00, ki: 0.00
#n_pos: 10
#n_vel: 10
t x_ref y_ref vx_ref vy_ref x_raw y_raw x y vx_raw vy_raw vx vy
16 80.00 0.00 0.00 0.00 19.19 -21.49 1.92 -2.15 0.00 0.00 0.00 0.00
1683558422573423 80.00 0.00 0.00 0.00 18.15 -23.65 3.73 -4.51 -114.04 127.75 -11.40 12.77
1683558422589192 80.00 0.00 0.00 0.00 18.15 -23.65 5.55 -6.88 -115.08 149.99 -22.91 27.77
1683558422610601 80.00 0.00 0.00 0.00 20.33 -25.88 7.58 -9.47 -84.76 110.47 -31.39 38.82
1683558422623328 80.00 0.00 0.00 0.00 17.11 -25.82 9.29 -12.05 -159.78 203.34 -47.37 59.15
1683558422638862 80.00 0.00 0.00 0.00 18.11 -21.48 11.10 -14.20 -110.13 166.23 -58.38 75.78
1683558422654560 80.00 0.00 0.00 0.00 17.06 -22.55 12.81 -16.45 -115.39 136.80 -69.92 89.46
1683558422674624 80.00 0.00 0.00 0.00 19.20 -22.58 14.73 -18.71 -85.03 112.37 -78.42 100.69
1683558422687127 80.00 0.00 0.00 0.00 18.13 -22.56 16.54 -20.97 -153.58 180.58 -93.78 118.75
1683558422703623 80.00 0.00 0.00 0.00 18.13 -22.56 18.36 -23.22 -109.91 136.77 -104.77 132.43
1683558422719725 80.00 0.00 0.00 0.00 18.11 -21.48 18.25 -23.22 -112.60 140.12 -116.03 146.44
1683558422735631 80.00 0.00 0.00 0.00 21.44 -27.00 18.58 -23.56 6.74 -0.10 -103.95 133.66
1683558422752514 80.00 0.00 0.00 0.00 17.04 -21.46 18.47 -23.34 -19.49 19.84 -94.39 120.64
1683558422768314 80.00 0.00 0.00 0.00 19.19 -21.49 18.35 -22.90 6.98 -13.87 -85.22 108.21
1683558422784503 80.00 0.00 0.00 0.00 20.30 -23.69 18.67 -22.68 7.10 -27.10 -68.53 85.16
1683558422801088 80.00 0.00 0.00 0.00 20.28 -22.60 18.89 -22.80 -19.22 -12.87 -59.44 67.25
1683558422816955 80.00 0.00 0.00 0.00 21.37 -23.71 19.32 -22.91 -13.63 7.07 -49.26 54.28
1683558422838778 80.00 0.00 0.00 0.00 20.38 -28.08 19.44 -23.46 -19.77 5.32 -42.74 43.58
1683558422850282 80.00 0.00 0.00 0.00 23.60 -27.05 19.98 -23.91 -10.21 47.85 -28.40 30.30
1683558422865577 80.00 0.00 0.00 0.00 22.36 -18.29 20.41 -23.48 -35.79 29.33 -20.99 19.56
1683558422882825 80.00 0.00 0.00 0.00 24.55 -20.50 21.05 -23.39 -24.50 -24.75 -12.18 3.07
1683558422898265 80.00 0.00 0.00 0.00 23.45 -19.39 21.25 -22.63 -41.70 -6.33 -17.02 2.45
1683558422914849 80.00 0.00 0.00 0.00 27.91 -24.95 22.34 -22.97 -12.15 -45.87 -16.29 -4.12
1683558422931059 80.00 0.00 0.00 0.00 26.77 -22.72 23.10 -23.10 -67.05 21.51 -23.69 -0.58
1683558422950897 80.00 0.00 0.00 0.00 31.09 -20.64 24.18 -22.79 -38.23 6.22 -28.22 2.75
1683558422963505 80.00 0.00 0.00 0.00 28.93 -21.68 25.04 -22.70 -85.65 -24.17 -34.87 1.62
1683558422979515 80.00 0.00 0.00 0.00 31.18 -23.93 26.02 -22.72 -54.03 -5.72 -38.91 0.34
1683558422996388 80.00 0.00 0.00 0.00 30.05 -22.80 26.99 -22.20 -58.12 1.33 -42.74 -0.06
1683558423011348 80.00 0.00 0.00 0.00 36.63 -20.79 28.29 -21.57 -64.65 -35.30 -48.19 -8.37
1683558423027571 80.00 0.00 0.00 0.00 32.28 -23.96 29.29 -22.14 -80.31 -38.61 -52.64 -15.17
1683558423044116 80.00 0.00 0.00 0.00 34.50 -24.03 30.28 -22.49 -60.00 34.26 -56.19 -9.27
1683558423060209 80.00 0.00 0.00 0.00 37.75 -20.82 31.71 -22.63 -61.82 21.93 -58.20 -6.44
1683558423075946 80.00 0.00 0.00 0.00 37.86 -24.13 32.70 -22.55 -90.87 9.05 -66.07 -0.95
1683558423094844 80.00 0.00 0.00 0.00 41.03 -17.62 34.13 -22.04 -52.62 -4.31 -64.63 -3.53
1683558423108875 80.00 0.00 0.00 0.00 42.31 -22.07 35.25 -22.18 -101.65 -36.38 -70.97 -7.79
1683558423126058 80.00 0.00 0.00 0.00 44.52 -19.93 36.81 -22.01 -65.26 8.30 -68.93 -4.54
1683558423141415 80.00 0.00 0.00 0.00 44.52 -19.93 38.14 -21.61 -101.51 -11.42 -73.68 -5.11
1683558423157285 80.00 0.00 0.00 0.00 42.27 -20.96 39.37 -21.42 -84.04 -25.23 -76.27 -7.77
1683558423174151 80.00 0.00 0.00 0.00 45.59 -17.75 40.26 -21.12 -72.45 -10.94 -77.05 -5.33
1683558423190007 80.00 0.00 0.00 0.00 46.71 -16.69 41.70 -20.39 -56.49 -19.11 -74.67 -3.39
1683558423210123 80.00 0.00 0.00 0.00 43.62 -26.58 42.62 -20.65 -71.70 -36.16 -75.84 -10.43
1683558423222706 80.00 0.00 0.00 0.00 44.48 -18.82 43.29 -20.45 -72.49 20.26 -76.91 -10.59
1683558423238666 80.00 0.00 0.00 0.00 46.95 -23.35 44.20 -20.37 -42.15 -12.50 -72.03 -12.75
1683558423255401 80.00 0.00 0.00 0.00 49.19 -21.20 45.01 -20.73 -54.33 -4.68 -72.20 -12.79
1683558423271581 80.00 0.00 0.00 0.00 45.66 -19.97 45.35 -20.52 -50.41 22.15 -67.08 -6.93
1683558423287407 80.00 0.00 0.00 0.00 50.27 -19.02 45.92 -20.43 -21.22 -13.27 -62.68 -9.09
1683558423304201 80.00 0.00 0.00 0.00 51.49 -20.18 46.62 -20.45 -34.27 -5.41 -55.95 -8.49
1683558423320071 80.00 0.00 0.00 0.00 51.33 -15.73 47.53 -19.93 -43.95 1.58 -51.95 -5.81
1683558423336725 80.00 0.00 0.00 0.00 51.40 -17.95 48.11 -19.95 -54.38 -31.40 -50.14 -7.85
1683558423352727 80.00 0.00 0.00 0.00 55.11 -21.44 48.95 -20.42 -36.34 1.21 -48.12 -5.82
1683558423370291 80.00 0.00 0.00 0.00 57.20 -13.70 50.31 -19.14 -47.84 27.08 -45.74 0.50
1683558423384868 80.00 0.00 0.00 0.00 54.80 -13.63 51.34 -18.62 -93.12 -88.32 -47.80 -10.36
1683558423401615 80.00 0.00 0.00 0.00 57.00 -7.06 52.35 -16.99 -61.64 -31.03 -49.75 -12.21
1683558423417608 80.00 0.00 0.00 0.00 61.92 -9.40 53.62 -15.81 -62.87 -101.83 -50.60 -21.92
1683558423434138 80.00 0.00 0.00 0.00 57.12 -11.48 54.76 -14.96 -77.05 -71.43 -53.27 -31.28
1683558423450383 80.00 0.00 0.00 0.00 61.99 -11.63 55.94 -14.22 -70.54 -52.23 -58.20 -35.18
1683558423466586 80.00 0.00 0.00 0.00 61.92 -9.40 56.98 -13.14 -72.35 -45.62 -62.01 -39.20
1683558423482330 80.00 0.00 0.00 0.00 66.81 -6.18 58.53 -12.19 -66.26 -68.48 -64.24 -46.21
1683558423498885 80.00 0.00 0.00 0.00 64.33 -7.23 59.82 -11.11 -93.55 -57.70 -68.16 -48.84
1683558423514795 80.00 0.00 0.00 0.00 66.73 -2.83 60.98 -9.25 -81.27 -67.35 -72.65 -55.69
1683558423531412 80.00 0.00 0.00 0.00 66.68 0.51 61.93 -7.83 -69.97 -112.03 -74.86 -69.60
1683558423547468 80.00 0.00 0.00 0.00 65.39 3.85 62.99 -6.08 -59.06 -88.50 -71.46 -69.62
1683558423563943 80.00 0.00 0.00 0.00 67.91 3.83 64.08 -4.99 -64.30 -106.05 -71.72 -77.12
1683558423580035 80.00 0.00 0.00 0.00 70.61 -5.14 64.95 -4.57 -67.78 -67.71 -72.21 -73.71
1683558423596382 80.00 0.00 0.00 0.00 69.27 -2.87 66.17 -3.71 -53.12 -26.01 -69.82 -69.17
1683558423613031 80.00 0.00 0.00 0.00 70.67 -7.40 67.03 -3.29 -72.96 -51.70 -70.06 -69.11
1683558423629066 80.00 0.00 0.00 0.00 71.77 1.57 68.02 -2.19 -54.11 -26.39 -68.24 -67.19
1683558423645019 80.00 0.00 0.00 0.00 74.37 2.67 68.77 -1.30 -61.73 -68.73 -67.79 -67.22
1683558423661644 80.00 0.00 0.00 0.00 73.09 0.43 69.65 -0.54 -45.46 -53.20 -62.98 -66.77
1683558423677655 80.00 0.00 0.00 0.00 75.70 1.53 70.55 -0.10 -54.66 -47.87 -60.31 -64.82
1683558423694401 80.00 0.00 0.00 0.00 78.46 -3.05 71.72 -0.46 -53.55 -26.02 -58.67 -56.22
1683558423710253 80.00 0.00 0.00 0.00 78.41 -0.77 73.03 -0.92 -74.33 22.45 -60.20 -45.12
1683558423726246 80.00 0.00 0.00 0.00 77.02 2.65 73.94 -1.04 -81.40 28.89 -61.91 -31.63
1683558423742963 80.00 0.00 0.00 0.00 81.11 0.33 74.99 -0.49 -54.50 7.10 -60.58 -24.15
1683558423758953 80.00 0.00 0.00 0.00 79.77 -0.80 76.04 -0.28 -65.71 -34.20 -61.84 -24.97
1683558423775584 80.00 0.00 0.00 0.00 79.82 -3.08 76.95 0.15 -63.11 -12.50 -60.85 -21.05
1683558423791522 80.00 0.00 0.00 0.00 81.13 -0.82 77.89 -0.09 -57.39 -27.08 -61.18 -21.12
1683558423807347 80.00 0.00 0.00 0.00 82.51 -0.84 78.70 -0.44 -59.17 15.08 -60.93 -12.73
1683558423824190 80.00 0.00 0.00 0.00 89.61 -0.96 80.36 -0.58 -48.36 20.83 -61.22 -5.33
1683558423839934 80.00 0.00 0.00 0.00 88.10 2.54 81.60 -0.48 -104.94 8.85 -66.25 0.34
1683558423856663 80.00 0.00 0.00 0.00 88.12 1.38 82.56 -0.04 -74.13 -6.07 -68.30 2.34
1683558423872540 80.00 0.00 0.00 0.00 85.23 7.17 83.24 0.76 -60.83 -27.93 -66.95 -2.70
1683558423889126 80.00 0.00 0.00 0.00 92.48 2.50 84.79 0.74 -41.10 -47.92 -62.92 -10.38
1683558423905594 80.00 0.00 0.00 0.00 89.53 4.85 85.63 1.20 -93.90 0.89 -66.86 -11.00
1683558423922860 80.00 0.00 0.00 0.00 95.46 4.82 87.20 1.76 -48.72 -26.22 -65.17 -10.21
1683558423937980 80.00 0.00 0.00 0.00 92.46 4.84 88.46 2.55 -103.76 -37.16 -69.23 -12.67
1683558423953917 80.00 0.00 0.00 0.00 97.02 1.27 90.05 2.76 -79.33 -49.68 -71.42 -14.93
1683558423970481 80.00 0.00 0.00 0.00 92.47 3.67 91.05 3.21 -95.92 -12.59 -75.10 -17.70
1683558423986326 80.00 0.00 0.00 0.00 91.01 2.51 91.19 3.56 -62.83 -28.46 -76.55 -22.63
1683558424002039 80.00 0.00 0.00 0.00 95.46 4.82 91.92 3.78 -8.91 -22.12 -66.94 -25.73
1683558424018025 80.00 0.00 0.00 0.00 95.48 2.47 92.66 3.89 -46.00 -14.26 -64.13 -26.55
1683558424034480 80.00 0.00 0.00 0.00 96.97 7.18 93.83 3.89 -44.74 -6.59 -62.52 -24.41
1683558424050340 80.00 0.00 0.00 0.00 96.98 4.82 94.28 4.12 -74.04 -0.03 -65.82 -19.62
1683558424066857 80.00 0.00 0.00 0.00 95.45 6.00 94.88 4.24 -27.22 -14.03 -59.15 -21.11
1683558424083475 80.00 0.00 0.00 0.00 95.45 6.00 94.88 4.36 -35.65 -6.91 -57.84 -19.18
1683558424099456 80.00 0.00 0.00 0.00 100.10 2.42 95.64 4.12 0.04 -7.37 -47.46 -16.20
1683558424116096 80.00 0.00 0.00 0.00 98.51 7.18 95.79 4.71 -45.92 14.55 -44.12 -9.78
1683558424132115 80.00 0.00 0.00 0.00 98.52 4.81 96.39 4.82 -9.30 -36.90 -35.46 -12.21
1683558424148150 80.00 0.00 0.00 0.00 100.09 3.61 97.30 4.93 -37.73 -7.10 -32.95 -10.08
1683558424165769 80.00 0.00 0.00 0.00 98.51 7.18 97.61 5.17 -51.53 -6.21 -37.21 -8.49
1683558424180884 80.00 0.00 0.00 0.00 98.52 4.81 97.91 5.40 -20.21 -15.59 -34.63 -8.62
1683558424197037 80.00 0.00 0.00 0.00 98.51 5.99 98.06 5.28 -18.81 -14.49 -32.04 -9.41
1683558424213021 80.00 0.00 0.00 0.00 98.51 5.99 98.22 5.40 -9.64 7.41 -25.60 -8.66
1683558424229667 80.00 0.00 0.00 0.00 98.53 3.62 98.53 5.16 -9.22 -7.08 -23.80 -7.97
1683558424245606 80.00 0.00 0.00 0.00 100.07 8.37 98.99 5.40 -19.31 14.93 -22.16 -5.78
1683558424262048 80.00 0.00 0.00 0.00 98.59 0.06 98.84 5.16 -28.10 -14.41 -24.98 -6.49
1683558424277970 80.00 0.00 0.00 0.00 95.45 8.36 98.53 5.28 9.52 14.81 -19.43 -6.46
1683558424296920 80.00 0.00 0.00 0.00 95.46 4.82 98.22 5.28 16.15 -6.21 -16.89 -3.39
1683558424310765 80.00 0.00 0.00 0.00 95.48 2.47 97.76 5.17 22.12 -0.11 -10.91 -2.69
1683558424326717 80.00 0.00 0.00 0.00 93.94 6.00 97.31 5.05 28.88 7.15 -2.86 -1.36
1683558424343385 80.00 0.00 0.00 0.00 91.01 2.51 96.56 4.82 27.40 7.05 1.90 0.91
1683558424359232 80.00 0.00 0.00 0.00 92.47 3.67 95.95 4.59 47.40 14.47 8.52 3.80
1683558424376015 80.00 0.00 0.00 0.00 86.67 2.56 94.77 4.24 36.01 13.85 13.08 4.45
1683558424391683 80.00 0.00 0.00 0.00 86.66 3.71 93.58 4.25 75.58 21.93 21.56 7.35
1683558424408510 80.00 0.00 0.00 0.00 82.49 0.31 91.82 3.45 70.54 -0.54 30.55 5.80
1683558424429024 80.00 0.00 0.00 0.00 77.07 -0.75 89.67 3.37 85.69 39.31 41.93 11.17
1683558424440936 80.00 0.00 0.00 0.00 81.19 -3.11 88.24 2.22 180.65 6.82 59.04 10.37
1683558424456747 80.00 0.00 0.00 0.00 74.37 2.67 86.13 2.00 90.23 72.50 66.45 18.24
1683558424473637 80.00 0.00 0.00 0.00 77.03 1.51 84.29 1.91 124.85 12.76 76.72 19.53
1683558424489841 80.00 0.00 0.00 0.00 77.03 1.51 82.60 1.46 113.84 5.89 85.22 19.40
1683558424505800 80.00 0.00 0.00 0.00 73.06 2.68 80.80 1.48 105.97 28.14 93.08 21.51
1683558424522311 80.00 0.00 0.00 0.00 69.35 -6.24 78.49 0.49 108.71 -1.00 99.21 19.97
1683558424539933 80.00 0.00 0.00 0.00 66.67 1.62 76.49 0.39 131.18 56.21 108.73 24.20
1683558424554630 80.00 0.00 0.00 0.00 65.55 -6.15 74.38 -0.59 136.12 6.38 114.78 22.65
1683558424571062 80.00 0.00 0.00 0.00 66.76 -3.94 72.81 -1.02 128.44 60.00 120.57 28.70
1683558424587635 80.00 0.00 0.00 0.00 65.46 -1.70 71.65 -1.11 94.94 25.64 121.49 27.33
1683558424603523 80.00 0.00 0.00 0.00 63.06 -6.09 69.83 -1.41 73.07 5.94 110.74 27.24
1683558424619480 80.00 0.00 0.00 0.00 62.08 -13.86 68.61 -3.07 113.56 18.70 113.07 21.87
1683558424635967 80.00 0.00 0.00 0.00 58.58 -18.22 66.76 -5.04 74.56 100.28 108.04 30.62
1683558424652042 80.00 0.00 0.00 0.00 63.06 -6.09 65.36 -5.80 114.78 122.74 108.13 42.30
1683558424670612 80.00 0.00 0.00 0.00 59.45 -8.22 64.00 -6.89 75.22 40.95 105.06 43.58
1683558424684611 80.00 0.00 0.00 0.00 58.45 -14.86 62.91 -7.75 97.25 77.88 103.91 51.47
1683558424701310 80.00 0.00 0.00 0.00 58.18 -5.99 62.06 -8.51 65.31 51.61 97.33 51.01
1683558424717159 80.00 0.00 0.00 0.00 60.56 -3.83 61.56 -8.28 53.54 48.00 89.07 55.17
1683558424733045 80.00 0.00 0.00 0.00 59.42 -7.12 60.83 -8.60 31.43 -14.59 79.37 47.72
1683558424749733 80.00 0.00 0.00 0.00 59.42 -7.12 60.23 -9.14 43.99 19.02 74.27 47.05
1683558424766343 80.00 0.00 0.00 0.00 59.54 -11.55 59.87 -9.69 36.37 32.63 70.60 49.72
1683558424782728 80.00 0.00 0.00 0.00 60.61 -6.04 59.73 -8.90 21.49 33.32 61.39 51.18
1683558424798313 80.00 0.00 0.00 0.00 57.37 -18.17 59.61 -8.90 9.42 -50.22 54.88 36.14
1683558424814876 80.00 0.00 0.00 0.00 59.31 -1.61 59.23 -8.45 7.33 -0.29 44.13 23.83
1683558424830621 80.00 0.00 0.00 0.00 62.17 -16.11 59.50 -9.24 23.87 -28.48 39.00 16.89
1683558424849459 80.00 0.00 0.00 0.00 64.37 -8.35 60.09 -8.59 -14.44 41.88 27.83 13.29
1683558424863304 80.00 0.00 0.00 0.00 65.62 -8.38 60.84 -8.83 -42.76 -47.01 17.02 3.43
1683558424881084 80.00 0.00 0.00 0.00 65.55 -6.15 61.34 -9.06 -41.82 13.46 7.49 -0.03
1683558424897292 80.00 0.00 0.00 0.00 65.62 -8.38 61.96 -9.19 -30.81 14.30 1.26 2.86
1683558424914834 80.00 0.00 0.00 0.00 68.08 -6.21 62.82 -9.09 -35.34 7.21 -6.67 1.68
1683558424928706 80.00 0.00 0.00 0.00 71.82 -1.80 64.05 -8.12 -62.43 -6.56 -16.55 -2.24
1683558424946871 80.00 0.00 0.00 0.00 69.32 -5.11 64.92 -8.03 -67.60 -53.70 -25.46 -10.94
1683558424960798 80.00 0.00 0.00 0.00 70.75 -9.65 66.26 -7.17 -62.58 -6.63 -32.66 -6.58
1683558424977452 80.00 0.00 0.00 0.00 73.12 -1.82 67.64 -7.20 -80.32 -51.14 -41.42 -11.67
1683558424993301 80.00 0.00 0.00 0.00 74.38 1.54 68.86 -5.43 -87.18 1.33 -52.53 -8.68
1683558425008916 80.00 0.00 0.00 0.00 77.18 -5.30 70.14 -5.13 -78.22 -113.06 -58.91 -24.18
1683558425024803 80.00 0.00 0.00 0.00 75.72 0.40 71.15 -4.25 -80.63 -19.19 -62.69 -21.40
1683558425041965 80.00 0.00 0.00 0.00 77.07 -0.75 72.31 -3.71 -58.86 -51.15 -64.40 -27.86
1683558425058084 80.00 0.00 0.00 0.00 78.39 0.36 73.58 -2.83 -71.43 -33.46 -68.46 -32.64
1683558425073848 80.00 0.00 0.00 0.00 79.92 -6.51 74.77 -2.86 -81.05 -55.47 -73.03 -38.90
1683558425090661 80.00 0.00 0.00 0.00 78.46 -3.05 75.43 -2.99 -70.42 1.82 -73.83 -38.06
1683558425106377 80.00 0.00 0.00 0.00 81.10 1.47 76.61 -2.33 -42.24 7.97 -71.29 -31.90
1683558425122235 80.00 0.00 0.00 0.00 78.68 -9.91 77.40 -2.36 -74.24 -41.51 -72.46 -35.39
1683558425139983 80.00 0.00 0.00 0.00 79.73 1.48 78.06 -2.03 -44.73 1.46 -68.90 -30.13
1683558425155671 80.00 0.00 0.00 0.00 81.25 -5.40 78.75 -2.72 -42.11 -21.05 -64.39 -32.36
1683558425171294 80.00 0.00 0.00 0.00 79.82 -3.08 79.01 -2.50 -43.97 44.44 -60.97 -16.61
1683558425190117 80.00 0.00 0.00 0.00 81.13 -0.82 79.56 -2.62 -14.03 -11.79 -54.31 -15.87
1683558425203968 80.00 0.00 0.00 0.00 85.34 -2.04 80.38 -2.75 -39.11 8.78 -52.33 -9.88
1683558425219834 80.00 0.00 0.00 0.00 82.46 2.60 80.79 -2.53 -52.11 8.12 -50.40 -5.72
1683558425236393 80.00 0.00 0.00 0.00 82.49 0.31 81.05 -1.84 -24.56 -13.49 -44.75 -1.53
1683558425252855 80.00 0.00 0.00 0.00 84.03 -5.47 81.60 -2.09 -15.65 -41.42 -39.28 -5.85
1683558425268825 80.00 0.00 0.00 0.00 85.31 -0.89 82.02 -2.32 -34.85 15.18 -38.54 -5.13
1683558425285358 80.00 0.00 0.00 0.00 89.56 1.37 83.11 -1.19 -25.49 14.24 -33.66 0.45
1683558425301232 80.00 0.00 0.00 0.00 89.58 0.20 84.10 -1.32 -68.55 -71.05 -36.04 -6.81
1683558425317729 80.00 0.00 0.00 0.00 88.08 4.86 84.78 -0.30 -59.73 7.77 -37.81 -3.92
1683558425333705 80.00 0.00 0.00 0.00 88.14 0.22 85.61 0.03 -42.76 -64.23 -37.68 -14.79
1683558425350221 80.00 0.00 0.00 0.00 82.49 0.31 85.75 0.15 -50.38 -20.00 -41.32 -15.61
1683558425366862 80.00 0.00 0.00 0.00 86.73 -0.91 85.89 0.26 -8.16 -6.75 -38.23 -17.16
1683558425382638 80.00 0.00 0.00 0.00 85.29 0.27 86.17 0.03 -8.83 -7.16 -33.90 -18.69
1683558425399129 80.00 0.00 0.00 0.00 86.67 2.56 86.59 0.25 -17.15 14.13 -33.16 -15.93
1683558425414944 80.00 0.00 0.00 0.00 86.71 0.25 86.86 0.82 -26.42 -14.23 -34.23 -13.21
1683558425431475 80.00 0.00 0.00 0.00 83.99 -4.32 86.72 0.48 -16.21 -34.60 -32.37 -18.19
1683558425447335 80.00 0.00 0.00 0.00 85.27 1.42 86.30 0.48 8.32 21.64 -28.99 -17.45
1683558425463899 80.00 0.00 0.00 0.00 82.47 1.45 85.58 0.61 25.93 -0.32 -19.54 -10.37
1683558425480362 80.00 0.00 0.00 0.00 82.51 -0.84 85.03 0.04 43.19 -7.59 -9.25 -11.91
1683558425496263 80.00 0.00 0.00 0.00 82.51 -0.84 84.47 -0.07 35.02 35.85 -1.47 -1.90
1683558425512871 80.00 0.00 0.00 0.00 85.25 2.57 84.74 0.16 33.87 6.41 6.95 0.74
1683558425528832 80.00 0.00 0.00 0.00 85.31 -0.89 84.60 0.16 -17.30 -14.19 6.04 -0.01
1683558425545362 80.00 0.00 0.00 0.00 79.79 -1.94 84.05 -0.06 8.58 -0.15 7.78 0.70
1683558425561270 80.00 0.00 0.00 0.00 79.73 1.48 83.36 -0.17 34.56 13.85 12.95 0.67
1683558425577885 80.00 0.00 0.00 0.00 81.29 -6.55 82.81 -0.85 41.78 6.46 19.77 2.74
1683558425593642 80.00 0.00 0.00 0.00 79.92 -6.51 82.41 -1.06 34.39 43.13 24.83 10.51
1683558425610337 80.00 0.00 0.00 0.00 74.38 1.54 81.32 -1.05 24.41 13.13 26.44 9.66
1683558425629799 80.00 0.00 0.00 0.00 78.49 -4.19 80.92 -1.62 55.95 -0.63 29.44 9.63
1683558425643008 80.00 0.00 0.00 0.00 75.67 4.91 80.23 -1.04 30.17 42.72 28.14 14.66
1683558425658908 80.00 0.00 0.00 0.00 75.76 -1.86 79.56 -1.14 43.03 -36.19 28.94 7.45
1683558425675765 80.00 0.00 0.00 0.00 77.03 1.51 78.74 -1.25 40.08 6.07 29.56 7.42
1683558425691484 80.00 0.00 0.00 0.00 71.80 -0.67 77.39 -1.23 52.30 6.73 36.52 9.51
1683558425708129 80.00 0.00 0.00 0.00 73.17 -4.07 76.72 -1.44 81.15 -1.28 43.78 9.40
1683558425724143 80.00 0.00 0.00 0.00 75.81 -4.13 76.33 -2.00 41.32 13.35 44.46 9.35
1683558425746804 80.00 0.00 0.00 0.00 72.04 -9.69 75.41 -2.32 17.30 24.77 42.01 11.18
1683558425759291 80.00 0.00 0.00 0.00 71.80 -0.67 74.60 -1.73 74.04 25.17 45.97 9.38
1683558425772471 80.00 0.00 0.00 0.00 71.97 -7.43 74.36 -2.63 61.56 -44.29 49.69 3.64
1683558425788923 80.00 0.00 0.00 0.00 71.79 0.45 73.68 -2.17 14.68 54.53 45.56 9.16
1683558425805468 80.00 0.00 0.00 0.00 69.23 -0.64 73.04 -2.72 40.52 -28.03 46.60 2.08
1683558425821471 80.00 0.00 0.00 0.00 69.25 -1.76 72.39 -2.71 40.25 34.69 46.32 9.17
1683558425838089 80.00 0.00 0.00 0.00 74.55 -6.37 72.14 -3.50 39.16 -0.66 46.23 8.50
1683558425853908 80.00 0.00 0.00 0.00 67.96 -0.62 71.76 -3.49 15.70 49.82 42.57 12.81
1683558425870391 80.00 0.00 0.00 0.00 69.35 -6.24 71.37 -3.71 23.32 -0.33 36.79 12.90
1683558425887082 80.00 0.00 0.00 0.00 70.48 1.58 70.84 -3.14 22.90 12.96 34.94 12.86
1683558425902847 80.00 0.00 0.00 0.00 70.50 0.46 70.69 -2.12 33.81 -36.24 36.60 6.76
1683558425919446 80.00 0.00 0.00 0.00 69.21 0.48 70.43 -2.01 9.32 -61.19 30.12 -1.87
1683558425935406 80.00 0.00 0.00 0.00 69.42 -8.49 70.17 -2.11 16.22 -7.23 25.59 1.83
1683558425952096 80.00 0.00 0.00 0.00 71.87 -4.05 70.18 -2.56 15.25 6.33 25.65 -2.99
1683558425968057 80.00 0.00 0.00 0.00 69.27 -2.87 70.19 -2.79 -0.54 28.16 21.54 2.63
1683558425984086 80.00 0.00 0.00 0.00 70.61 -5.14 70.32 -3.13 -0.26 13.95 17.49 0.56
1683558426000552 80.00 0.00 0.00 0.00 71.80 -0.67 70.05 -2.56 -8.24 20.58 12.75 2.68
1683558426020633 80.00 0.00 0.00 0.00 70.51 -0.66 70.30 -2.56 13.68 -28.35 12.55 -5.14
1683558426032308 80.00 0.00 0.00 0.00 71.80 -0.67 70.55 -2.00 -21.87 0.31 8.03 -5.07
1683558426048111 80.00 0.00 0.00 0.00 71.77 1.57 70.68 -2.00 -15.51 -35.20 4.19 -9.89
1683558426064496 80.00 0.00 0.00 0.00 70.47 2.70 70.67 -1.78 -7.87 0.08 0.02 -6.26
1683558426081028 80.00 0.00 0.00 0.00 71.82 -1.80 70.94 -2.01 0.16 -13.53 -0.90 -1.49
1683558426097001 80.00 0.00 0.00 0.00 74.52 -5.23 71.44 -1.68 -16.33 14.25 -4.15 0.66
1683558426113506 80.00 0.00 0.00 0.00 77.02 2.65 71.96 -1.01 -30.88 -19.70 -8.77 -1.95
1683558426129526 80.00 0.00 0.00 0.00 77.18 -5.30 72.75 -1.26 -32.14 -41.77 -11.93 -8.94
1683558426149614 80.00 0.00 0.00 0.00 74.41 -0.71 73.13 -0.81 -39.35 12.07 -15.84 -9.13
1683558426161861 80.00 0.00 0.00 0.00 77.07 -0.75 73.66 -0.82 -31.10 -36.18 -18.12 -14.80
1683558426178492 80.00 0.00 0.00 0.00 77.12 -3.02 74.32 -1.06 -31.66 0.47 -22.66 -11.92
1683558426194264 80.00 0.00 0.00 0.00 78.46 -3.05 74.98 -1.30 -41.87 15.01 -24.66 -10.45
1683558426210703 80.00 0.00 0.00 0.00 79.79 -1.94 75.79 -1.65 -40.50 14.46 -27.16 -5.48
1683558426227777 80.00 0.00 0.00 0.00 79.72 2.62 76.71 -1.65 -46.97 20.53 -31.07 -3.44
1683558426243063 80.00 0.00 0.00 0.00 82.49 0.31 77.78 -1.44 -60.50 0.51 -37.13 -2.04
1683558426259936 80.00 0.00 0.00 0.00 81.11 0.33 78.44 -0.89 -63.23 -12.47 -41.82 -4.71
1683558426275757 80.00 0.00 0.00 0.00 82.47 1.45 78.98 -1.01 -41.70 -35.14 -42.90 -6.25
1683558426292159 80.00 0.00 0.00 0.00 82.44 6.03 79.51 0.13 -33.26 7.28 -43.01 -1.35
1683558426308161 80.00 0.00 0.00 0.00 81.13 -0.82 80.18 0.12 -32.88 -70.79 -42.37 -9.63
1683558426324875 80.00 0.00 0.00 0.00 82.44 4.89 80.72 0.68 -40.20 0.63 -43.28 -5.95
1683558426340561 80.00 0.00 0.00 0.00 78.49 -4.19 80.86 0.56 -34.25 -35.95 -43.54 -9.59
1683558426357111 80.00 0.00 0.00 0.00 83.93 -2.01 81.40 0.67 -8.30 7.05 -40.18 -10.39
1683558426373102 80.00 0.00 0.00 0.00 81.11 0.33 81.53 0.89 -34.21 -6.48 -39.55 -12.48
1683558426389721 80.00 0.00 0.00 0.00 85.27 1.42 82.09 0.77 -7.96 -13.61 -35.65 -15.90
1683558426405725 80.00 0.00 0.00 0.00 81.11 0.33 81.95 0.77 -34.70 7.52 -33.07 -15.20
1683558426422313 80.00 0.00 0.00 0.00 82.51 -0.84 82.09 0.66 8.31 -0.12 -25.91 -13.96
1683558426438220 80.00 0.00 0.00 0.00 79.88 -5.37 81.83 -0.02 -8.80 7.33 -22.62 -9.71
1683558426454687 80.00 0.00 0.00 0.00 79.85 -4.22 81.57 -1.05 15.76 41.40 -17.72 -6.30
1683558426470529 80.00 0.00 0.00 0.00 83.87 1.44 81.85 -0.82 16.35 64.71 -12.80 7.25
1683558426490444 80.00 0.00 0.00 0.00 82.49 0.31 81.85 -1.28 -13.71 -11.31 -10.15 6.05
1683558426503641 80.00 0.00 0.00 0.00 85.29 0.27 82.53 -0.84 -0.39 34.70 -6.77 13.12
1683558426519543 80.00 0.00 0.00 0.00 79.71 3.76 82.11 -0.26 -42.75 -28.03 -10.21 9.61
1683558426536322 80.00 0.00 0.00 0.00 81.06 4.89 82.10 0.20 25.18 -34.41 -4.27 6.82
1683558426551946 80.00 0.00 0.00 0.00 79.73 1.48 81.55 0.20 0.32 -29.22 -3.44 5.26
1683558426568442 80.00 0.00 0.00 0.00 79.73 1.48 81.41 0.32 33.58 -0.39 3.38 4.47
1683558426584988 80.00 0.00 0.00 0.00 79.92 -6.51 81.15 -0.25 8.36 -7.00 3.39 3.78
1683558426600952 80.00 0.00 0.00 0.00 77.03 1.51 80.87 0.44 16.27 35.53 5.90 6.60
1683558426617490 80.00 0.00 0.00 0.00 78.46 -3.05 80.73 0.56 17.22 -41.60 6.04 -1.70
1683558426633353 80.00 0.00 0.00 0.00 77.00 4.91 80.04 0.90 8.74 -7.38 5.28 -8.91
1683558426649963 80.00 0.00 0.00 0.00 79.72 2.62 79.76 1.14 41.32 -20.91 10.78 -9.87
1683558426665823 80.00 0.00 0.00 0.00 75.70 1.53 78.81 1.26 17.50 -14.60 12.57 -14.80
1683558426682430 80.00 0.00 0.00 0.00 74.38 1.54 78.27 1.04 57.73 -7.60 22.62 -12.76
1683558426698250 80.00 0.00 0.00 0.00 74.38 1.54 77.61 0.71 33.66 14.02 23.47 -7.92
1683558426715139 80.00 0.00 0.00 0.00 73.10 -0.69 76.94 0.49 39.57 19.83 27.39 -3.01
1683558426730886 80.00 0.00 0.00 0.00 70.53 -1.78 76.02 0.16 42.08 13.82 28.24 -1.59
1683558426747328 80.00 0.00 0.00 0.00 74.44 -1.84 75.47 0.63 55.95 19.82 33.00 1.09
1683558426765374 80.00 0.00 0.00 0.00 70.47 2.70 74.82 0.75 30.37 -25.88 34.41 -5.05
1683558426779909 80.00 0.00 0.00 0.00 69.23 -0.64 73.90 0.99 45.16 -8.17 37.21 -1.70
1683558426795836 80.00 0.00 0.00 0.00 70.55 -2.90 73.25 0.21 57.95 -15.15 42.13 -2.48
1683558426813443 80.00 0.00 0.00 0.00 71.93 -6.30 72.47 -0.68 36.63 44.34 41.66 4.04
1683558426828723 80.00 0.00 0.00 0.00 72.08 -10.83 72.11 -1.92 50.95 58.39 45.00 11.34
1683558426845457 80.00 0.00 0.00 0.00 70.61 -5.14 71.73 -2.59 21.62 73.84 41.39 19.49
1683558426861555 80.00 0.00 0.00 0.00 70.64 -6.27 71.36 -3.37 23.45 41.53 40.37 22.24
1683558426877288 80.00 0.00 0.00 0.00 71.87 -4.05 71.24 -3.70 23.80 49.64 38.80 25.22
1683558426893773 80.00 0.00 0.00 0.00 73.31 -8.60 71.51 -4.39 7.47 20.34 35.33 25.87
1683558426909593 80.00 0.00 0.00 0.00 71.97 -7.43 71.27 -4.95 -17.55 43.13 27.99 28.20
1683558426926218 80.00 0.00 0.00 0.00 74.37 2.67 71.66 -4.95 14.86 33.62 26.43 34.15
1683558426942736 80.00 0.00 0.00 0.00 71.79 0.45 71.91 -4.84 -23.61 0.19 19.56 34.99
1683558426958956 80.00 0.00 0.00 0.00 74.38 1.54 72.29 -4.40 -15.75 -6.69 12.19 35.83
1683558426974611 80.00 0.00 0.00 0.00 75.69 2.66 72.67 -3.50 -24.45 -28.36 6.08 28.56
1683558426991398 80.00 0.00 0.00 0.00 75.70 1.53 73.03 -2.26 -22.39 -53.36 -1.25 17.39
1683558427006293 80.00 0.00 0.00 0.00 75.68 3.79 73.54 -1.37 -24.29 -82.96 -5.84 1.71
1683558427023475 80.00 0.00 0.00 0.00 77.01 3.78 74.18 -0.37 -29.52 -51.97 -11.14 -7.64
1683558427041985 80.00 0.00 0.00 0.00 77.03 1.51 74.69 0.19 -34.43 -54.27 -16.96 -18.03
1683558427055065 80.00 0.00 0.00 0.00 77.07 -0.75 75.07 0.97 -39.46 -42.51 -21.66 -24.32
1683558427071664 80.00 0.00 0.00 0.00 82.45 3.74 76.12 2.09 -22.66 -47.27 -22.17 -33.36
1683558427087503 80.00 0.00 0.00 0.00 78.35 4.90 76.51 2.31 -66.19 -70.53 -30.27 -43.77
1683558427104252 80.00 0.00 0.00 0.00 78.39 0.36 77.18 2.31 -23.74 -13.34 -30.29 -45.13
1683558427122058 80.00 0.00 0.00 0.00 79.75 0.34 77.71 2.19 -37.11 0.48 -32.42 -44.41
1683558427137280 80.00 0.00 0.00 0.00 81.07 3.75 78.25 2.30 -35.25 7.87 -33.50 -40.79
1683558427152757 80.00 0.00 0.00 0.00 81.13 -0.82 78.79 2.06 -34.78 -7.07 -34.74 -36.16
1683558427168690 80.00 0.00 0.00 0.00 79.77 -0.80 79.20 1.60 -34.10 14.72 -35.72 -26.39
1683558427185316 80.00 0.00 0.00 0.00 81.10 1.47 79.61 1.37 -24.59 27.56 -35.23 -18.44
1683558427201189 80.00 0.00 0.00 0.00 78.41 -0.77 79.75 1.14 -25.74 14.55 -34.36 -11.55
1683558427218157 80.00 0.00 0.00 0.00 81.29 -6.55 80.17 0.56 -8.13 13.48 -31.23 -5.96
1683558427234128 80.00 0.00 0.00 0.00 82.44 4.89 80.17 0.68 -26.41 36.30 -31.60 2.40
1683558427249981 80.00 0.00 0.00 0.00 79.77 -0.80 80.31 0.11 0.05 -7.22 -24.98 8.73
1683558427266778 80.00 0.00 0.00 0.00 81.11 0.33 80.58 0.10 -8.47 33.93 -23.45 13.46
1683558427282483 80.00 0.00 0.00 0.00 79.79 -1.94 80.59 -0.12 -17.33 0.24 -21.47 13.44
1683558427299065 80.00 0.00 0.00 0.00 81.33 -7.70 80.61 -1.27 -0.26 13.75 -17.98 14.02
1683558427314979 80.00 0.00 0.00 0.00 78.46 -3.05 80.35 -1.49 -1.61 71.96 -14.66 21.93
1683558427331620 80.00 0.00 0.00 0.00 81.11 0.33 80.48 -1.38 16.07 13.42 -9.64 21.80
1683558427348168 80.00 0.00 0.00 0.00 75.87 -6.40 79.96 -2.17 -8.14 -6.77 -8.00 18.36
1683558427364309 80.00 0.00 0.00 0.00 77.02 2.65 79.82 -1.83 32.35 48.76 -2.19 21.78
1683558427380329 80.00 0.00 0.00 0.00 77.14 -4.16 79.41 -1.59 8.69 -21.35 -0.51 18.30
1683558427397035 80.00 0.00 0.00 0.00 73.07 1.56 78.47 -1.92 24.80 -14.31 4.61 13.24
1683558427412745 80.00 0.00 0.00 0.00 74.59 -7.50 77.95 -2.59 59.65 21.19 10.57 16.08
1683558427429225 80.00 0.00 0.00 0.00 75.74 -0.73 77.41 -2.70 31.44 40.70 14.57 16.76
1683558427445091 80.00 0.00 0.00 0.00 75.84 -5.27 77.02 -3.03 33.89 6.67 19.69 17.40
1683558427463210 80.00 0.00 0.00 0.00 70.51 -0.66 75.94 -2.32 21.80 18.37 21.89 17.86
1683558427477830 80.00 0.00 0.00 0.00 73.06 2.68 75.40 -1.75 73.98 -48.19 29.45 5.85
1683558427494308 80.00 0.00 0.00 0.00 71.85 -2.92 74.47 -2.08 32.78 -34.77 31.13 1.03
1683558427510240 80.00 0.00 0.00 0.00 69.23 -0.64 73.80 -1.50 58.18 20.38 37.76 3.75
1683558427526910 80.00 0.00 0.00 0.00 75.84 -5.27 73.69 -2.29 39.86 -34.58 38.51 -4.59
1683558427542880 80.00 0.00 0.00 0.00 71.93 -6.30 73.17 -2.50 7.38 49.54 38.38 2.50
1683558427562495 80.00 0.00 0.00 0.00 70.50 0.46 72.91 -2.61 26.58 10.91 38.55 5.02
1683558427575613 80.00 0.00 0.00 0.00 70.61 -5.14 72.51 -2.38 19.64 8.33 34.55 3.74
1683558427591756 80.00 0.00 0.00 0.00 69.32 -5.11 71.87 -2.82 24.65 -14.62 33.87 -1.80
1683558427607776 80.00 0.00 0.00 0.00 69.18 3.83 71.20 -1.91 40.03 27.35 34.49 0.27
1683558427624103 80.00 0.00 0.00 0.00 70.47 2.70 71.20 -1.57 40.80 -55.68 36.39 -7.13
1683558427640933 80.00 0.00 0.00 0.00 70.55 -2.90 70.95 -2.13 0.25 -19.94 29.01 -4.31
1683558427656846 80.00 0.00 0.00 0.00 69.30 -3.99 70.69 -2.24 15.74 35.04 27.31 2.67
1683558427672854 80.00 0.00 0.00 0.00 69.20 1.59 70.69 -2.01 15.93 6.70 23.09 1.31
1683558427689282 80.00 0.00 0.00 0.00 73.10 -0.69 70.42 -1.56 0.19 -13.59 19.12 3.40
1683558427706623 80.00 0.00 0.00 0.00 72.00 -8.56 70.42 -1.78 15.79 -26.37 19.96 -4.19
1683558427721876 80.00 0.00 0.00 0.00 71.76 2.69 70.55 -1.56 -0.47 14.82 17.25 -3.80
1683558427737861 80.00 0.00 0.00 0.00 74.37 2.67 70.93 -0.78 -7.91 -13.93 14.50 -6.02
1683558427754489 80.00 0.00 0.00 0.00 74.40 0.41 71.43 -0.23 -22.62 -46.98 9.77 -9.26
1683558427774720 80.00 0.00 0.00 0.00 75.81 -4.13 72.10 -1.02 -25.08 -27.33 3.26 -14.73
1683558427786725 80.00 0.00 0.00 0.00 77.07 -0.75 72.76 -1.37 -55.23 66.27 -6.34 -2.53
1683558427803344 80.00 0.00 0.00 0.00 75.74 -0.73 73.27 -1.15 -39.71 20.78 -10.34 1.54
1683558427819066 80.00 0.00 0.00 0.00 77.07 -0.75 74.05 -0.83 -32.96 -13.77 -15.21 -3.34
1683558427835647 80.00 0.00 0.00 0.00 78.44 -1.91 74.97 -1.18 -46.88 -19.54 -21.49 -5.96
1683558427852004 80.00 0.00 0.00 0.00 78.36 2.63 75.50 -0.84 -56.46 21.44 -27.15 -2.46
1683558427867873 80.00 0.00 0.00 0.00 81.10 1.47 76.41 0.16 -33.14 -20.97 -32.05 -1.92
1683558427884655 80.00 0.00 0.00 0.00 81.11 0.33 77.35 -0.08 -54.19 -59.76 -37.42 -9.38
1683558427900319 80.00 0.00 0.00 0.00 78.36 2.63 77.75 -0.08 -59.72 15.09 -42.60 -6.48
1683558427917094 80.00 0.00 0.00 0.00 78.35 3.77 78.14 0.25 -23.81 0.21 -42.72 -1.76
1683558427932867 80.00 0.00 0.00 0.00 79.77 -0.80 78.54 0.59 -25.08 -21.26 -42.72 -1.15
1683558427949499 80.00 0.00 0.00 0.00 81.13 -0.82 78.94 0.58 -23.79 -20.05 -39.57 -9.78
1683558427965236 80.00 0.00 0.00 0.00 79.70 4.90 79.34 1.14 -25.84 0.41 -38.19 -11.82
1683558427981857 80.00 0.00 0.00 0.00 81.10 1.47 79.74 1.37 -23.84 -33.87 -37.27 -13.83
1683558427998339 80.00 0.00 0.00 0.00 79.70 4.90 79.87 2.05 -24.44 -13.48 -35.03 -13.22
1683558428013724 80.00 0.00 0.00 0.00 79.72 2.62 80.00 2.05 -8.21 -44.26 -30.21 -19.79
1683558428029503 80.00 0.00 0.00 0.00 83.99 -4.32 80.29 1.47 -8.58 0.08 -27.75 -17.69
1683558428049985 80.00 0.00 0.00 0.00 81.11 0.33 80.29 1.47 -14.14 28.26 -23.74 -8.89
1683558428061822 80.00 0.00 0.00 0.00 78.44 -1.91 80.30 1.01 0.00 0.00 -17.77 -10.40
1683558428080653 80.00 0.00 0.00 0.00 78.39 0.36 80.30 0.67 -0.38 24.14 -15.43 -8.00
1683558428094455 80.00 0.00 0.00 0.00 78.56 -6.47 80.18 0.10 -0.29 24.68 -12.95 -3.41
1683558428112744 80.00 0.00 0.00 0.00 75.81 -4.13 79.65 -0.23 6.61 31.05 -9.91 1.70
1683558428127295 80.00 0.00 0.00 0.00 78.90 -14.53 79.57 -2.17 36.59 22.77 -3.67 3.94
1683558428143195 80.00 0.00 0.00 0.00 77.18 -5.30 79.18 -2.85 5.05 122.17 -0.78 19.54
1683558428159730 80.00 0.00 0.00 0.00 78.38 1.50 79.05 -3.19 23.71 40.92 4.04 24.98
1683558428175637 80.00 0.00 0.00 0.00 79.75 0.34 79.05 -3.41 8.31 21.37 5.69 31.54
1683558428192471 80.00 0.00 0.00 0.00 75.76 -1.86 78.23 -3.17 -0.18 13.53 6.53 32.89
1683558428210203 80.00 0.00 0.00 0.00 77.03 1.51 77.82 -3.05 46.44 -13.85 12.58 28.68
1683558428224694 80.00 0.00 0.00 0.00 77.01 3.78 77.68 -2.48 28.16 -8.20 15.40 27.86
1683558428242188 80.00 0.00 0.00 0.00 77.07 -0.75 77.54 -2.59 8.15 -32.52 16.25 22.19
1683558428257460 80.00 0.00 0.00 0.00 74.55 -6.37 77.14 -2.58 8.67 7.31 17.15 20.45
1683558428273306 80.00 0.00 0.00 0.00 73.05 3.80 76.87 -1.79 25.29 -0.67 19.02 17.28
1683558428289811 80.00 0.00 0.00 0.00 71.80 -0.67 76.16 -0.40 16.73 -48.06 17.03 10.20
1683558428305736 80.00 0.00 0.00 0.00 74.55 -6.37 75.89 -0.51 44.54 -86.99 20.98 -10.72
1683558428328956 80.00 0.00 0.00 0.00 70.51 -0.66 75.11 -0.72 11.31 4.60 19.74 -14.35
1683558428340504 80.00 0.00 0.00 0.00 74.46 -2.97 74.58 -1.06 68.10 18.66 25.72 -14.62
1683558428356385 80.00 0.00 0.00 0.00 69.27 -2.87 73.93 -1.16 33.29 20.88 29.07 -13.89
1683558428370971 80.00 0.00 0.00 0.00 71.74 4.93 73.40 -0.82 44.47 6.92 28.87 -11.81
1683558428387466 80.00 0.00 0.00 0.00 73.20 -5.20 73.02 -1.71 32.07 -20.71 29.26 -13.06
1683558428403346 80.00 0.00 0.00 0.00 75.69 2.66 72.88 -1.37 23.97 56.55 30.84 -4.15
1683558428419935 80.00 0.00 0.00 0.00 74.40 0.41 72.87 -0.69 8.32 -20.56 30.81 -6.94
1683558428435989 80.00 0.00 0.00 0.00 73.07 1.56 72.87 -0.92 0.95 -42.25 28.38 -11.10
1683558428454472 80.00 0.00 0.00 0.00 75.72 0.40 73.26 -0.81 -0.12 12.15 26.69 -5.07
1683558428468187 80.00 0.00 0.00 0.00 74.62 -8.64 73.27 -1.04 -28.54 -7.82 19.38 2.84
1683558428485262 80.00 0.00 0.00 0.00 74.46 -2.97 73.66 -1.27 -0.44 13.31 18.21 3.71
1683558428500774 80.00 0.00 0.00 0.00 73.35 -9.74 73.55 -1.95 -25.45 14.93 8.85 3.34
1683558428517405 80.00 0.00 0.00 0.00 75.84 -5.27 74.21 -2.19 6.68 40.67 6.19 5.32
1683558428534400 80.00 0.00 0.00 0.00 77.07 -0.75 74.74 -2.75 -38.66 14.07 -2.12 6.03
1683558428549761 80.00 0.00 0.00 0.00 74.40 0.41 74.86 -2.19 -34.67 37.00 -8.79 11.81
1683558428566542 80.00 0.00 0.00 0.00 75.70 1.53 74.86 -2.31 -7.11 -33.48 -11.90 2.80
1683558428582546 80.00 0.00 0.00 0.00 77.09 -1.89 75.13 -2.54 -0.08 7.06 -12.74 5.56
1683558428598963 80.00 0.00 0.00 0.00 77.01 3.78 75.53 -2.31 -16.41 14.03 -14.48 11.19
1683558428614762 80.00 0.00 0.00 0.00 77.02 2.65 75.66 -2.09 -24.93 -14.06 -16.96 8.57
1683558428631156 80.00 0.00 0.00 0.00 78.44 -1.91 76.04 -1.42 -7.95 -13.71 -14.90 7.98
1683558428647006 80.00 0.00 0.00 0.00 77.05 0.38 76.30 -1.08 -24.04 -42.45 -17.26 2.41
1683558428663562 80.00 0.00 0.00 0.00 78.49 -4.19 76.81 -0.53 -15.64 -20.24 -16.28 -1.11
1683558428680120 80.00 0.00 0.00 0.00 79.82 -3.08 77.21 -0.31 -31.05 -33.49 -20.05 -8.53
1683558428696022 80.00 0.00 0.00 0.00 78.41 -0.77 77.34 -0.31 -25.01 -13.76 -18.69 -11.31
1683558428712754 80.00 0.00 0.00 0.00 75.69 2.66 77.47 -0.09 -8.03 0.13 -16.03 -15.00
1683558428728504 80.00 0.00 0.00 0.00 79.79 -1.94 77.88 -0.43 -8.21 -14.24 -16.14 -13.07
1683558428745043 80.00 0.00 0.00 0.00 79.82 -3.08 78.15 -0.55 -24.72 20.95 -18.60 -11.68
1683558428760848 80.00 0.00 0.00 0.00 78.46 -3.05 78.30 -1.23 -17.25 7.53 -18.68 -12.33
1683558428777449 80.00 0.00 0.00 0.00 77.05 0.38 78.30 -1.46 -8.74 41.13 -17.06 -6.81
1683558428793308 80.00 0.00 0.00 0.00 79.82 -3.08 78.44 -1.58 -0.18 14.28 -16.29 -4.02
1683558428809819 80.00 0.00 0.00 0.00 77.09 -1.89 78.44 -1.80 -8.37 7.07 -14.72 0.94
1683558428826368 80.00 0.00 0.00 0.00 78.44 -1.91 78.44 -1.58 -0.25 13.71 -13.18 4.33
1683558428842318 80.00 0.00 0.00 0.00 78.36 2.63 78.29 -1.00 0.34 -14.29 -10.04 6.25
1683558428858826 80.00 0.00 0.00 0.00 79.88 -5.37 78.44 -1.46 8.81 -34.60 -6.66 4.17
1683558428874823 80.00 0.00 0.00 0.00 78.39 0.36 78.71 -1.69 -9.18 28.70 -6.77 7.02
