#Task Selector: 5
#PID Parameters: kp: 0.04, kd: 0.04, ki: 0.02
#n_pos: 8
#n_vel: 8
t x_ref y_ref vx_ref vy_ref x_raw y_raw x y vx_raw vy_raw vx vy
1684258510078955 0.00 0.00 0.00 0.00 5.75 16.47 0.72 2.06 0.00 0.00 0.00 0.00
1684258510078956 0.00 0.00 0.00 0.00 4.50 12.74 1.28 3.65 -40.04 -114.75 -5.00 -14.34
1684258510098936 0.00 0.00 0.00 0.00 3.26 13.98 1.69 5.40 -28.17 -79.68 -8.53 -24.30
1684258510115072 0.00 0.00 0.00 0.00 4.50 11.49 2.25 6.83 -25.25 -108.31 -11.68 -37.84
1684258510127780 0.00 0.00 0.00 0.00 4.50 11.49 2.81 8.27 -44.30 -113.03 -17.22 -51.97
1684258510143778 0.00 0.00 0.00 0.00 3.26 12.74 3.22 9.86 -35.19 -89.78 -21.62 -63.19
1684258510160041 0.00 0.00 0.00 0.00 5.75 12.74 3.94 11.46 -25.05 -97.90 -24.75 -75.43
1684258510177415 0.00 0.00 0.00 0.00 3.26 12.74 4.35 13.05 -41.35 -91.64 -29.92 -86.89
1684258510192412 0.00 0.00 0.00 0.00 2.02 16.47 3.88 13.05 -27.16 -106.16 -33.31 -100.16
1684258510208753 0.00 0.00 0.00 0.00 4.50 13.98 3.88 13.20 28.54 0.00 -24.74 -85.81
1684258510225773 0.00 0.00 0.00 0.00 4.50 12.74 4.04 13.05 0.00 -9.15 -21.22 -77.00
1684258510241301 0.00 0.00 0.00 0.00 4.50 13.98 4.04 13.36 -10.02 10.02 -19.32 -62.20
1684258510257834 0.00 0.00 0.00 0.00 5.75 12.74 4.19 13.51 0.00 -18.83 -13.78 -50.43
1684258510273862 0.00 0.00 0.00 0.00 6.99 12.74 4.66 13.51 -9.70 -9.72 -10.59 -40.42
1684258510290220 0.00 0.00 0.00 0.00 6.99 10.24 4.81 13.20 -28.53 0.00 -11.03 -28.18
1684258510307200 0.00 0.00 0.00 0.00 5.75 10.24 5.13 12.89 -9.17 18.35 -7.00 -14.43
1684258510322717 0.00 0.00 0.00 0.00 6.99 12.74 5.75 12.42 -20.05 20.08 -6.12 1.35
1684258510340860 0.00 0.00 0.00 0.00 5.75 10.24 5.90 11.96 -34.29 25.73 -13.97 4.56
1684258510354864 0.00 0.00 0.00 0.00 4.50 7.75 5.90 11.33 -11.11 33.36 -15.36 9.88
1684258510372022 0.00 0.00 0.00 0.00 4.50 7.75 5.90 10.55 -0.00 36.34 -14.11 13.17
1684258510390356 0.00 0.00 0.00 0.00 4.50 7.75 5.75 9.93 -0.00 42.50 -14.11 20.83
1684258510404371 0.00 0.00 0.00 0.00 5.75 6.50 5.59 9.15 11.09 44.49 -11.51 27.61
1684258510420660 0.00 0.00 0.00 0.00 5.75 5.25 5.44 8.53 9.53 47.86 -6.75 33.59
1684258510436524 0.00 0.00 0.00 0.00 5.75 5.25 5.44 7.90 9.79 39.36 -4.38 36.22
1684258510452589 0.00 0.00 0.00 0.00 5.75 2.74 5.28 6.65 -0.02 38.87 -1.88 38.56
1684258510469066 0.00 0.00 0.00 0.00 5.75 1.49 5.28 5.56 9.41 75.80 3.59 44.82
1684258510484559 0.00 0.00 0.00 0.00 7.00 1.49 5.60 4.78 -0.03 70.63 4.97 49.48
1684258510502149 0.00 0.00 0.00 0.00 7.00 0.23 5.91 3.84 -17.74 44.48 2.76 50.50
1684258510517719 0.00 0.00 0.00 0.00 7.00 -1.02 6.22 2.74 -20.05 60.33 0.25 52.73
1684258510534959 0.00 0.00 0.00 0.00 7.00 -1.02 6.38 1.80 -18.11 63.59 -3.40 55.12
1684258510551522 0.00 0.00 0.00 0.00 7.00 -2.28 6.53 0.86 -9.45 56.77 -5.77 56.23
1684258510566971 0.00 0.00 0.00 0.00 7.00 -2.28 6.69 -0.08 -10.14 60.91 -8.27 58.92
1684258510582265 0.00 0.00 0.00 0.00 7.00 -2.28 6.85 -0.71 -10.24 61.53 -9.54 61.76
1684258510599287 0.00 0.00 0.00 0.00 7.00 -2.28 7.00 -1.18 -9.19 36.90 -11.87 56.89
1684258510616997 0.00 0.00 0.00 0.00 8.26 -4.80 7.16 -1.97 -8.83 26.61 -12.97 51.39
1684258510632236 0.00 0.00 0.00 0.00 9.51 -4.80 7.47 -2.60 -10.31 51.60 -12.04 52.28
1684258510648541 0.00 0.00 0.00 0.00 9.51 -4.80 7.79 -3.07 -19.21 38.62 -11.94 49.57
1684258510663460 0.00 0.00 0.00 0.00 10.76 -6.07 8.26 -3.70 -20.99 31.68 -12.30 45.58
1684258510680216 0.00 0.00 0.00 0.00 10.76 -4.81 8.72 -4.02 -28.04 37.64 -14.62 43.19
1684258510697284 0.00 0.00 0.00 0.00 10.76 -6.07 9.19 -4.49 -27.50 18.50 -16.79 37.88
1684258510714039 0.00 0.00 0.00 0.00 13.27 -6.07 9.98 -4.96 -28.03 28.25 -19.01 33.73
1684258510729360 0.00 0.00 0.00 0.00 13.27 -6.07 10.76 -5.44 -51.09 30.96 -24.25 32.98
1684258510745493 0.00 0.00 0.00 0.00 13.27 -6.07 11.39 -5.60 -48.52 29.40 -29.21 33.33
1684258510761814 0.00 0.00 0.00 0.00 13.27 -6.07 11.86 -5.76 -38.36 9.75 -32.72 28.10
1684258510777733 0.00 0.00 0.00 0.00 14.55 -14.93 12.49 -7.02 -29.51 9.98 -34.01 24.52
1684258510794096 0.00 0.00 0.00 0.00 17.03 -6.09 13.27 -7.02 -38.50 77.38 -36.20 30.23
1684258510810156 0.00 0.00 0.00 0.00 17.03 -6.09 14.05 -7.18 -48.76 0.16 -38.79 25.55
1684258510827215 0.00 0.00 0.00 0.00 19.52 -2.32 15.15 -6.72 -45.93 9.39 -41.09 24.41
1684258510842399 0.00 0.00 0.00 0.00 18.26 -2.31 15.77 -6.24 -72.10 -30.88 -46.60 17.02
1684258510858758 0.00 0.00 0.00 0.00 19.54 -6.10 16.56 -6.25 -38.20 -28.76 -44.99 9.55
1684258510875766 0.00 0.00 0.00 0.00 20.79 -4.84 17.50 -6.09 -46.09 0.18 -44.68 5.90
1684258510893394 0.00 0.00 0.00 0.00 22.04 -4.85 18.59 -5.94 -53.33 -8.73 -46.55 3.59
1684258510907600 0.00 0.00 0.00 0.00 22.04 -4.85 19.53 -4.68 -77.24 -10.78 -52.52 1.00
1684258510924503 0.00 0.00 0.00 0.00 23.29 -3.59 20.31 -4.37 -55.44 -74.57 -54.64 -18.00
1684258510940370 0.00 0.00 0.00 0.00 24.55 -3.60 21.26 -4.06 -49.39 -19.64 -54.72 -20.47
1684258510956275 0.00 0.00 0.00 0.00 23.30 -4.86 21.73 -4.38 -59.15 -19.54 -56.37 -24.09
1684258510972955 0.00 0.00 0.00 0.00 23.30 -4.86 22.36 -4.69 -28.34 19.03 -50.90 -17.85
1684258510988976 0.00 0.00 0.00 0.00 24.56 -4.86 22.99 -4.54 -39.30 19.85 -51.04 -11.78
1684258511004634 0.00 0.00 0.00 0.00 24.56 -4.86 23.46 -4.54 -40.10 -9.87 -50.29 -13.03
1684258511020685 0.00 0.00 0.00 0.00 25.82 -4.87 23.93 -4.54 -29.38 0.15 -47.29 -11.92
1684258511038128 0.00 0.00 0.00 0.00 27.08 -4.88 24.56 -4.55 -27.05 0.14 -41.02 -10.56
1684258511053274 0.00 0.00 0.00 0.00 25.81 -3.61 24.87 -4.55 -41.55 0.22 -39.28 -1.21
1684258511069291 0.00 0.00 0.00 0.00 25.81 -3.61 25.03 -4.55 -19.65 0.10 -35.57 1.26
1684258511090192 0.00 0.00 0.00 0.00 25.81 -3.61 25.34 -4.39 -7.53 0.04 -29.11 3.71
1684258511102940 0.00 0.00 0.00 0.00 27.08 -4.88 25.82 -4.40 -24.62 -12.24 -28.65 -0.20
1684258511118406 0.00 0.00 0.00 0.00 30.85 -3.63 26.60 -4.24 -30.53 0.16 -27.55 -2.66
1684258511134095 0.00 0.00 0.00 0.00 28.33 -3.62 27.07 -4.09 -50.16 -9.78 -28.81 -2.65
1684258511157098 0.00 0.00 0.00 0.00 29.59 -3.63 27.55 -3.93 -20.50 -6.74 -27.70 -3.51
1684258511169584 0.00 0.00 0.00 0.00 28.33 -2.36 27.70 -3.62 -37.79 -12.42 -29.04 -5.08
1684258511183180 0.00 0.00 0.00 0.00 28.33 -3.62 28.02 -3.62 -11.47 -23.12 -25.28 -8.00
1684258511203091 0.00 0.00 0.00 0.00 33.38 -3.65 28.96 -3.62 -15.82 0.08 -24.80 -8.00
1684258511215485 0.00 0.00 0.00 0.00 29.59 -3.63 29.44 -3.63 -76.33 0.39 -33.40 -7.96
1684258511234033 0.00 0.00 0.00 0.00 30.85 -2.37 29.91 -3.31 -25.49 0.14 -33.51 -6.41
1684258511248239 0.00 0.00 0.00 0.00 32.11 -2.38 30.06 -3.16 -33.17 -22.01 -33.84 -9.18
1684258511265014 0.00 0.00 0.00 0.00 30.85 -2.37 30.38 -3.00 -9.36 -9.34 -28.74 -9.13
1684258511280322 0.00 0.00 0.00 0.00 30.85 -2.37 30.54 -2.84 -20.55 -10.18 -28.75 -9.56
1684258511297604 0.00 0.00 0.00 0.00 30.85 -2.37 30.85 -2.85 -9.08 -9.07 -25.16 -9.14
1684258511312779 0.00 0.00 0.00 0.00 30.85 -2.37 31.17 -2.69 -20.78 0.11 -26.32 -6.23
1684258511330102 0.00 0.00 0.00 0.00 30.85 -3.63 30.85 -2.69 -18.16 -9.00 -26.61 -7.37
1684258511346509 0.00 0.00 0.00 0.00 30.85 -2.37 31.01 -2.53 19.23 -0.09 -14.67 -7.43
1684258511362583 0.00 0.00 0.00 0.00 30.85 -3.63 31.01 -2.69 -9.76 -9.75 -12.70 -8.67
1684258511378351 0.00 0.00 0.00 0.00 30.85 -2.37 30.85 -2.69 -0.05 9.99 -8.56 -4.67
1684258511397780 0.00 0.00 0.00 0.00 30.85 -3.63 30.85 -2.85 8.12 -0.04 -6.38 -3.50
1684258511412028 0.00 0.00 0.00 0.00 32.12 -3.64 31.01 -3.01 -0.06 11.05 -3.82 -0.85
1684258511428587 0.00 0.00 0.00 0.00 30.85 -3.63 31.01 -3.16 -9.58 9.56 -3.88 1.48
1684258511443777 0.00 0.00 0.00 0.00 33.38 -3.65 31.33 -3.32 -0.05 10.37 -1.29 2.76
1684258511461621 0.00 0.00 0.00 0.00 32.12 -3.64 31.48 -3.32 -17.73 8.91 -1.23 5.00
1684258511475702 0.00 0.00 0.00 0.00 30.86 -4.89 31.49 -3.64 -11.20 0.06 -5.04 5.02
1684258511495155 0.00 0.00 0.00 0.00 30.86 -4.89 31.49 -3.80 -0.08 16.20 -3.83 8.26
1684258511513877 0.00 0.00 0.00 0.00 32.12 -4.90 31.65 -4.11 -0.04 8.42 -3.83 8.07
1684258511526632 0.00 0.00 0.00 0.00 30.86 -4.89 31.65 -4.27 -12.49 24.76 -6.40 11.17
1684258511541982 0.00 0.00 0.00 0.00 30.86 -4.89 31.49 -4.43 -0.05 10.26 -6.40 11.07
1684258511557196 0.00 0.00 0.00 0.00 30.87 -6.16 31.49 -4.74 10.32 10.30 -3.92 11.16
1684258511573369 0.00 0.00 0.00 0.00 33.39 -6.17 31.49 -5.06 -0.10 19.49 -3.92 12.30
1684258511592095 0.00 0.00 0.00 0.00 30.86 -4.89 31.34 -5.21 -0.08 16.83 -1.72 13.29
1684258511609533 0.00 0.00 0.00 0.00 30.86 -4.89 31.34 -5.21 9.00 8.99 0.81 14.41
1684258511621842 0.00 0.00 0.00 0.00 30.87 -6.16 31.34 -5.37 0.00 0.00 0.82 12.38
1684258511639365 0.00 0.00 0.00 0.00 30.84 0.14 31.18 -4.74 -0.04 9.00 0.82 12.45
1684258511655769 0.00 0.00 0.00 0.00 30.86 -4.89 31.18 -4.74 9.81 -38.45 3.61 4.55
1684258511671018 0.00 0.00 0.00 0.00 32.13 -6.16 31.33 -4.90 -0.00 0.00 3.61 3.27
1684258511687313 0.00 0.00 0.00 0.00 30.87 -6.16 31.33 -4.90 -9.73 9.72 1.11 3.20
1684258511703821 0.00 0.00 0.00 0.00 30.87 -6.16 31.02 -4.90 0.00 0.00 1.12 0.76
1684258511720275 0.00 0.00 0.00 0.00 29.61 -6.15 30.86 -5.05 19.17 -0.09 3.53 -1.35
1684258511737259 0.00 0.00 0.00 0.00 30.87 -6.16 30.86 -5.21 9.24 9.23 3.56 -1.32
1684258511751841 0.00 0.00 0.00 0.00 30.82 2.66 30.86 -4.11 -0.05 10.81 3.55 0.03
1684258511769186 0.00 0.00 0.00 0.00 32.12 -4.90 31.02 -4.74 0.32 -63.53 3.60 -9.04
1684258511785517 0.00 0.00 0.00 0.00 32.12 -4.90 31.18 -4.74 -9.86 38.62 1.14 0.60
1684258511800890 0.00 0.00 0.00 0.00 30.87 -6.16 31.02 -4.74 -10.26 0.05 -0.15 0.60
1684258511817071 0.00 0.00 0.00 0.00 30.85 -3.63 31.02 -4.42 9.75 -0.05 2.29 -0.62
1684258511834514 0.00 0.00 0.00 0.00 32.12 -4.90 31.17 -4.27 0.09 -18.07 2.30 -2.88
1684258511849757 0.00 0.00 0.00 0.00 29.60 -4.89 31.17 -4.11 -10.30 -10.29 -1.38 -4.15
1684258511867041 0.00 0.00 0.00 0.00 33.39 -4.91 31.49 -3.95 0.05 -9.12 -2.53 -6.45
1684258511882480 0.00 0.00 0.00 0.00 32.12 -4.90 31.65 -4.90 -20.39 -10.11 -5.07 -9.06
1684258511899936 0.00 0.00 0.00 0.00 33.38 -3.65 31.81 -4.74 -9.31 54.14 -6.28 5.65
1684258511914541 0.00 0.00 0.00 0.00 33.39 -4.91 31.96 -4.74 -10.75 -10.74 -6.39 -0.52
1684258511931221 0.00 0.00 0.00 0.00 32.12 -4.90 32.12 -4.59 -9.46 0.04 -6.29 -0.52
1684258511946798 0.00 0.00 0.00 0.00 33.39 -4.91 32.44 -4.74 -10.08 -10.07 -8.77 -1.78
1684258511964150 0.00 0.00 0.00 0.00 33.39 -4.91 32.60 -4.75 -18.23 9.17 -11.06 1.63
1684258511979943 0.00 0.00 0.00 0.00 32.12 -4.90 32.91 -4.75 -9.99 0.05 -11.02 2.92
1684258511997678 0.00 0.00 0.00 0.00 32.12 -4.90 32.75 -4.75 -17.79 0.09 -13.25 4.07
1684258512015142 0.00 0.00 0.00 0.00 33.39 -6.17 32.91 -4.90 9.03 -0.04 -9.57 5.33
1684258512028057 0.00 0.00 0.00 0.00 32.12 -3.64 32.75 -4.90 -12.27 12.26 -9.94 0.09
1684258512044244 0.00 0.00 0.00 0.00 30.86 -4.89 32.44 -4.90 9.75 -0.05 -7.38 1.43
1684258512061923 0.00 0.00 0.00 0.00 32.12 -4.90 32.44 -4.90 17.85 -0.09 -3.96 1.41
1684258512077405 0.00 0.00 0.00 0.00 30.86 -4.89 32.12 -4.90 0.00 0.00 -2.71 2.67
1684258512094487 0.00 0.00 0.00 0.00 32.12 -4.90 31.97 -4.90 18.47 -0.09 1.88 1.52
1684258512113041 0.00 0.00 0.00 0.00 32.12 -4.90 31.97 -4.90 8.50 -0.04 4.19 1.51
1684258512126029 0.00 0.00 0.00 0.00 30.85 -3.63 31.81 -4.74 0.00 0.00 6.42 1.49
1684258512141067 0.00 0.00 0.00 0.00 30.86 -4.89 31.49 -4.58 10.54 -10.53 6.61 0.18
1684258512161363 0.00 0.00 0.00 0.00 32.12 -4.90 31.49 -4.74 15.58 -7.84 10.09 -2.33
1684258512174026 0.00 0.00 0.00 0.00 29.60 -4.89 31.33 -4.74 -0.06 12.44 8.86 -0.77
1684258512190235 0.00 0.00 0.00 0.00 32.12 -3.64 31.33 -4.58 9.73 -0.05 7.85 -0.76
1684258512206325 0.00 0.00 0.00 0.00 30.85 -3.63 31.33 -4.42 0.05 -9.79 7.85 -1.99
1684258512226538 0.00 0.00 0.00 0.00 29.59 -3.63 31.02 -4.27 0.04 -7.80 5.55 -2.95
1684258512241332 0.00 0.00 0.00 0.00 28.33 -3.62 30.54 -4.11 21.38 -10.76 7.16 -4.29
1684258512256074 0.00 0.00 0.00 0.00 28.33 -3.62 30.23 -4.10 32.15 -10.85 11.18 -5.65
1684258512275240 0.00 0.00 0.00 0.00 28.33 -3.62 29.91 -3.94 16.45 -0.09 11.91 -4.34
1684258512287739 0.00 0.00 0.00 0.00 28.33 -3.62 29.44 -3.78 25.29 -12.74 13.13 -4.95
1684258512305744 0.00 0.00 0.00 0.00 29.59 -3.63 29.44 -3.63 26.32 -8.89 16.43 -7.62
1684258512320572 0.00 0.00 0.00 0.00 29.59 -3.63 29.12 -3.63 0.06 -10.63 15.22 -8.94
1684258512336910 0.00 0.00 0.00 0.00 28.33 -3.62 28.80 -3.62 19.31 -0.10 17.62 -7.73
1684258512352903 0.00 0.00 0.00 0.00 28.33 -2.36 28.65 -3.47 19.72 -0.10 20.08 -6.77
1684258512371363 0.00 0.00 0.00 0.00 28.33 -2.36 28.65 -3.31 8.58 -8.58 18.49 -6.50
1684258512385801 0.00 0.00 0.00 0.00 28.32 -1.10 28.64 -2.99 0.06 -10.91 14.47 -6.50
1684258512402271 0.00 0.00 0.00 0.00 28.33 -2.36 28.64 -2.84 0.10 -19.12 12.43 -8.88
1684258512417765 0.00 0.00 0.00 0.00 28.33 -2.36 28.64 -2.68 0.05 -10.17 9.28 -8.56
1684258512433943 0.00 0.00 0.00 0.00 28.33 -2.36 28.48 -2.52 0.05 -9.74 5.99 -8.67
1684258512450939 0.00 0.00 0.00 0.00 28.33 -2.36 28.33 -2.36 9.32 -9.32 7.15 -8.50
1684258512468862 0.00 0.00 0.00 0.00 28.33 -2.36 28.32 -2.20 8.84 -8.83 5.84 -9.60
1684258512482907 0.00 0.00 0.00 0.00 28.33 -2.36 28.32 -2.20 0.06 -11.21 3.38 -10.98
1684258512499005 0.00 0.00 0.00 0.00 28.33 -2.36 28.32 -2.20 0.00 0.00 2.31 -9.91
1684258512515252 0.00 0.00 0.00 0.00 30.84 -1.11 28.64 -2.21 0.00 0.00 2.30 -8.55
1684258512531755 0.00 0.00 0.00 0.00 29.59 -2.37 28.80 -2.21 -19.11 0.10 -0.10 -6.15
1684258512547709 0.00 0.00 0.00 0.00 30.85 -2.37 29.11 -2.21 -9.88 0.05 -1.34 -4.87
1684258512564813 0.00 0.00 0.00 0.00 29.59 -2.37 29.27 -2.21 -18.44 0.10 -3.65 -3.64
1684258512581029 0.00 0.00 0.00 0.00 33.37 -1.13 29.90 -2.05 -9.72 0.05 -6.03 -2.47
1684258512596812 0.00 0.00 0.00 0.00 33.37 -2.39 30.53 -2.06 -39.93 -9.77 -12.13 -2.59
1684258512612828 0.00 0.00 0.00 0.00 30.85 -2.37 30.85 -2.06 -39.40 0.20 -17.06 -1.16
1684258512635476 0.00 0.00 0.00 0.00 32.11 -2.38 31.32 -2.06 -13.93 0.07 -18.80 -1.15
1684258512649405 0.00 0.00 0.00 0.00 30.88 -8.68 31.33 -3.01 -33.97 0.18 -23.05 -1.13
1684258512662908 0.00 0.00 0.00 0.00 29.58 -1.11 31.32 -2.85 -0.34 70.02 -20.70 7.61
1684258512681156 0.00 0.00 0.00 0.00 30.83 1.40 31.32 -2.38 0.05 -8.63 -19.46 6.53
1684258512694691 0.00 0.00 0.00 0.00 30.85 -2.37 31.48 -2.38 0.18 -34.88 -17.13 2.16
1684258512709950 0.00 0.00 0.00 0.00 30.85 -2.37 31.16 -2.53 -10.34 0.05 -17.21 2.16
1684258512726903 0.00 0.00 0.00 0.00 30.85 -2.37 30.85 -2.53 18.57 9.19 -9.90 4.53
1684258512744661 0.00 0.00 0.00 0.00 29.59 -3.63 30.69 -2.69 17.78 -0.09 -2.75 4.49
1684258512759855 0.00 0.00 0.00 0.00 28.33 -3.62 30.22 -2.84 10.33 10.31 0.28 5.77
1684258512775250 0.00 0.00 0.00 0.00 28.33 -3.62 29.90 -2.21 30.68 10.07 8.36 7.01
1684258512792233 0.00 0.00 0.00 0.00 28.33 -3.62 29.75 -2.53 18.75 -37.22 10.75 -6.40
1684258512807927 0.00 0.00 0.00 0.00 28.33 -3.62 29.43 -3.15 9.94 20.01 11.99 -2.82
1684258512824332 0.00 0.00 0.00 0.00 28.34 -4.88 29.12 -3.47 19.03 38.28 14.34 6.33
1684258512840585 0.00 0.00 0.00 0.00 28.33 -3.62 28.81 -3.62 19.30 19.29 18.05 8.73
1684258512857752 0.00 0.00 0.00 0.00 28.34 -4.88 28.49 -3.94 18.32 9.08 18.02 8.72
1684258512873013 0.00 0.00 0.00 0.00 27.07 -3.61 28.18 -3.94 20.56 20.54 18.36 11.29
1684258512889900 0.00 0.00 0.00 0.00 28.34 -4.88 28.18 -4.09 18.67 -0.10 19.41 9.99
1684258512906631 0.00 0.00 0.00 0.00 27.08 -4.88 28.02 -4.25 -0.05 9.42 15.56 9.91
1684258512921751 0.00 0.00 0.00 0.00 24.56 -4.86 27.55 -4.40 10.37 10.37 14.52 15.86
1684258512938571 0.00 0.00 0.00 0.00 27.08 -4.88 27.39 -4.56 28.04 9.22 16.78 14.51
1684258512954316 0.00 0.00 0.00 0.00 27.08 -4.88 27.23 -4.56 9.95 9.96 15.64 10.97
1684258512973154 0.00 0.00 0.00 0.00 25.82 -4.87 26.92 -4.72 8.36 -0.04 14.28 8.56
1684258512986711 0.00 0.00 0.00 0.00 25.82 -4.87 26.61 -4.72 23.18 11.50 14.88 8.86
1684258513001962 0.00 0.00 0.00 0.00 25.82 -4.87 26.45 -4.87 20.66 -0.11 14.90 6.28
1684258513017914 0.00 0.00 0.00 0.00 25.81 -3.61 26.13 -4.71 9.82 9.83 13.79 7.52
1684258513037507 0.00 0.00 0.00 0.00 25.82 -4.87 25.98 -4.71 16.12 -8.13 15.81 5.32
1684258513051012 0.00 0.00 0.00 0.00 25.81 -3.61 26.13 -4.55 11.66 -0.06 15.97 4.02
1684258513067143 0.00 0.00 0.00 0.00 25.81 -3.61 25.97 -4.40 -9.71 -9.72 11.26 1.65
1684258513083327 0.00 0.00 0.00 0.00 25.81 -2.35 25.81 -4.08 9.78 -9.79 11.23 -0.82
1684258513099220 0.00 0.00 0.00 0.00 28.33 -2.36 26.13 -3.77 10.01 -19.88 11.44 -3.29
1684258513117172 0.00 0.00 0.00 0.00 29.59 -2.37 26.60 -3.45 -17.46 -17.46 6.36 -6.92
1684258513133084 0.00 0.00 0.00 0.00 32.08 3.91 27.38 -2.36 -29.60 -19.65 0.08 -9.36
1684258513155120 0.00 0.00 0.00 0.00 28.33 -2.36 27.70 -2.20 -35.52 -49.80 -5.59 -16.81
1684258513169388 0.00 0.00 0.00 0.00 28.33 -2.36 28.01 -1.89 -22.02 -10.92 -10.36 -17.16
1684258513181916 0.00 0.00 0.00 0.00 28.32 -1.10 28.32 -1.57 -25.01 -25.02 -14.94 -20.28
1684258513202575 0.00 0.00 0.00 0.00 28.33 -2.36 28.64 -1.42 -15.17 -15.16 -15.62 -20.96
1684258513214572 0.00 0.00 0.00 0.00 28.32 -1.10 28.95 -1.26 -26.19 -12.99 -20.12 -21.36
1684258513232672 0.00 0.00 0.00 0.00 28.32 -1.10 28.95 -1.11 -17.36 -8.60 -23.54 -19.95
1684258513246160 0.00 0.00 0.00 0.00 28.32 -1.10 28.79 -0.95 0.06 -11.67 -21.35 -19.23
1684258513262524 0.00 0.00 0.00 0.00 28.31 0.16 28.32 -1.42 9.68 -9.67 -16.44 -17.98
1684258513278242 0.00 0.00 0.00 0.00 28.31 0.16 28.32 -1.10 29.97 29.85 -8.25 -8.02
1684258513294471 0.00 0.00 0.00 0.00 28.32 -1.10 28.32 -0.94 0.10 -19.39 -5.49 -9.08
1684258513314532 0.00 0.00 0.00 0.00 28.31 0.16 28.32 -0.79 0.04 -7.85 -2.36 -6.94
1684258513327210 0.00 0.00 0.00 0.00 29.58 -1.11 28.47 -0.63 0.06 -12.41 -0.45 -6.59
1684258513343745 0.00 0.00 0.00 0.00 27.06 -1.10 28.32 -0.63 -9.48 -9.47 1.63 -6.15
1684258513360006 0.00 0.00 0.00 0.00 27.08 -6.14 28.16 -1.26 9.69 -0.05 5.02 -5.08
1684258513377993 0.00 0.00 0.00 0.00 27.06 -1.10 28.00 -1.26 8.57 34.99 6.08 0.75
1684258513392001 0.00 0.00 0.00 0.00 27.06 -1.10 27.85 -1.41 11.25 -0.06 6.28 1.95
1684258513412681 0.00 0.00 0.00 0.00 28.33 -2.36 27.85 -1.73 7.58 7.57 3.48 -0.83
1684258513424963 0.00 0.00 0.00 0.00 28.33 -2.36 27.85 -1.89 -0.13 25.63 3.45 4.79
1684258513441124 0.00 0.00 0.00 0.00 27.10 -9.92 27.70 -3.15 -0.05 9.74 3.44 6.99
1684258513458157 0.00 0.00 0.00 0.00 25.81 -2.35 27.23 -3.30 8.87 73.98 4.54 17.79
1684258513472921 0.00 0.00 0.00 0.00 25.81 -3.61 27.07 -3.62 31.96 10.49 9.72 20.29
1684258513490307 0.00 0.00 0.00 0.00 25.80 -1.09 26.91 -2.98 8.96 18.07 9.63 22.55
1684258513506065 0.00 0.00 0.00 0.00 25.81 -3.61 26.75 -3.30 10.20 -40.04 9.83 13.17
1684258513522120 0.00 0.00 0.00 0.00 27.07 -3.61 26.76 -3.61 9.70 19.56 9.64 15.62
1684258513538787 0.00 0.00 0.00 0.00 25.81 -3.61 26.44 -3.77 -0.10 18.90 8.68 17.04
1684258513558528 0.00 0.00 0.00 0.00 25.81 -3.61 26.13 -3.93 15.92 7.89 10.68 14.82
1684258513572523 0.00 0.00 0.00 0.00 24.56 -4.86 25.81 -3.29 22.45 11.14 13.50 15.00
1684258513587466 0.00 0.00 0.00 0.00 23.29 -3.59 25.50 -3.45 21.28 -42.34 15.05 0.46
1684258513604226 0.00 0.00 0.00 0.00 24.55 -3.60 25.34 -3.45 18.72 9.30 13.39 0.31
1684258513620492 0.00 0.00 0.00 0.00 23.29 -3.59 25.03 -3.76 9.68 -0.05 13.48 -1.96
1684258513636027 0.00 0.00 0.00 0.00 23.30 -4.86 24.71 -3.92 20.15 20.17 14.73 5.57
1684258513652260 0.00 0.00 0.00 0.00 23.29 -3.59 24.24 -3.91 19.33 9.61 15.93 4.33
1684258513670181 0.00 0.00 0.00 0.00 23.28 -1.08 23.92 -3.60 26.34 -0.14 19.23 1.95
1684258513684721 0.00 0.00 0.00 0.00 24.55 -3.60 23.77 -3.60 21.75 -21.77 19.96 -1.76
1684258513701864 0.00 0.00 0.00 0.00 23.33 -11.17 23.61 -4.39 9.18 -0.05 18.31 -3.16
1684258513717028 0.00 0.00 0.00 0.00 23.29 -3.59 23.61 -4.39 10.12 52.00 16.91 8.63
1684258513733860 0.00 0.00 0.00 0.00 24.55 -2.34 23.61 -4.23 0.00 0.00 14.57 7.47
1684258513750506 0.00 0.00 0.00 0.00 22.03 -2.33 23.45 -4.07 0.05 -9.46 13.37 6.29
1684258513766186 0.00 0.00 0.00 0.00 23.29 -2.33 23.45 -3.75 10.07 -10.09 12.11 2.51
1684258513783738 0.00 0.00 0.00 0.00 24.54 -1.08 23.61 -3.44 0.09 -17.95 9.70 -0.93
1684258513800071 0.00 0.00 0.00 0.00 24.55 -2.34 23.77 -3.60 -9.53 -19.23 5.22 -3.32
1684258513814749 0.00 0.00 0.00 0.00 23.29 -2.33 23.61 -3.44 -10.77 10.78 1.15 0.75
1684258513831333 0.00 0.00 0.00 0.00 23.29 -2.33 23.60 -2.34 9.53 -9.55 1.20 -0.44
1684258513847429 0.00 0.00 0.00 0.00 23.28 -1.08 23.60 -2.02 0.34 -68.61 -0.03 -15.52
1684258513864408 0.00 0.00 0.00 0.00 23.29 -2.33 23.44 -2.02 0.09 -18.55 -0.01 -17.83
1684258513880252 0.00 0.00 0.00 0.00 24.55 -2.34 23.76 -2.02 9.93 -0.05 1.22 -16.66
1684258513896508 0.00 0.00 0.00 0.00 23.28 -1.08 23.76 -1.86 -19.34 0.10 -2.46 -15.38
1684258513912504 0.00 0.00 0.00 0.00 23.29 -2.33 23.60 -2.02 0.05 -9.84 -2.46 -14.37
1684258513928843 0.00 0.00 0.00 0.00 23.29 -2.33 23.44 -2.02 9.57 9.58 -0.07 -10.77
1684258513945070 0.00 0.00 0.00 0.00 24.55 -2.34 23.60 -2.02 9.69 -0.05 2.48 -12.12
1684258513960721 0.00 0.00 0.00 0.00 23.29 -3.59 23.60 -2.18 -10.05 0.05 0.04 -10.92
1684258513977283 0.00 0.00 0.00 0.00 23.29 -2.33 23.60 -2.34 -0.05 9.51 -0.01 -1.16
1684258513995414 0.00 0.00 0.00 0.00 23.29 -2.33 23.60 -2.34 -0.04 8.68 -0.03 2.25
1684258514009129 0.00 0.00 0.00 0.00 24.55 -2.34 23.60 -2.34 0.00 0.00 -1.27 2.25
1684258514025598 0.00 0.00 0.00 0.00 24.56 -4.86 23.76 -2.81 0.00 0.00 1.15 2.24
1684258514042099 0.00 0.00 0.00 0.00 24.55 -3.60 23.92 -2.97 -9.68 28.68 -0.07 7.06
1684258514059591 0.00 0.00 0.00 0.00 24.55 -3.60 24.08 -3.13 -9.04 9.05 -2.40 6.99
1684258514074977 0.00 0.00 0.00 0.00 25.81 -3.61 24.24 -3.28 -10.27 10.29 -4.89 8.28
1684258514090323 0.00 0.00 0.00 0.00 25.81 -3.61 24.55 -3.29 -10.31 10.32 -4.92 9.57
1684258514106521 0.00 0.00 0.00 0.00 25.82 -4.87 24.87 -3.60 -19.43 0.10 -7.35 8.39
1684258514122985 0.00 0.00 0.00 0.00 25.82 -4.87 25.18 -3.92 -19.21 19.24 -9.74 9.71
1684258514139885 0.00 0.00 0.00 0.00 27.08 -4.88 25.50 -4.24 -18.72 18.74 -12.08 12.05
1684258514155437 0.00 0.00 0.00 0.00 27.07 -3.61 25.81 -4.08 -20.35 20.37 -14.63 14.60
1684258514171785 0.00 0.00 0.00 0.00 25.81 -2.35 25.97 -3.92 -19.21 -9.54 -15.82 9.82
1684258514188015 0.00 0.00 0.00 0.00 25.82 -4.87 26.13 -4.08 -9.65 -9.65 -15.89 7.48
1684258514205191 0.00 0.00 0.00 0.00 25.81 -3.61 26.13 -4.08 -9.21 9.22 -15.76 7.35
1684258514220109 0.00 0.00 0.00 0.00 25.82 -4.87 26.13 -4.24 0.00 0.00 -14.47 6.06
1684258514237458 0.00 0.00 0.00 0.00 24.55 -3.60 25.97 -4.08 -0.05 9.08 -12.05 7.18
1684258514252756 0.00 0.00 0.00 0.00 25.82 -4.87 25.97 -4.08 10.34 -10.36 -8.35 3.48
1684258514271629 0.00 0.00 0.00 0.00 27.07 -3.61 25.97 -3.92 -0.00 0.00 -6.02 1.14
1684258514285583 0.00 0.00 0.00 0.00 24.55 -3.60 25.66 -3.92 0.06 -11.29 -3.46 -2.82
1684258514303961 0.00 0.00 0.00 0.00 25.81 -3.61 25.66 -4.08 17.13 -0.09 1.08 -1.64
1684258514317932 0.00 0.00 0.00 0.00 23.29 -2.33 25.34 -3.76 -0.06 11.27 2.28 0.98
1684258514334387 0.00 0.00 0.00 0.00 24.55 -2.34 25.18 -3.60 19.22 -19.25 5.83 -2.58
1684258514350574 0.00 0.00 0.00 0.00 23.28 0.18 24.86 -2.97 9.77 -9.78 7.05 -3.80
1684258514366588 0.00 0.00 0.00 0.00 23.28 -1.08 24.71 -2.66 19.85 -39.43 9.54 -9.87
1684258514382982 0.00 0.00 0.00 0.00 23.28 -1.08 24.39 -2.18 9.69 -19.26 9.46 -10.98
1684258514399357 0.00 0.00 0.00 0.00 23.28 -1.08 23.92 -1.87 19.36 -28.95 11.88 -14.60
1684258514415099 0.00 0.00 0.00 0.00 24.54 -1.08 23.91 -1.55 30.09 -20.16 15.63 -15.71
1684258514433487 0.00 0.00 0.00 0.00 25.80 -1.09 23.91 -1.24 0.09 -17.13 13.50 -17.84
1684258514447528 0.00 0.00 0.00 0.00 24.54 -1.08 24.07 -1.08 0.12 -22.43 13.52 -22.05
1684258514464727 0.00 0.00 0.00 0.00 23.28 -1.08 23.91 -0.92 -9.10 -9.10 9.99 -20.78
1684258514480631 0.00 0.00 0.00 0.00 22.02 -1.07 23.75 -1.08 9.94 -9.95 10.01 -20.80
1684258514497684 0.00 0.00 0.00 0.00 20.77 -1.06 23.44 -1.08 9.17 9.18 8.67 -14.73
1684258514512821 0.00 0.00 0.00 0.00 22.06 -7.37 23.29 -1.86 20.75 -0.10 10.05 -12.33
1684258514529979 0.00 0.00 0.00 0.00 22.02 -1.07 23.13 -1.86 8.93 45.88 8.75 -2.98
1684258514545629 0.00 0.00 0.00 0.00 22.02 0.19 22.81 -1.70 10.04 -0.05 6.24 -0.46
1684258514561859 0.00 0.00 0.00 0.00 22.02 -1.07 22.34 -1.70 19.42 -9.78 8.66 0.46
1684258514578017 0.00 0.00 0.00 0.00 23.26 2.70 22.18 -1.23 29.19 -0.15 12.29 3.24
1684258514594648 0.00 0.00 0.00 0.00 22.00 5.21 22.02 -0.44 9.59 -28.39 14.63 0.83
1684258514610149 0.00 0.00 0.00 0.00 19.51 -1.06 21.71 -0.44 10.36 -50.69 14.68 -4.26
1684258514628094 0.00 0.00 0.00 0.00 20.77 -2.32 21.71 -0.60 17.49 -0.08 15.72 -5.42
1684258514643771 0.00 0.00 0.00 0.00 18.26 -2.31 21.24 0.03 -0.05 10.04 13.12 -4.15
1684258514658951 0.00 0.00 0.00 0.00 18.26 -2.31 20.77 -0.12 31.22 -41.68 15.91 -15.10
1684258514675302 0.00 0.00 0.00 0.00 19.52 -2.32 20.45 -0.44 28.75 9.49 18.25 -13.91
1684258514692369 0.00 0.00 0.00 0.00 19.52 -2.32 20.14 -0.59 18.31 18.35 18.11 -10.39
1684258514707592 0.00 0.00 0.00 0.00 19.52 -3.58 19.67 -1.38 20.58 10.24 17.03 -9.09
1684258514724196 0.00 0.00 0.00 0.00 20.78 -3.58 19.52 -2.47 28.15 47.22 19.35 0.36
1684258514741216 0.00 0.00 0.00 0.00 18.27 -3.57 19.36 -2.79 8.93 64.57 19.17 14.77
1684258514756870 0.00 0.00 0.00 0.00 15.76 -3.56 18.74 -2.94 9.93 20.07 18.23 17.29
1684258514774536 0.00 0.00 0.00 0.00 17.02 -4.83 18.58 -3.26 35.47 8.76 22.67 17.13
1684258514789504 0.00 0.00 0.00 0.00 18.28 -4.83 18.58 -3.57 10.39 21.01 20.06 24.96
1684258514805810 0.00 0.00 0.00 0.00 15.77 -4.82 18.12 -3.89 -0.08 19.32 16.46 26.19
1684258514822101 0.00 0.00 0.00 0.00 15.77 -4.82 17.65 -4.20 28.79 19.22 17.77 26.30
1684258514838214 0.00 0.00 0.00 0.00 17.01 -1.05 17.33 -3.88 29.11 19.43 18.84 27.45
1684258514855911 0.00 0.00 0.00 0.00 14.52 -6.08 16.55 -4.19 17.79 -17.86 17.54 19.31
1684258514870678 0.00 0.00 0.00 0.00 14.51 -4.82 16.08 -4.35 53.01 21.13 23.05 13.88
1684258514886545 0.00 0.00 0.00 0.00 14.52 -6.08 15.92 -4.67 29.59 9.82 25.51 12.60
1684258514903915 0.00 0.00 0.00 0.00 13.27 -7.34 15.45 -4.98 8.95 18.12 22.19 13.77
1684258514919310 0.00 0.00 0.00 0.00 14.52 -7.34 14.99 -5.29 30.46 20.39 24.70 13.70
1684258514936295 0.00 0.00 0.00 0.00 14.52 -7.34 14.83 -5.61 27.62 18.47 28.17 13.59
1684258514951753 0.00 0.00 0.00 0.00 13.27 -6.07 14.52 -5.76 10.06 20.38 25.83 13.73
1684258514968305 0.00 0.00 0.00 0.00 14.52 -7.34 14.21 -6.55 18.89 9.46 24.55 12.49
1684258514984204 0.00 0.00 0.00 0.00 10.76 -7.33 13.74 -6.71 19.52 49.48 24.76 20.91
1684258515002650 0.00 0.00 0.00 0.00 12.03 -11.13 13.43 -7.50 25.44 8.48 21.32 19.32
1684258515020344 0.00 0.00 0.00 0.00 10.76 -7.33 12.96 -7.65 17.57 44.58 19.82 23.67
1684258515033132 0.00 0.00 0.00 0.00 10.76 -7.33 12.64 -7.65 36.70 12.24 23.28 22.93
1684258515047791 80.00 0.00 0.00 0.00 10.76 -7.33 12.17 -7.65 21.36 -0.06 22.15 20.38
1684258515064816 80.00 0.00 0.00 0.00 9.51 -7.33 11.55 -7.65 27.60 -0.08 22.14 18.06
1684258515080530 80.00 0.00 0.00 0.00 8.26 -7.33 10.92 -7.81 39.86 -0.11 25.87 15.50
1684258515098920 80.00 0.00 0.00 0.00 8.26 -7.33 10.14 -7.80 34.02 8.50 27.76 15.38
1684258515117847 80.00 0.00 0.00 0.00 8.26 -7.33 9.83 -7.80 41.36 -0.10 30.49 9.18
1684258515130278 80.00 0.00 0.00 0.00 9.51 -7.33 9.51 -7.33 25.18 -0.05 30.46 8.12
1684258515146626 80.00 0.00 0.00 0.00 8.26 -7.33 9.20 -7.33 19.23 -29.05 30.66 -1.09
1684258515163020 80.00 0.00 0.00 0.00 8.26 -7.33 8.89 -7.33 19.09 -0.04 28.46 -2.62
1684258515179012 80.00 0.00 0.00 0.00 10.76 -7.33 8.89 -7.33 19.57 -0.04 28.24 -2.62
1684258515195760 80.00 0.00 0.00 0.00 9.51 -7.33 8.89 -7.33 0.00 0.00 24.79 -2.61
1684258515212869 80.00 0.00 0.00 0.00 9.51 -6.06 9.04 -7.17 0.00 0.00 19.81 -2.60
1684258515227785 80.00 0.00 0.00 0.00 9.51 -6.06 9.20 -7.01 -10.47 -10.56 14.24 -4.98
1684258515245649 80.00 0.00 0.00 0.00 10.76 -6.07 9.51 -6.85 -8.74 -8.82 7.98 -6.07
1684258515261478 80.00 0.00 0.00 0.00 12.01 -6.07 9.82 -6.70 -19.75 -9.93 2.37 -7.31
1684258515275792 80.00 0.00 0.00 0.00 13.27 -6.07 10.45 -6.54 -21.84 -10.98 -2.77 -5.05
1684258515292362 80.00 0.00 0.00 0.00 14.52 -7.34 11.23 -6.54 -37.76 -9.44 -9.87 -6.22
1684258515309509 80.00 0.00 0.00 0.00 15.78 -7.35 11.86 -6.54 -45.66 0.11 -18.03 -6.20
1684258515325289 80.00 0.00 0.00 0.00 15.77 -6.08 12.64 -6.39 -39.71 0.12 -22.99 -6.19
1684258515343133 80.00 0.00 0.00 0.00 19.54 -6.10 13.89 -6.39 -43.85 -8.72 -28.47 -7.28
1684258515357652 80.00 0.00 0.00 0.00 19.54 -6.10 15.15 -6.40 -86.33 0.29 -37.95 -5.92
1684258515373570 80.00 0.00 0.00 0.00 20.79 -6.10 16.40 -6.40 -78.74 0.27 -46.70 -4.78
1684258515390482 80.00 0.00 0.00 0.00 22.05 -6.11 17.66 -6.41 -74.15 0.27 -53.50 -3.51
1684258515407103 80.00 0.00 0.00 0.00 23.31 -6.12 18.91 -6.41 -75.48 0.30 -60.21 -2.10
1684258515423368 80.00 0.00 0.00 0.00 24.57 -6.12 20.17 -6.26 -77.18 0.33 -65.14 -0.88
1684258515439003 80.00 0.00 0.00 0.00 25.83 -6.13 21.42 -6.11 -80.29 -9.73 -69.47 -2.11
1684258515455357 80.00 0.00 0.00 0.00 25.83 -6.13 22.68 -6.11 -76.80 -9.29 -74.10 -3.28
1684258515473937 80.00 0.00 0.00 0.00 28.34 -4.88 23.78 -5.96 -67.63 0.32 -77.08 -2.16
1684258515487427 80.00 0.00 0.00 0.00 30.84 0.14 25.19 -5.18 -81.57 -11.28 -76.48 -3.60
1684258515504158 80.00 0.00 0.00 0.00 30.87 -6.16 26.45 -5.19 -84.42 -46.64 -77.19 -9.46
1684258515519760 80.00 0.00 0.00 0.00 33.39 -4.91 27.87 -5.04 -80.72 0.41 -78.01 -9.45
1684258515536030 80.00 0.00 0.00 0.00 37.17 -4.92 29.60 -4.89 -87.09 -9.25 -79.46 -10.64
1684258515552458 80.00 0.00 0.00 0.00 35.90 -3.66 31.02 -4.58 -105.49 -9.09 -83.00 -11.82
1684258515568986 80.00 0.00 0.00 0.00 39.69 -4.93 32.75 -4.43 -85.76 -18.65 -83.69 -12.93
1684258515585340 80.00 0.00 0.00 0.00 38.43 -3.67 34.33 -4.12 -106.01 -9.18 -87.34 -12.92
1684258515601502 80.00 0.00 0.00 0.00 38.43 -3.67 35.59 -3.97 -97.49 -19.05 -91.07 -15.34
1684258515617683 80.00 0.00 0.00 0.00 43.47 -3.68 37.17 -4.45 -77.95 -9.39 -90.62 -15.11
1684258515634359 80.00 0.00 0.00 0.00 44.72 3.87 38.90 -3.19 -94.71 28.63 -91.90 -5.70
1684258515649868 80.00 0.00 0.00 0.00 45.96 -9.94 40.47 -3.82 -111.66 -80.78 -95.77 -15.85
1684258515666180 80.00 0.00 0.00 0.00 45.98 0.09 41.57 -3.20 -96.36 38.59 -96.93 -9.87
1684258515682658 80.00 0.00 0.00 0.00 45.98 2.61 42.83 -2.41 -66.85 -38.06 -92.10 -13.49
1684258515699085 80.00 0.00 0.00 0.00 47.24 -2.42 43.78 -2.10 -76.69 -47.68 -90.96 -17.12
1684258515714738 80.00 0.00 0.00 0.00 48.48 -3.67 45.03 -2.10 -60.23 -20.06 -85.24 -18.48
1684258515731069 80.00 0.00 0.00 0.00 49.73 -3.66 46.45 -2.10 -76.95 0.01 -82.67 -16.09
1684258515747694 80.00 0.00 0.00 0.00 50.97 -3.66 47.38 -2.10 -84.96 -0.03 -83.55 -14.92
1684258515764278 80.00 0.00 0.00 0.00 50.98 -1.15 48.17 -2.72 -56.54 -0.15 -78.78 -18.52
1684258515783447 80.00 0.00 0.00 0.00 52.14 -9.88 48.94 -2.72 -40.84 32.72 -69.93 -4.33
1684258515796219 80.00 0.00 0.00 0.00 49.73 -3.66 49.41 -3.19 -60.54 -0.58 -65.45 -9.23
1684258515815332 80.00 0.00 0.00 0.00 51.00 3.87 50.03 -3.03 -24.49 24.57 -60.15 -1.40
1684258515828767 80.00 0.00 0.00 0.00 47.24 5.12 50.03 -2.09 -46.68 -11.72 -56.40 3.09
1684258515847847 80.00 0.00 0.00 0.00 53.44 -3.64 50.66 -2.08 -0.03 -49.39 -48.88 -0.57
1684258515861422 80.00 0.00 0.00 0.00 55.88 -4.86 51.42 -2.23 -45.68 -0.29 -44.97 -0.61
1684258515878396 80.00 0.00 0.00 0.00 53.44 -3.64 51.73 -2.23 -45.30 8.79 -40.01 0.49
1684258515894003 80.00 0.00 0.00 0.00 55.90 -3.61 52.35 -2.54 -19.80 -0.15 -35.42 0.49
1684258515910395 80.00 0.00 0.00 0.00 55.88 -4.86 52.81 -1.91 -37.45 18.77 -35.00 -1.25
1684258515926721 80.00 0.00 0.00 0.00 54.73 3.88 53.44 -0.97 -28.60 -38.49 -31.00 -5.99
1684258515942555 80.00 0.00 0.00 0.00 54.66 -4.87 53.90 -2.06 -39.47 -59.56 -32.88 -16.51
1684258515959255 80.00 0.00 0.00 0.00 55.95 2.64 54.99 -2.37 -27.38 65.43 -30.46 -6.86
1684258515976029 80.00 0.00 0.00 0.00 57.18 2.65 55.45 -1.58 -64.93 18.52 -38.58 1.63
1684258515991346 80.00 0.00 0.00 0.00 55.93 0.13 55.46 -0.96 -30.49 -51.28 -36.68 -4.75
1684258516007941 80.00 0.00 0.00 0.00 59.29 -13.42 56.19 -2.18 -0.41 -37.60 -31.07 -10.55
1684258516022592 80.00 0.00 0.00 0.00 58.28 -6.06 56.49 -2.49 -49.91 83.46 -34.83 -0.09
1684258516039581 80.00 0.00 0.00 0.00 58.28 -6.06 56.79 -2.64 -17.57 18.02 -32.34 -0.19
1684258516056823 80.00 0.00 0.00 0.00 54.72 2.63 56.79 -2.80 -17.42 8.73 -30.95 5.71
1684258516075954 80.00 0.00 0.00 0.00 58.28 -6.06 57.24 -2.94 0.04 8.19 -26.01 14.18
1684258516088763 80.00 0.00 0.00 0.00 58.28 -6.06 57.53 -4.03 -35.37 11.59 -27.01 7.45
1684258516104269 80.00 0.00 0.00 0.00 60.65 -7.24 57.97 -5.27 -18.78 70.11 -21.24 13.90
1684258516120727 80.00 0.00 0.00 0.00 59.58 0.17 58.42 -5.26 -26.34 75.13 -20.72 29.70
1684258516137294 80.00 0.00 0.00 0.00 61.83 -7.21 58.74 -4.49 -27.54 -0.30 -24.11 34.37
1684258516154023 80.00 0.00 0.00 0.00 61.80 -8.44 59.18 -4.78 -18.95 -46.36 -20.24 18.14
1684258516171966 80.00 0.00 0.00 0.00 62.97 -8.41 59.76 -5.08 -24.47 16.61 -21.10 17.96
1684258516185339 80.00 0.00 0.00 0.00 63.95 -13.24 60.92 -7.06 -43.78 21.95 -24.40 19.61
1684258516203308 80.00 0.00 0.00 0.00 66.59 -3.39 61.95 -6.73 -64.18 110.38 -32.43 32.39
1684258516218559 80.00 0.00 0.00 0.00 65.28 -8.33 62.83 -7.01 -68.05 -21.89 -36.51 28.20
1684258516235875 80.00 0.00 0.00 0.00 64.97 -15.59 63.37 -8.05 -50.53 16.37 -40.48 21.49
1684258516251011 80.00 0.00 0.00 0.00 67.56 -8.24 64.37 -9.11 -35.74 68.93 -41.66 20.71
1684258516267366 80.00 0.00 0.00 0.00 67.56 -8.24 65.08 -9.23 -60.95 64.30 -45.83 28.79
1684258516285328 80.00 0.00 0.00 0.00 68.73 -6.97 65.95 -9.05 -39.88 7.12 -48.45 35.47
1684258516299957 80.00 0.00 0.00 0.00 68.63 -9.40 66.66 -9.17 -59.26 -12.55 -52.80 31.83
1684258516316205 80.00 0.00 0.00 0.00 68.73 -6.97 67.26 -8.39 -43.57 7.62 -52.77 30.03
1684258516334533 80.00 0.00 0.00 0.00 69.79 -8.14 67.66 -8.98 -32.63 -42.72 -48.82 10.90
1684258516347884 80.00 0.00 0.00 0.00 70.95 -6.87 68.37 -8.80 -30.05 44.44 -44.08 19.19
1684258516364342 80.00 0.00 0.00 0.00 70.95 -6.87 69.11 -7.71 -43.05 -11.05 -43.14 15.76
1684258516382219 80.00 0.00 0.00 0.00 72.04 -6.82 69.67 -7.54 -41.79 -60.95 -43.90 -0.47
1684258516402960 80.00 0.00 0.00 0.00 73.12 -6.76 70.37 -7.35 -27.03 -8.55 -39.66 -9.58
1684258516418337 80.00 0.00 0.00 0.00 72.28 -0.75 70.81 -6.57 -45.25 -11.99 -40.33 -11.97
1684258516430583 80.00 0.00 0.00 0.00 73.12 -6.76 71.38 -6.24 -36.26 -63.52 -37.45 -18.34
1684258516446015 80.00 0.00 0.00 0.00 73.12 -6.76 71.92 -6.22 -36.41 -21.36 -36.56 -21.96
1684258516462424 80.00 0.00 0.00 0.00 73.12 -6.76 72.34 -6.05 -33.47 -1.62 -36.66 -16.82
1684258516478109 80.00 0.00 0.00 0.00 74.19 -6.70 72.75 -6.02 -26.54 -10.95 -36.22 -23.75
1684258516495702 80.00 0.00 0.00 0.00 75.37 -4.24 73.30 -5.70 -23.05 -1.21 -33.72 -22.52
1684258516510775 80.00 0.00 0.00 0.00 74.31 -4.30 73.58 -5.38 -36.66 -21.82 -33.08 -17.63
1684258516528943 80.00 0.00 0.00 0.00 75.31 -5.44 73.86 -5.22 -15.59 -17.35 -31.65 -18.73
1684258516543130 80.00 0.00 0.00 0.00 75.31 -5.44 74.23 -5.80 -19.28 -11.62 -28.41 -18.68
1684258516559305 80.00 0.00 0.00 0.00 75.43 -3.04 74.52 -5.34 -23.41 36.26 -26.80 -6.21
1684258516575439 80.00 0.00 0.00 0.00 74.25 -5.50 74.66 -5.18 -17.83 -28.86 -24.48 -7.15
1684258516591661 80.00 0.00 0.00 0.00 75.37 -4.24 74.94 -4.86 -8.70 -9.71 -21.38 -8.16
1684258516608069 80.00 0.00 0.00 0.00 74.36 -3.09 74.96 -4.41 -17.11 -19.20 -20.20 -9.19
1684258516625266 80.00 0.00 0.00 0.00 74.54 1.77 74.86 -3.66 -1.21 -26.27 -17.47 -12.32
1684258516640752 80.00 0.00 0.00 0.00 75.43 -3.04 75.00 -3.50 6.70 -48.51 -12.05 -15.66
1684258516657581 80.00 0.00 0.00 0.00 76.42 -4.18 75.14 -3.35 -8.30 -9.36 -11.14 -14.66
1684258516673335 80.00 0.00 0.00 0.00 74.36 -3.09 75.02 -3.05 -8.79 -9.99 -9.83 -14.45
1684258516689520 80.00 0.00 0.00 0.00 75.43 -3.04 75.02 -3.05 7.35 -18.18 -5.99 -21.26
1684258516705584 80.00 0.00 0.00 0.00 73.28 -3.14 74.90 -2.76 0.00 0.00 -3.76 -17.65
1684258516721945 80.00 0.00 0.00 0.00 74.41 -1.88 74.78 -2.46 7.40 -18.05 -1.75 -18.69
1684258516738428 80.00 0.00 0.00 0.00 75.48 -1.83 74.92 -2.30 7.28 -17.92 1.30 -18.53
1684258516755135 80.00 0.00 0.00 0.00 75.48 -1.83 75.04 -2.75 -8.35 -9.42 0.41 -16.43
1684258516771505 80.00 0.00 0.00 0.00 74.36 -3.09 74.90 -2.76 -7.15 27.47 -1.32 -6.93
1684258516787075 80.00 0.00 0.00 0.00 75.48 -1.83 74.78 -2.47 8.55 0.42 0.79 -5.71
1684258516805394 80.00 0.00 0.00 0.00 74.36 -3.09 74.78 -2.47 6.44 -16.06 2.69 -6.47
1684258516819492 80.00 0.00 0.00 0.00 74.61 4.21 74.68 -1.56 0.00 0.00 1.77 -4.20
1684258516835793 80.00 0.00 0.00 0.00 74.36 -3.09 74.82 -1.55 6.24 -55.56 2.55 -11.14
1684258516852204 80.00 0.00 0.00 0.00 74.19 -6.70 74.79 -2.16 -8.20 -0.38 0.60 -8.93
1684258516868476 80.00 0.00 0.00 0.00 74.41 -1.88 74.66 -2.16 1.66 37.06 -0.10 -2.06
1684258516884682 80.00 0.00 0.00 0.00 73.28 -3.14 74.38 -2.33 8.23 0.38 1.97 -0.84
1684258516902577 80.00 0.00 0.00 0.00 75.43 -3.04 74.52 -2.32 15.32 9.14 4.78 -3.13
1684258516917048 80.00 0.00 0.00 0.00 74.46 -0.67 74.39 -2.17 -9.19 -0.45 2.56 -3.23
1684258516935381 80.00 0.00 0.00 0.00 73.33 -1.93 74.26 -2.03 6.96 -7.94 2.63 -2.22
1684258516949854 80.00 0.00 0.00 0.00 74.36 -3.09 74.23 -2.94 8.89 -10.05 3.74 -3.48
1684258516965972 80.00 0.00 0.00 0.00 75.43 -3.04 74.36 -2.93 1.95 56.60 3.20 10.55
1684258516982673 80.00 0.00 0.00 0.00 73.12 -6.76 74.23 -2.94 -7.97 -0.39 3.23 10.54
1684258516999732 80.00 0.00 0.00 0.00 74.41 -1.88 74.23 -2.94 7.84 0.43 4.00 5.97
1684258517013212 80.00 0.00 0.00 0.00 74.41 -1.88 74.37 -2.78 0.00 0.00 2.97 5.92
1684258517030479 80.00 0.00 0.00 0.00 74.41 -1.88 74.24 -2.64 -8.15 -9.12 0.04 3.64
1684258517046530 80.00 0.00 0.00 0.00 74.41 -1.88 74.24 -2.79 7.91 -9.02 2.18 2.56
1684258517063539 80.00 0.00 0.00 0.00 74.61 4.21 74.40 -2.02 0.34 8.91 1.35 4.67
1684258517079568 80.00 0.00 0.00 0.00 74.36 -3.09 74.40 -2.02 -9.99 -47.84 -1.01 -0.05
1684258517097227 80.00 0.00 0.00 0.00 74.41 -1.88 74.27 -1.88 0.00 0.00 -1.25 -7.13
1684258517111397 80.00 0.00 0.00 0.00 74.58 2.99 74.45 -0.66 8.96 -10.22 0.86 -8.36
1684258517127267 80.00 0.00 0.00 0.00 75.48 -1.83 74.58 -0.66 -11.45 -76.79 -1.55 -18.01
1684258517144204 80.00 0.00 0.00 0.00 76.53 -1.78 74.85 -0.64 -7.87 -0.36 -2.53 -18.06
1684258517160118 80.00 0.00 0.00 0.00 75.48 -1.83 74.98 -0.64 -16.66 -0.78 -3.60 -17.01
1684258517176107 80.00 0.00 0.00 0.00 75.48 -1.83 75.12 -0.63 -8.34 -0.38 -5.63 -15.93
1684258517192785 80.00 0.00 0.00 0.00 75.48 -1.83 75.22 -1.39 -7.99 -0.37 -6.67 -17.09
1684258517209195 80.00 0.00 0.00 0.00 75.48 -1.83 75.36 -1.23 -6.59 46.00 -6.24 -5.36
1684258517225335 80.00 0.00 0.00 0.00 75.65 3.02 75.52 -0.61 -8.64 -9.75 -7.32 -6.58
1684258517241530 80.00 0.00 0.00 0.00 75.43 -3.04 75.62 -1.37 -9.58 -37.84 -9.64 -10.04
1684258517257707 80.00 0.00 0.00 0.00 75.53 -0.62 75.63 -1.22 -6.55 46.55 -9.03 5.38
1684258517273341 80.00 0.00 0.00 0.00 76.58 -0.57 75.64 -1.07 -0.39 -9.67 -8.09 4.22
1684258517290775 80.00 0.00 0.00 0.00 75.48 -1.83 75.64 -1.07 -0.36 -8.65 -6.06 3.24
1684258517311407 80.00 0.00 0.00 0.00 76.58 -0.57 75.77 -0.91 0.00 0.00 -5.01 3.28
1684258517323412 80.00 0.00 0.00 0.00 75.53 -0.62 75.78 -0.76 -11.50 -13.10 -5.45 1.69
1684258517340245 80.00 0.00 0.00 0.00 74.46 -0.67 75.65 -0.61 -0.36 -8.98 -4.67 -5.18
1684258517354639 80.00 0.00 0.00 0.00 75.65 3.02 75.65 -0.61 8.86 -10.11 -2.48 -5.23
1684258517370811 80.00 0.00 0.00 0.00 75.53 -0.62 75.67 -0.31 0.00 0.00 -1.29 -0.50
1684258517387427 80.00 0.00 0.00 0.00 76.58 -0.57 75.80 -0.30 -0.75 -18.18 -0.56 -8.59
1684258517403795 80.00 0.00 0.00 0.00 76.53 -1.78 75.79 -0.45 -8.07 -0.36 -1.52 -7.42
1684258517420195 80.00 0.00 0.00 0.00 76.53 -1.78 75.92 -0.45 0.38 9.20 -1.43 -5.19
1684258517435809 80.00 0.00 0.00 0.00 76.58 -0.57 75.92 -0.45 -8.44 -0.41 -2.48 -5.24
1684258517452594 80.00 0.00 0.00 0.00 75.31 -5.44 75.90 -1.05 -0.00 0.00 -1.05 -3.61
1684258517470811 80.00 0.00 0.00 0.00 75.48 -1.83 76.02 -1.20 1.46 33.09 -0.82 1.65
1684258517485006 80.00 0.00 0.00 0.00 75.61 1.81 76.02 -1.35 -8.99 10.25 -3.05 4.20
1684258517501736 80.00 0.00 0.00 0.00 75.53 -0.62 76.02 -1.35 0.29 9.09 -3.01 5.33
1684258517517602 80.00 0.00 0.00 0.00 76.58 -0.57 76.02 -1.35 0.00 0.00 -2.92 7.61
1684258517533771 80.00 0.00 0.00 0.00 76.58 -0.57 76.03 -1.20 0.00 0.00 -1.91 7.65
1684258517549763 80.00 0.00 0.00 0.00 73.63 9.09 75.66 0.16 -0.39 -9.43 -2.01 5.32
1684258517566876 80.00 0.00 0.00 0.00 76.58 -0.57 75.66 0.16 21.20 -79.40 1.70 -4.55
1684258517581929 80.00 0.00 0.00 0.00 76.63 0.64 75.83 0.92 0.00 0.00 1.70 -4.55
1684258517599521 80.00 0.00 0.00 0.00 76.79 5.50 75.99 1.84 -9.35 -43.20 0.35 -14.09
1684258517614882 80.00 0.00 0.00 0.00 77.67 0.68 76.25 1.70 -10.65 -59.62 0.14 -22.82
1684258517631199 80.00 0.00 0.00 0.00 76.58 -0.57 76.38 1.70 -15.79 8.61 -1.87 -22.88
1684258517647309 80.00 0.00 0.00 0.00 76.58 -0.57 76.38 1.70 -8.20 -0.37 -2.90 -22.93
1684258517663627 80.00 0.00 0.00 0.00 77.67 0.68 76.52 1.86 0.00 0.00 -2.90 -22.93
1684258517679651 80.00 0.00 0.00 0.00 75.53 -0.62 76.75 0.65 -8.52 -9.80 -3.91 -22.97
1684258517696800 80.00 0.00 0.00 0.00 75.61 1.81 76.63 0.94 -13.82 70.78 -8.29 -4.20
1684258517713774 80.00 0.00 0.00 0.00 76.58 -0.57 76.63 0.79 7.13 -17.52 -7.40 -6.39
1684258517729030 80.00 0.00 0.00 0.00 75.48 -1.83 76.46 -0.12 0.39 9.91 -6.18 0.25
1684258517746013 80.00 0.00 0.00 0.00 75.25 -6.64 76.16 -1.04 9.63 53.92 -3.65 14.44
1684258517761455 80.00 0.00 0.00 0.00 75.53 -0.62 76.03 -1.05 19.61 59.29 0.78 20.78
1684258517777699 80.00 0.00 0.00 0.00 76.58 -0.57 76.03 -1.05 8.13 0.37 2.82 20.87
1684258517794179 80.00 0.00 0.00 0.00 75.48 -1.83 75.75 -1.36 0.00 0.00 2.82 20.87
1684258517809959 80.00 0.00 0.00 0.00 76.58 -0.57 75.89 -1.35 17.41 19.91 6.06 24.58
1684258517826234 80.00 0.00 0.00 0.00 75.48 -1.83 75.87 -1.81 -8.11 -0.37 6.77 15.69
1684258517842666 80.00 0.00 0.00 0.00 76.53 -1.78 75.86 -1.96 1.03 27.67 6.01 21.34
1684258517859321 80.00 0.00 0.00 0.00 75.48 -1.83 75.86 -1.96 0.38 9.06 6.01 21.23
1684258517876779 80.00 0.00 0.00 0.00 73.33 -1.93 75.62 -1.37 0.00 0.00 4.81 14.49
1684258517892736 80.00 0.00 0.00 0.00 75.48 -1.83 75.62 -1.52 15.04 -36.94 4.23 2.46
1684258517907430 80.00 0.00 0.00 0.00 73.52 4.18 75.23 -0.93 0.41 10.29 3.27 3.70
1684258517923761 80.00 0.00 0.00 0.00 75.53 -0.62 75.24 -0.78 23.40 -36.35 6.19 -0.84
1684258517941835 80.00 0.00 0.00 0.00 76.58 -0.57 75.24 -0.78 -0.33 -8.37 3.98 -4.38
1684258517956726 80.00 0.00 0.00 0.00 75.53 -0.62 75.25 -0.63 0.00 0.00 4.99 -4.33
1684258517972803 80.00 0.00 0.00 0.00 75.48 -1.83 75.12 -0.63 -0.38 -9.41 4.82 -8.96
1684258517990240 80.00 0.00 0.00 0.00 75.53 -0.62 75.12 -0.48 7.56 0.37 5.71 -10.05
1684258518007185 80.00 0.00 0.00 0.00 75.53 -0.62 75.40 -0.32 -0.36 -8.93 5.67 -11.17
1684258518020915 80.00 0.00 0.00 0.00 75.53 -0.62 75.40 -0.17 -19.97 -11.89 1.29 -8.03
1684258518037920 80.00 0.00 0.00 0.00 75.53 -0.62 75.65 -0.77 -0.36 -8.89 1.20 -10.43
1684258518053357 80.00 0.00 0.00 0.00 75.72 5.46 75.68 -0.01 -16.21 38.84 -3.76 -1.03
1684258518069312 80.00 0.00 0.00 0.00 76.58 -0.57 75.68 -0.01 -1.53 -47.66 -3.91 -5.95
1684258518085175 80.00 0.00 0.00 0.00 76.63 0.64 75.81 0.15 0.00 0.00 -3.91 -5.95
1684258518103611 80.00 0.00 0.00 0.00 74.64 5.43 75.71 1.06 -7.48 -8.52 -4.79 -5.84
1684258518118594 80.00 0.00 0.00 0.00 75.57 0.59 75.72 1.21 6.95 -60.59 -4.87 -13.45
1684258518135082 80.00 0.00 0.00 0.00 75.61 1.81 75.73 1.51 -0.34 -9.19 -4.87 -13.49
1684258518150352 80.00 0.00 0.00 0.00 76.63 0.64 75.86 1.67 -0.72 -19.87 -2.46 -14.49
1684258518167677 80.00 0.00 0.00 0.00 76.67 1.85 76.01 1.98 -7.96 -9.07 -3.41 -14.51
1684258518182923 80.00 0.00 0.00 0.00 76.67 1.85 76.13 1.53 -9.41 -20.24 -2.56 -21.89
1684258518199468 80.00 0.00 0.00 0.00 76.63 0.64 76.13 1.68 -7.19 27.31 -3.27 -12.52
1684258518215356 80.00 0.00 0.00 0.00 76.63 0.64 76.13 1.68 -0.37 -9.51 -3.31 -13.71
1684258518232143 80.00 0.00 0.00 0.00 75.72 5.46 76.27 1.68 0.00 0.00 -2.38 -12.65
1684258518248775 80.00 0.00 0.00 0.00 76.63 0.64 76.40 1.69 -8.10 -0.23 -4.26 -5.10
1684258518265154 80.00 0.00 0.00 0.00 77.40 -5.32 76.62 0.80 -8.08 -0.34 -5.23 -3.99
1684258518283051 80.00 0.00 0.00 0.00 76.67 1.85 76.63 0.95 -12.45 49.77 -6.69 4.71
1684258518297768 80.00 0.00 0.00 0.00 75.65 3.02 76.50 1.10 -0.37 -10.29 -5.75 4.56
1684258518313091 80.00 0.00 0.00 0.00 76.75 4.28 76.51 1.40 8.33 -9.59 -3.53 5.89
1684258518329478 80.00 0.00 0.00 0.00 76.63 0.64 76.51 1.40 -0.60 -18.53 -2.71 0.16
1684258518347061 80.00 0.00 0.00 0.00 76.63 0.64 76.51 1.40 0.00 0.00 -2.66 1.35
1684258518362924 80.00 0.00 0.00 0.00 76.63 0.64 76.62 0.80 0.00 0.00 -2.66 1.35
1684258518378343 80.00 0.00 0.00 0.00 76.63 0.64 76.62 0.80 -7.36 39.13 -2.57 6.27
1684258518394837 80.00 0.00 0.00 0.00 75.57 0.59 76.40 1.54 0.00 0.00 -1.56 6.31
1684258518411737 80.00 0.00 0.00 0.00 76.67 1.85 76.40 1.54 13.50 -43.72 1.69 -5.38
1684258518427559 80.00 0.00 0.00 0.00 76.90 10.38 76.55 2.46 -0.00 0.00 1.73 -4.09
1684258518443026 80.00 0.00 0.00 0.00 76.63 0.64 76.54 2.00 -10.05 -59.47 -0.56 -10.32
1684258518460342 80.00 0.00 0.00 0.00 77.72 1.89 76.67 2.16 0.89 26.29 -0.38 -4.72
1684258518479077 80.00 0.00 0.00 0.00 76.42 -4.18 76.65 1.56 -7.28 -8.37 -1.29 -5.77
1684258518493221 80.00 0.00 0.00 0.00 78.75 1.94 76.91 1.72 1.84 42.61 -1.06 -0.44
1684258518507631 80.00 0.00 0.00 0.00 75.61 1.81 76.78 1.86 -18.44 -11.28 -2.44 -6.74
1684258518524306 80.00 0.00 0.00 0.00 77.72 1.89 77.05 2.03 7.62 -8.77 -1.49 -7.84
1684258518540567 80.00 0.00 0.00 0.00 77.76 3.10 77.19 2.18 -16.52 -9.99 -5.24 -3.62
1684258518557606 80.00 0.00 0.00 0.00 77.72 1.89 77.29 1.12 -7.99 -9.20 -6.24 -4.77
1684258518573287 80.00 0.00 0.00 0.00 77.67 0.68 77.42 1.13 -6.57 67.68 -5.81 11.12
1684258518589176 80.00 0.00 0.00 0.00 76.67 1.85 77.29 1.12 -8.23 -0.37 -6.95 7.79
1684258518607162 80.00 0.00 0.00 0.00 77.72 1.89 77.45 1.88 7.28 0.30 -5.13 8.87
1684258518622210 80.00 0.00 0.00 0.00 78.48 -4.06 77.42 1.13 -10.79 -50.47 -6.71 -2.76
1684258518638549 80.00 0.00 0.00 0.00 76.71 3.06 77.56 1.29 2.07 45.90 -4.14 4.39
1684258518654753 80.00 0.00 0.00 0.00 77.72 1.89 77.56 1.29 -8.49 -9.68 -6.16 4.27
1684258518671596 80.00 0.00 0.00 0.00 78.75 1.94 77.68 1.14 -0.00 0.00 -4.09 5.52
1684258518687821 80.00 0.00 0.00 0.00 79.78 1.98 77.94 1.15 -7.64 8.98 -4.05 7.79
1684258518703589 80.00 0.00 0.00 0.00 76.71 3.06 77.82 1.45 -16.30 -0.73 -5.26 -0.76
1684258518720577 80.00 0.00 0.00 0.00 78.80 3.14 78.09 1.61 7.07 -17.51 -3.35 -2.90
1684258518737521 80.00 0.00 0.00 0.00 78.80 3.14 78.22 1.77 -15.68 -9.56 -6.22 -4.13
1684258518751927 80.00 0.00 0.00 0.00 78.84 4.35 78.26 2.82 -9.36 -10.87 -6.04 0.82
1684258518769904 80.00 0.00 0.00 0.00 78.84 4.35 78.53 2.98 -2.48 -58.53 -6.61 -12.24
1684258518791592 80.00 0.00 0.00 0.00 80.83 3.23 78.92 3.15 -12.25 -7.44 -7.08 -11.96
1684258518804092 80.00 0.00 0.00 0.00 79.82 3.19 79.05 3.31 -31.11 -13.41 -10.97 -13.63
1684258518816914 80.00 0.00 0.00 0.00 76.92 11.61 78.69 4.51 -10.40 -12.19 -11.31 -16.28
1684258518833309 80.00 0.00 0.00 0.00 78.80 3.14 78.96 4.52 21.80 -73.38 -6.55 -25.36
1684258518850357 80.00 0.00 0.00 0.00 77.76 3.10 78.83 4.52 -15.29 -0.60 -9.35 -23.25
1684258518865882 80.00 0.00 0.00 0.00 81.83 3.28 79.20 4.53 8.34 0.34 -6.34 -22.01
1684258518882221 80.00 0.00 0.00 0.00 80.83 3.23 79.45 4.39 -23.17 -1.03 -8.07 -20.78
1684258518898576 80.00 0.00 0.00 0.00 80.88 4.43 79.71 4.40 -15.22 8.57 -9.66 -12.39
1684258518917314 80.00 0.00 0.00 0.00 79.82 3.19 79.58 4.40 -13.58 -0.54 -9.83 -11.53
1684258518930968 80.00 0.00 0.00 0.00 80.83 3.23 79.71 4.40 9.24 0.41 -4.78 -9.80
1684258518947439 80.00 0.00 0.00 0.00 80.73 0.83 80.19 3.06 -7.66 -0.34 -4.44 -8.32
1684258518963367 80.00 0.00 0.00 0.00 80.99 8.06 80.46 3.67 -29.96 84.55 -10.91 11.42
1684258518980089 80.00 0.00 0.00 0.00 80.73 0.83 80.83 3.39 -16.35 -36.71 -11.05 6.91
1684258518995662 80.00 0.00 0.00 0.00 80.88 4.43 80.71 3.53 -23.84 18.21 -15.07 9.14
1684258519012022 80.00 0.00 0.00 0.00 81.73 0.89 80.82 3.24 7.28 -8.84 -11.26 8.16
1684258519028075 80.00 0.00 0.00 0.00 81.73 0.89 80.93 2.79 -6.97 18.27 -10.23 9.38
1684258519043641 80.00 0.00 0.00 0.00 80.68 -0.36 81.04 2.35 -6.84 28.50 -9.39 13.01
1684258519061000 80.00 0.00 0.00 0.00 81.87 4.48 81.17 2.51 -6.17 25.56 -11.32 16.15
1684258519076762 80.00 0.00 0.00 0.00 81.67 -0.31 81.28 2.36 -8.26 -9.88 -11.39 14.96
1684258519092874 80.00 0.00 0.00 0.00 80.83 3.23 81.26 1.76 -7.27 8.84 -8.55 5.49
1684258519109159 80.00 0.00 0.00 0.00 81.67 -0.31 81.38 1.62 1.19 37.02 -6.36 14.71
