#Task Selector: 5
#PID Parameters: kp: 0.08, kd: 0.03, ki: 0.02
#n_pos: 8
#n_vel: 8
t x_ref y_ref vx_ref vy_ref x_raw y_raw x y vx_raw vy_raw vx vy
1684257410064006 0.00 0.00 0.00 0.00 -0.48 7.75 -0.06 0.97 0.00 0.00 0.00 0.00
1684257410064007 0.00 0.00 0.00 0.00 -1.72 7.74 -0.28 1.94 3.49 -56.46 0.44 -7.06
1684257410080106 0.00 0.00 0.00 0.00 -1.72 8.99 -0.49 3.06 13.39 -60.14 2.11 -14.57
1684257410096813 0.00 0.00 0.00 0.00 -0.48 8.99 -0.55 4.18 12.89 -67.29 3.72 -22.99
1684257410112482 0.00 0.00 0.00 0.00 -0.48 8.99 -0.61 5.31 3.81 -71.76 4.20 -31.95
1684257410128735 0.00 0.00 0.00 0.00 -1.72 10.24 -0.83 6.59 3.67 -69.18 4.66 -40.60
1684257410145128 0.00 0.00 0.00 0.00 -0.48 11.49 -0.88 8.03 13.13 -78.09 6.30 -50.36
1684257410162342 0.00 0.00 0.00 0.00 -0.47 12.74 -0.94 9.62 3.45 -83.43 6.73 -60.79
1684257410177336 0.00 0.00 0.00 0.00 -0.47 12.74 -0.94 10.24 3.96 -106.17 7.22 -74.06
1684257410194050 0.00 0.00 0.00 0.00 -0.47 15.23 -0.79 11.18 -0.03 -37.31 6.78 -71.67
1684257410210659 0.00 0.00 0.00 0.00 -0.48 11.49 -0.63 11.49 -9.42 -56.30 3.93 -71.19
1684257410227040 0.00 0.00 0.00 0.00 0.77 12.74 -0.48 11.96 -9.52 -19.04 1.13 -65.16
1684257410242699 0.00 0.00 0.00 0.00 0.77 13.98 -0.32 12.58 -9.96 -29.87 -0.59 -59.92
1684257410258857 0.00 0.00 0.00 0.00 0.77 15.23 -0.01 13.20 -9.66 -38.58 -2.26 -56.10
1684257410275100 0.00 0.00 0.00 0.00 2.02 13.98 0.30 13.51 -19.19 -38.36 -6.30 -51.13
1684257410291270 0.00 0.00 0.00 0.00 2.02 15.23 0.61 13.83 -19.25 -19.27 -9.13 -43.11
1684257410307526 0.00 0.00 0.00 0.00 3.26 12.74 1.08 13.83 -19.15 -19.16 -12.02 -32.24
1684257410324041 0.00 0.00 0.00 0.00 3.26 12.74 1.55 13.51 -28.26 -0.01 -15.55 -27.57
1684257410339796 0.00 0.00 0.00 0.00 4.50 12.74 2.17 13.67 -29.61 19.75 -18.07 -18.07
1684257410357371 0.00 0.00 0.00 0.00 5.75 10.24 2.79 13.36 -35.41 -8.87 -21.31 -16.80
1684257410372851 0.00 0.00 0.00 0.00 5.75 9.00 3.42 12.74 -40.20 20.12 -25.09 -10.55
1684257410388861 0.00 0.00 0.00 0.00 6.99 10.24 4.19 12.11 -38.87 38.92 -28.74 -0.86
1684257410404895 0.00 0.00 0.00 0.00 8.24 7.75 4.97 11.33 -48.51 38.84 -32.41 8.79
1684257410422878 0.00 0.00 0.00 0.00 8.24 6.50 5.75 10.24 -43.28 43.34 -35.41 16.62
1684257410437798 0.00 0.00 0.00 0.00 10.74 6.49 6.68 9.46 -52.17 73.14 -39.54 28.15
1684257410454116 0.00 0.00 0.00 0.00 11.99 5.24 7.77 8.52 -57.27 47.82 -43.16 34.13
1684257410470047 0.00 0.00 0.00 0.00 13.24 3.99 8.87 7.43 -68.47 58.82 -48.02 39.02
1684257410487043 0.00 0.00 0.00 0.00 11.99 2.74 9.65 6.49 -64.23 64.36 -51.62 48.17
1684257410502636 0.00 0.00 0.00 0.00 17.00 1.47 11.05 5.55 -50.04 60.19 -52.85 53.18
1684257410518593 0.00 0.00 0.00 0.00 18.25 0.21 12.46 4.30 -88.12 58.99 -59.01 55.69
1684257410535530 0.00 0.00 0.00 0.00 18.26 -1.05 13.71 3.20 -83.11 74.09 -63.34 60.09
1684257410551439 0.00 0.00 0.00 0.00 19.52 -2.32 15.12 2.09 -78.72 69.13 -67.77 63.32
1684257410567489 0.00 0.00 0.00 0.00 22.04 -3.59 16.53 0.83 -87.84 68.65 -72.23 62.76
1684257410584324 0.00 0.00 0.00 0.00 19.53 -4.84 17.48 -0.43 -83.92 74.86 -75.56 66.14
1684257410600367 0.00 0.00 0.00 0.00 23.30 -4.86 18.74 -1.53 -58.79 78.53 -74.35 68.60
1684257410616583 0.00 0.00 0.00 0.00 22.06 -7.37 19.99 -2.79 -77.58 68.16 -76.02 69.07
1684257410632629 0.00 0.00 0.00 0.00 23.32 -8.64 20.78 -4.06 -78.41 78.75 -79.56 71.39
1684257410650005 0.00 0.00 0.00 0.00 23.33 -9.91 21.42 -5.32 -45.49 72.72 -74.23 73.11
1684257410664919 0.00 0.00 0.00 0.00 27.10 -9.92 22.52 -6.43 -42.51 84.75 -69.16 74.44
1684257410683570 0.00 0.00 0.00 0.00 24.59 -11.18 23.16 -7.54 -59.27 59.46 -66.73 73.23
1684257410697471 0.00 0.00 0.00 0.00 27.11 -12.45 23.79 -8.65 -45.60 79.66 -61.45 74.61
1684257410714820 0.00 0.00 0.00 0.00 25.86 -13.71 24.58 -9.75 -36.58 63.85 -55.53 73.23
1684257410731374 0.00 0.00 0.00 0.00 25.86 -13.71 24.90 -10.86 -47.79 66.98 -54.16 71.79
1684257410746408 0.00 0.00 0.00 0.00 28.38 -13.72 25.69 -11.65 -21.28 73.60 -47.12 72.47
1684257410762478 0.00 0.00 0.00 0.00 25.86 -14.97 26.01 -12.44 -49.18 49.34 -43.46 68.80
1684257410778990 0.00 0.00 0.00 0.00 25.87 -16.23 26.33 -13.24 -19.26 47.91 -40.18 65.69
1684257410796738 0.00 0.00 0.00 0.00 25.86 -14.97 26.17 -13.87 -17.90 44.56 -37.11 60.67
1684257410811539 0.00 0.00 0.00 0.00 25.87 -16.23 26.33 -14.50 10.47 42.62 -28.39 58.57
1684257410827967 0.00 0.00 0.00 0.00 25.87 -16.23 26.18 -14.97 -9.72 38.48 -23.91 53.42
1684257410843998 0.00 0.00 0.00 0.00 25.87 -16.23 26.18 -15.29 9.72 29.50 -18.12 49.13
1684257410863790 0.00 0.00 0.00 0.00 23.35 -17.49 25.87 -15.76 -0.05 15.95 -12.15 42.75
1684257410876686 0.00 0.00 0.00 0.00 22.09 -14.96 25.08 -15.91 24.28 36.65 -6.46 38.13
1684257410894328 0.00 0.00 0.00 0.00 23.35 -17.49 24.77 -16.23 44.56 8.80 5.26 33.06
1684257410910163 0.00 0.00 0.00 0.00 23.35 -17.49 24.45 -16.39 19.83 19.90 10.15 29.56
1684257410925458 0.00 0.00 0.00 0.00 22.09 -14.96 23.98 -16.39 20.54 10.26 14.95 25.27
1684257410941285 0.00 0.00 0.00 0.00 22.09 -16.22 23.51 -16.38 29.82 -0.10 17.37 19.93
1684257410958095 0.00 0.00 0.00 0.00 22.09 -16.22 23.04 -16.38 28.07 -0.08 22.10 15.11
1684257410975280 0.00 0.00 0.00 0.00 20.83 -14.95 22.41 -16.22 27.46 -0.08 24.31 11.41
1684257410990426 0.00 0.00 0.00 0.00 19.58 -16.21 21.94 -16.06 41.57 -10.56 29.52 8.10
1684257411005838 0.00 0.00 0.00 0.00 18.31 -13.68 21.46 -15.90 30.63 -10.34 30.31 2.22
1684257411022051 0.00 0.00 0.00 0.00 17.06 -13.67 20.68 -15.43 29.12 -9.86 28.38 -0.11
1684257411038472 0.00 0.00 0.00 0.00 15.79 -12.40 19.73 -14.79 47.95 -29.03 31.90 -6.22
1684257411054899 0.00 0.00 0.00 0.00 17.05 -12.41 19.10 -14.47 57.53 -38.69 36.52 -12.34
1684257411070189 0.00 0.00 0.00 0.00 14.54 -12.40 18.16 -13.99 41.19 -20.84 37.94 -14.94
1684257411088199 0.00 0.00 0.00 0.00 13.28 -11.13 17.06 -13.36 52.43 -26.52 40.99 -18.24
1684257411103029 0.00 0.00 0.00 0.00 13.28 -11.13 16.11 -12.88 74.28 -42.91 46.84 -23.60
1684257411119367 0.00 0.00 0.00 0.00 13.28 -9.87 15.32 -12.09 57.77 -29.25 48.86 -25.93
1684257411135894 0.00 0.00 0.00 0.00 13.28 -9.87 14.69 -11.61 47.65 -48.02 50.99 -30.64
1684257411152357 0.00 0.00 0.00 0.00 12.02 -8.60 14.06 -10.98 38.23 -28.96 52.13 -33.03
1684257411168886 0.00 0.00 0.00 0.00 10.76 -7.33 13.44 -10.34 38.08 -38.40 50.90 -34.20
1684257411184941 0.00 0.00 0.00 0.00 10.76 -7.33 12.65 -9.71 39.17 -39.51 48.60 -34.30
1684257411201593 0.00 0.00 0.00 0.00 12.01 -6.07 12.33 -8.91 47.20 -38.13 49.35 -36.46
1684257411218131 0.00 0.00 0.00 0.00 10.76 -6.07 12.02 -8.28 19.09 -47.84 45.18 -39.13
1684257411233002 0.00 0.00 0.00 0.00 10.76 -6.07 11.70 -7.65 21.18 -42.56 38.55 -39.08
1684257411249130 0.00 0.00 0.00 0.00 10.76 -6.07 11.39 -7.17 19.53 -39.24 33.77 -40.33
1684257411265454 0.00 0.00 0.00 0.00 10.76 -3.55 11.07 -6.38 19.27 -29.08 30.22 -37.97
1684257411284372 0.00 0.00 0.00 0.00 10.76 -4.81 10.92 -5.91 16.66 -41.76 27.52 -39.57
1684257411299145 0.00 0.00 0.00 0.00 13.26 -3.55 11.23 -5.44 10.68 -32.08 24.10 -38.78
1684257411315254 0.00 0.00 0.00 0.00 13.25 -1.03 11.54 -4.65 -19.35 -29.32 16.78 -37.50
1684257411330345 0.00 0.00 0.00 0.00 14.51 -3.56 11.85 -4.34 -20.60 -52.15 8.31 -39.25
1684257411346883 0.00 0.00 0.00 0.00 14.51 -3.56 12.32 -4.02 -18.87 -19.01 3.56 -35.65
1684257411363232 0.00 0.00 0.00 0.00 13.25 -2.29 12.63 -3.55 -28.66 -19.20 -2.67 -32.73
1684257411379419 0.00 0.00 0.00 0.00 13.27 -8.60 12.95 -3.87 -19.25 -29.15 -7.52 -31.47
1684257411395847 0.00 0.00 0.00 0.00 14.51 -2.30 13.41 -3.71 -19.11 19.27 -12.31 -25.42
1684257411413374 0.00 0.00 0.00 0.00 15.76 -2.30 14.04 -3.40 -26.75 -8.91 -17.74 -21.32
1684257411428388 0.00 0.00 0.00 0.00 15.76 -2.30 14.35 -3.24 -41.63 -20.86 -24.28 -19.91
1684257411445283 0.00 0.00 0.00 0.00 15.76 -2.30 14.67 -3.40 -18.50 -9.26 -24.17 -17.41
1684257411462823 0.00 0.00 0.00 0.00 18.26 -2.31 15.14 -3.25 -17.87 9.03 -23.83 -9.76
1684257411478289 0.00 0.00 0.00 0.00 18.26 -2.31 15.60 -3.09 -30.35 -10.06 -25.27 -8.64
1684257411493115 0.00 0.00 0.00 0.00 20.79 -6.10 16.55 -3.57 -31.66 -10.50 -25.64 -7.55
1684257411509395 0.00 0.00 0.00 0.00 20.77 -2.32 17.48 -2.78 -57.88 29.27 -30.47 -0.25
1684257411526002 0.00 0.00 0.00 0.00 20.77 -2.32 18.27 -2.78 -56.46 -47.26 -35.14 -8.57
1684257411542435 0.00 0.00 0.00 0.00 20.78 -3.58 18.90 -2.94 -47.69 0.19 -37.76 -7.43
1684257411558340 0.00 0.00 0.00 0.00 22.04 -3.59 19.68 -3.11 -39.48 10.07 -37.49 -3.56
1684257411574357 0.00 0.00 0.00 0.00 22.04 -3.59 20.47 -3.27 -49.01 10.05 -41.30 -1.15
1684257411592385 0.00 0.00 0.00 0.00 22.04 -3.59 20.94 -3.43 -43.54 8.92 -44.51 -1.16
1684257411606843 0.00 0.00 0.00 0.00 23.29 -3.59 21.57 -3.59 -32.62 11.04 -44.79 1.47
1684257411625381 0.00 0.00 0.00 0.00 20.78 -3.58 21.56 -3.27 -33.92 8.66 -45.07 3.87
1684257411639735 0.00 0.00 0.00 0.00 25.81 -3.61 22.19 -3.43 0.11 -21.97 -37.83 -2.54
1684257411656819 0.00 0.00 0.00 0.00 24.56 -4.86 22.67 -3.75 -36.86 9.41 -35.37 4.55
1684257411671862 0.00 0.00 0.00 0.00 23.29 -2.33 22.98 -3.59 -31.45 21.10 -33.34 7.16
1684257411689074 0.00 0.00 0.00 0.00 23.30 -4.86 23.14 -3.75 -18.21 -9.06 -30.69 4.77
1684257411705004 0.00 0.00 0.00 0.00 25.82 -4.87 23.61 -3.91 -9.92 9.94 -25.80 4.76
1684257411721026 0.00 0.00 0.00 0.00 23.30 -4.86 23.77 -4.07 -29.50 9.99 -24.05 4.89
1684257411737056 0.00 0.00 0.00 0.00 22.04 -4.85 23.61 -4.23 -9.86 9.88 -21.20 4.74
1684257411754409 0.00 0.00 0.00 0.00 22.04 -4.85 23.77 -4.39 9.01 9.04 -15.83 4.79
1684257411770057 0.00 0.00 0.00 0.00 22.05 -6.11 23.30 -4.70 -10.09 10.12 -17.11 8.80
1684257411786087 0.00 0.00 0.00 0.00 23.31 -6.12 23.14 -4.85 29.34 19.52 -8.83 10.07
1684257411802527 0.00 0.00 0.00 0.00 20.79 -4.84 22.83 -5.17 9.52 9.54 -3.71 8.62
1684257411818312 0.00 0.00 0.00 0.00 22.05 -6.11 22.67 -5.33 19.81 19.86 1.04 12.24
1684257411835648 0.00 0.00 0.00 0.00 20.79 -6.10 22.05 -5.48 9.02 9.05 3.41 12.13
1684257411852478 0.00 0.00 0.00 0.00 19.54 -6.10 21.58 -5.64 37.33 9.18 11.76 12.02
1684257411869208 0.00 0.00 0.00 0.00 19.53 -4.84 21.26 -5.63 28.13 9.29 16.51 11.95
1684257411884272 0.00 0.00 0.00 0.00 18.28 -6.09 20.79 -5.79 20.85 -0.10 17.99 10.81
1684257411900108 0.00 0.00 0.00 0.00 15.77 -6.08 20.01 -5.79 29.70 9.82 22.96 10.77
1684257411915931 0.00 0.00 0.00 0.00 15.77 -6.08 19.07 -5.78 49.59 -0.22 25.49 8.30
1684257411933974 0.00 0.00 0.00 0.00 15.77 -6.08 18.44 -5.94 52.21 -0.24 30.83 7.08
1684257411948236 0.00 0.00 0.00 0.00 15.78 -7.35 17.65 -6.09 43.96 10.87 33.85 5.96
1684257411964791 0.00 0.00 0.00 0.00 13.27 -6.07 16.71 -6.09 47.37 9.32 38.64 5.99
1684257411982260 0.00 0.00 0.00 0.00 13.27 -6.07 15.93 -6.08 53.86 -0.22 40.71 4.82
1684257411997753 0.00 0.00 0.00 0.00 13.27 -6.07 15.15 -6.24 50.60 -0.20 43.52 3.63
1684257412012513 0.00 0.00 0.00 0.00 13.27 -6.07 14.52 -6.24 53.06 10.48 47.54 4.95
1684257412030527 0.00 0.00 0.00 0.00 13.27 -7.34 14.21 -6.39 34.80 -0.13 48.18 3.71
1684257412044735 0.00 0.00 0.00 0.00 10.76 -6.07 13.58 -6.39 22.02 11.03 44.73 5.12
1684257412062160 0.00 0.00 0.00 0.00 12.01 -4.81 13.11 -6.23 35.95 -0.11 42.70 5.13
1684257412078493 0.00 0.00 0.00 0.00 10.76 -6.07 12.48 -6.07 28.80 -9.75 40.81 2.55
1684257412095254 0.00 0.00 0.00 0.00 12.01 -6.07 12.33 -6.07 37.41 -9.53 39.56 0.20
1684257412110377 0.00 0.00 0.00 0.00 12.01 -6.07 12.17 -6.07 10.35 -0.03 34.12 0.22
1684257412126434 0.00 0.00 0.00 0.00 9.51 -4.80 11.70 -5.91 9.75 -0.03 29.02 0.24
1684257412142464 0.00 0.00 0.00 0.00 10.76 -4.81 11.39 -5.75 29.31 -9.91 26.05 -2.31
1684257412160460 0.00 0.00 0.00 0.00 12.01 -4.81 11.23 -5.44 17.42 -8.81 23.87 -3.39
1684257412175835 0.00 0.00 0.00 0.00 9.51 -4.80 11.07 -5.28 10.24 -20.55 22.40 -7.34
1684257412191364 0.00 0.00 0.00 0.00 10.76 -4.81 10.92 -5.28 10.09 -10.18 19.17 -8.60
1684257412207724 0.00 0.00 0.00 0.00 12.01 -4.81 11.07 -5.12 9.56 -0.02 16.77 -7.38
1684257412224195 0.00 0.00 0.00 0.00 12.01 -3.55 11.07 -4.81 -9.48 -9.55 10.91 -7.39
1684257412240003 0.00 0.00 0.00 0.00 12.01 -3.55 11.07 -4.49 0.05 -19.94 9.62 -9.87
1684257412257746 0.00 0.00 0.00 0.00 13.26 -3.55 11.54 -4.34 0.05 -17.77 8.41 -12.09
1684257412272518 0.00 0.00 0.00 0.00 14.51 -3.56 12.01 -4.18 -31.74 -10.59 0.77 -12.18
1684257412289708 0.00 0.00 0.00 0.00 13.26 -3.55 12.16 -4.02 -27.28 -9.09 -4.81 -12.21
1684257412304817 0.00 0.00 0.00 0.00 13.26 -3.55 12.63 -3.87 -10.33 -10.40 -7.38 -10.94
1684257412321144 0.00 0.00 0.00 0.00 15.76 -2.30 13.26 -3.55 -28.71 -9.58 -12.23 -10.87
1684257412337197 0.00 0.00 0.00 0.00 15.75 -1.04 13.73 -3.08 -38.93 -19.51 -18.30 -13.30
1684257412355307 0.00 0.00 0.00 0.00 15.76 -2.30 14.19 -2.93 -25.84 -26.00 -20.34 -15.36
1684257412372857 0.00 0.00 0.00 0.00 15.75 -1.04 14.66 -2.61 -26.72 -8.89 -23.69 -13.98
1684257412386821 0.00 0.00 0.00 0.00 15.76 -2.30 14.98 -2.46 -33.54 -22.43 -27.89 -14.56
1684257412405412 0.00 0.00 0.00 0.00 18.26 -2.31 15.45 -2.30 -16.81 -8.41 -26.02 -14.29
1684257412418934 0.00 0.00 0.00 0.00 19.52 -2.32 16.23 -2.15 -34.71 -11.51 -26.95 -14.59
1684257412435947 0.00 0.00 0.00 0.00 17.01 -1.05 16.70 -1.83 -46.01 -9.08 -31.41 -14.42
1684257412453074 0.00 0.00 0.00 0.00 20.77 -1.06 17.32 -1.68 -27.36 -18.28 -31.24 -15.51
1684257412468310 0.00 0.00 0.00 0.00 18.26 -1.05 17.64 -1.68 -41.11 -10.15 -31.51 -14.34
1684257412484010 0.00 0.00 0.00 0.00 20.77 -1.06 18.26 -1.52 -19.95 0.08 -30.78 -11.08
1684257412500448 0.00 0.00 0.00 0.00 18.26 -1.05 18.58 -1.53 -38.11 -9.41 -32.20 -11.15
1684257412516775 0.00 0.00 0.00 0.00 19.51 -1.06 19.04 -1.37 -19.19 0.07 -30.41 -8.34
1684257412533497 0.00 0.00 0.00 0.00 18.26 -1.05 19.04 -1.21 -28.08 -9.29 -31.81 -8.45
1684257412549004 0.00 0.00 0.00 0.00 19.52 -2.32 19.04 -1.21 0.04 -10.15 -27.47 -8.28
1684257412565008 0.00 0.00 0.00 0.00 18.26 -2.31 19.20 -1.37 0.00 0.00 -21.72 -7.14
1684257412580909 0.00 0.00 0.00 0.00 18.26 -2.31 18.89 -1.53 -9.89 9.93 -19.54 -3.62
1684257412598427 0.00 0.00 0.00 0.00 20.78 -3.58 19.20 -1.84 17.87 8.90 -12.16 -1.23
1684257412614799 0.00 0.00 0.00 0.00 18.26 -2.31 18.89 -2.00 -19.25 19.31 -12.08 1.17
1684257412630344 0.00 0.00 0.00 0.00 18.26 -2.31 18.89 -2.16 20.14 10.03 -4.80 3.60
1684257412646485 0.00 0.00 0.00 0.00 18.27 -3.57 18.74 -2.47 -0.04 9.75 -2.40 4.81
1684257412662636 0.00 0.00 0.00 0.00 17.01 -2.31 18.58 -2.63 9.63 19.45 2.31 8.40
1684257412679174 0.00 0.00 0.00 0.00 15.76 -3.56 18.11 -2.78 9.44 9.47 3.49 10.86
1684257412696511 0.00 0.00 0.00 0.00 17.02 -3.57 17.95 -2.94 27.09 8.97 6.87 11.98
1684257412712267 0.00 0.00 0.00 0.00 15.75 0.21 17.64 -2.62 9.91 9.95 9.35 11.98
1684257412727982 0.00 0.00 0.00 0.00 15.77 -4.82 17.01 -2.78 20.01 -20.09 9.61 8.36
1684257412744415 0.00 0.00 0.00 0.00 15.77 -4.82 16.70 -3.09 38.14 9.43 16.79 7.12
1684257412761789 0.00 0.00 0.00 0.00 15.77 -4.82 16.39 -3.41 17.97 18.06 16.52 8.12
1684257412776903 0.00 0.00 0.00 0.00 15.77 -4.82 16.08 -3.56 20.66 20.76 19.10 9.50
1684257412793417 0.00 0.00 0.00 0.00 15.77 -6.08 15.92 -4.03 18.94 9.47 20.27 8.25
1684257412809878 0.00 0.00 0.00 0.00 17.00 1.47 16.08 -3.41 9.41 28.68 20.27 10.65
1684257412825518 0.00 0.00 0.00 0.00 12.01 -6.07 15.45 -3.72 -9.86 -40.17 15.65 4.51
1684257412841912 0.00 0.00 0.00 0.00 13.27 -6.07 15.14 -4.51 38.15 19.10 19.18 5.65
1684257412857595 0.00 0.00 0.00 0.00 13.27 -7.34 14.83 -4.82 19.79 50.12 19.15 14.43
1684257412873912 0.00 0.00 0.00 0.00 12.01 -6.07 14.36 -4.98 19.14 19.27 16.77 15.66
1684257412891563 0.00 0.00 0.00 0.00 13.27 -7.34 14.05 -5.29 26.59 8.85 17.85 14.51
1684257412909602 0.00 0.00 0.00 0.00 12.01 -6.07 13.58 -5.45 17.31 17.43 17.43 14.09
1684257412925249 0.00 0.00 0.00 0.00 12.02 -7.33 13.11 -5.60 29.99 9.98 18.81 14.16
1684257412939321 0.00 0.00 0.00 0.00 9.51 -8.59 12.17 -6.86 33.36 11.11 21.81 11.96
1684257412955973 0.00 0.00 0.00 0.00 10.76 -7.33 12.02 -7.02 56.17 75.50 30.06 26.42
1684257412971674 0.00 0.00 0.00 0.00 12.02 -7.33 11.86 -7.18 9.94 10.03 26.54 25.29
1684257412987652 0.00 0.00 0.00 0.00 10.76 -7.33 11.55 -7.17 9.77 9.85 25.28 20.25
1684257413002816 0.00 0.00 0.00 0.00 10.77 -8.59 11.39 -7.49 20.65 -0.06 25.47 17.84
1684257413019807 0.00 0.00 0.00 0.00 10.76 -7.33 11.08 -7.49 9.17 18.56 23.30 19.05
1684257413035564 0.00 0.00 0.00 0.00 10.76 -7.33 10.92 -7.65 19.87 -0.05 23.62 16.87
1684257413051973 0.00 0.00 0.00 0.00 10.76 -7.33 10.76 -7.65 9.51 9.60 21.06 16.82
1684257413068148 0.00 0.00 0.00 0.00 10.76 -7.33 10.92 -7.49 9.68 -0.02 18.10 15.43
1684257413087092 0.00 0.00 0.00 0.00 12.02 -7.33 11.08 -7.49 -8.25 -8.32 10.04 4.95
1684257413100776 0.00 0.00 0.00 0.00 13.27 -6.07 11.23 -7.33 -11.44 0.03 7.37 3.70
1684257413116922 0.00 0.00 0.00 0.00 14.52 -6.08 11.70 -7.18 -9.67 -9.75 4.94 1.25
1684257413133202 0.00 0.00 0.00 0.00 13.27 -6.07 12.02 -6.86 -28.83 -9.61 -1.24 0.05
1684257413149099 0.00 0.00 0.00 0.00 13.26 -4.81 12.33 -6.55 -19.65 -19.81 -4.85 -4.74
1684257413165826 0.00 0.00 0.00 0.00 14.51 -4.82 12.80 -6.23 -18.67 -18.81 -9.66 -7.09
1684257413182102 0.00 0.00 0.00 0.00 15.77 -4.82 13.42 -5.92 -28.80 -19.30 -14.45 -10.70
1684257413198361 0.00 0.00 0.00 0.00 17.02 -3.57 14.20 -5.45 -38.47 -19.29 -20.47 -13.11
1684257413216381 0.00 0.00 0.00 0.00 15.77 -4.82 14.67 -5.13 -43.37 -26.12 -24.86 -15.33
1684257413231498 0.00 0.00 0.00 0.00 15.76 -3.56 14.98 -4.82 -31.01 -20.77 -27.31 -17.93
1684257413246901 0.00 0.00 0.00 0.00 15.76 -3.56 15.14 -4.50 -20.26 -20.40 -28.63 -19.27
1684257413263201 0.00 0.00 0.00 0.00 17.01 -2.31 15.61 -4.03 -9.54 -19.31 -26.22 -20.48
1684257413279314 0.00 0.00 0.00 0.00 20.75 3.96 16.54 -2.94 -29.06 -29.23 -27.40 -21.65
1684257413295629 0.00 0.00 0.00 0.00 19.51 -1.06 17.17 -2.47 -57.35 -67.22 -32.23 -27.71
1684257413311688 0.00 0.00 0.00 0.00 18.26 -2.31 17.48 -2.15 -38.92 -29.26 -33.50 -28.95
1684257413329606 0.00 0.00 0.00 0.00 18.26 -2.31 17.64 -2.00 -17.42 -17.51 -30.87 -28.73
1684257413344768 0.00 0.00 0.00 0.00 19.51 -1.06 18.10 -1.53 -10.30 -10.34 -26.73 -26.76
1684257413360785 0.00 0.00 0.00 0.00 19.51 -1.06 18.57 -1.21 -29.24 -29.37 -26.51 -27.83
1684257413377390 0.00 0.00 0.00 0.00 20.77 -1.06 19.20 -0.90 -28.24 -18.84 -27.51 -27.64
1684257413393583 0.00 0.00 0.00 0.00 20.77 -1.06 19.67 -0.75 -38.65 -19.28 -31.15 -27.63
1684257413409587 0.00 0.00 0.00 0.00 20.77 -1.06 19.67 -1.37 -29.35 -9.70 -31.18 -25.19
1684257413427041 0.00 0.00 0.00 0.00 19.51 -1.06 19.67 -1.37 -0.16 35.99 -24.03 -12.29
1684257413441988 0.00 0.00 0.00 0.00 18.26 -1.05 19.67 -1.22 0.00 0.00 -19.17 -8.63
1684257413459748 0.00 0.00 0.00 0.00 19.51 -1.06 19.83 -1.06 0.04 -8.86 -16.99 -7.55
1684257413474516 0.00 0.00 0.00 0.00 20.77 -1.06 19.98 -1.06 -10.57 -10.61 -17.02 -7.58
1684257413490344 0.00 0.00 0.00 0.00 18.26 -1.05 19.83 -1.06 -9.91 0.04 -14.61 -3.91
1684257413506983 0.00 0.00 0.00 0.00 18.26 -2.31 19.51 -1.22 9.42 -0.04 -9.90 -1.56
1684257413523257 0.00 0.00 0.00 0.00 17.01 -1.05 19.04 -1.21 19.23 9.58 -2.66 2.05
1684257413539679 0.00 0.00 0.00 0.00 18.26 -1.05 18.73 -1.21 28.64 -0.12 4.59 3.25
1684257413556257 0.00 0.00 0.00 0.00 17.01 -2.31 18.42 -1.37 18.92 -0.08 6.97 -1.26
1684257413572173 0.00 0.00 0.00 0.00 15.76 -2.30 18.11 -1.52 19.66 9.80 9.43 -0.04
1684257413589180 0.00 0.00 0.00 0.00 15.76 -2.30 17.64 -1.68 18.39 9.18 11.72 2.22
1684257413605478 0.00 0.00 0.00 0.00 15.76 -2.30 17.01 -1.83 28.81 9.54 16.64 4.74
1684257413620543 0.00 0.00 0.00 0.00 13.26 -3.55 16.38 -2.15 41.58 10.27 23.08 6.01
1684257413637175 0.00 0.00 0.00 0.00 13.26 -3.55 15.76 -2.30 37.59 18.79 26.60 8.37
1684257413654781 0.00 0.00 0.00 0.00 13.26 -3.55 15.29 -2.61 35.55 8.81 28.64 8.27
1684257413669527 0.00 0.00 0.00 0.00 10.75 -2.29 14.35 -2.77 31.78 21.23 29.03 10.94
1684257413687152 0.00 0.00 0.00 0.00 12.01 -3.55 13.73 -2.92 53.24 8.75 33.32 12.05
1684257413702301 0.00 0.00 0.00 0.00 9.51 -4.80 12.94 -3.24 41.30 10.25 36.03 12.10
1684257413719278 0.00 0.00 0.00 0.00 10.76 -4.81 12.32 -3.55 46.02 18.42 39.48 13.26
1684257413735707 0.00 0.00 0.00 0.00 8.25 -3.54 11.38 -3.71 38.04 19.06 40.64 14.45
1684257413752147 0.00 0.00 0.00 0.00 9.51 -4.80 10.91 -3.86 57.05 9.43 42.57 14.34
1684257413766805 0.00 0.00 0.00 0.00 9.51 -4.80 10.44 -4.02 31.99 10.67 41.87 13.33
1684257413784020 0.00 0.00 0.00 0.00 8.25 -3.54 9.82 -4.02 27.23 9.08 40.83 13.36
1684257413799576 0.00 0.00 0.00 0.00 8.26 -4.80 9.51 -4.33 40.21 -0.09 41.88 10.70
1684257413815525 0.00 0.00 0.00 0.00 7.01 -4.80 8.88 -4.49 19.56 19.71 37.68 12.07
1684257413833089 0.00 0.00 0.00 0.00 7.01 -4.80 8.57 -4.49 35.59 8.90 36.96 11.90
1684257413849943 0.00 0.00 0.00 0.00 7.01 -6.06 8.10 -4.64 18.55 -0.03 33.53 9.59
1684257413867567 0.00 0.00 0.00 0.00 7.01 -4.80 7.94 -4.80 26.60 8.90 32.10 8.32
1684257413881786 0.00 0.00 0.00 0.00 7.01 -4.80 7.63 -4.80 10.98 11.07 26.34 8.53
1684257413898297 0.00 0.00 0.00 0.00 5.76 -6.06 7.16 -4.96 18.93 -0.03 24.71 7.19
1684257413913255 0.00 0.00 0.00 0.00 7.01 -4.80 7.01 -5.11 31.34 10.50 25.22 7.37
1684257413933239 0.00 0.00 0.00 0.00 8.26 -6.06 7.01 -5.27 7.81 7.87 21.17 8.36
1684257413946452 0.00 0.00 0.00 0.00 7.01 -6.06 7.01 -5.43 -0.02 11.93 18.72 7.39
1684257413965727 0.00 0.00 0.00 0.00 5.76 -4.80 6.85 -5.43 -0.01 8.18 14.27 7.30
1684257413978655 0.00 0.00 0.00 0.00 7.01 -4.80 6.85 -5.27 12.09 -0.01 13.47 7.30
1684257413995687 0.00 0.00 0.00 0.00 5.76 -6.06 6.69 -5.43 0.01 -9.26 10.14 5.03
1684257414010040 0.00 0.00 0.00 0.00 8.26 -4.80 6.85 -5.43 10.88 10.98 10.13 5.02
1684257414027078 0.00 0.00 0.00 0.00 8.26 -4.80 7.16 -5.27 -9.17 0.01 6.62 5.03
1684257414043973 0.00 0.00 0.00 0.00 8.26 -4.80 7.32 -5.27 -18.50 -9.31 0.39 2.55
1684257414059089 0.00 0.00 0.00 0.00 8.26 -4.80 7.32 -5.12 -10.34 0.01 -1.88 1.57
1684257414074922 0.00 0.00 0.00 0.00 9.51 -4.80 7.63 -4.96 0.01 -9.96 -1.88 -1.17
1684257414093550 0.00 0.00 0.00 0.00 9.51 -4.80 8.10 -4.96 -16.78 -8.44 -3.97 -3.25
1684257414107266 0.00 0.00 0.00 0.00 9.51 -4.80 8.41 -4.96 -34.19 0.04 -9.76 -3.24
1684257414124848 0.00 0.00 0.00 0.00 9.51 -4.80 8.88 -4.80 -17.78 0.03 -11.98 -2.08
1684257414140460 0.00 0.00 0.00 0.00 10.76 -3.55 9.19 -4.65 -30.03 -10.06 -17.10 -4.71
1684257414157708 0.00 0.00 0.00 0.00 8.25 -3.54 9.19 -4.49 -18.11 -9.10 -18.21 -5.85
1684257414172668 0.00 0.00 0.00 0.00 10.76 -3.55 9.51 -4.33 0.02 -10.53 -15.90 -6.00
1684257414189341 0.00 0.00 0.00 0.00 12.01 -3.55 9.97 -4.17 -18.73 -9.41 -16.95 -7.18
1684257414205016 0.00 0.00 0.00 0.00 10.76 -3.55 10.13 -4.02 -29.90 -9.99 -20.69 -7.18
1684257414221529 0.00 0.00 0.00 0.00 13.25 -2.29 10.60 -3.70 -9.45 -9.52 -19.77 -7.32
1684257414237809 0.00 0.00 0.00 0.00 13.25 -2.29 11.07 -3.39 -28.77 -19.28 -19.10 -9.73
1684257414254071 0.00 0.00 0.00 0.00 12.00 -2.29 11.38 -3.08 -28.80 -19.30 -20.47 -12.15
1684257414270413 0.00 0.00 0.00 0.00 13.25 -2.29 11.69 -2.92 -19.09 -19.23 -19.11 -13.29
1684257414287643 0.00 0.00 0.00 0.00 13.25 -1.03 12.32 -2.61 -18.13 -9.09 -19.11 -13.29
1684257414302443 0.00 0.00 0.00 0.00 13.25 -2.29 12.63 -2.45 -42.19 -21.17 -24.38 -14.62
1684257414321076 0.00 0.00 0.00 0.00 14.50 -1.04 12.94 -2.13 -16.76 -8.40 -24.14 -14.50
1684257414335762 0.00 0.00 0.00 0.00 13.25 -1.03 13.25 -1.82 -21.24 -21.36 -23.05 -15.92
1684257414351254 0.00 0.00 0.00 0.00 13.25 -2.29 13.25 -1.82 -20.13 -20.26 -24.39 -17.26
1684257414367986 0.00 0.00 0.00 0.00 15.75 -1.04 13.56 -1.66 0.00 0.00 -20.79 -14.85
1684257414384168 0.00 0.00 0.00 0.00 15.75 -1.04 14.03 -1.51 -19.31 -9.66 -19.61 -13.65
1684257414400391 0.00 0.00 0.00 0.00 14.50 -1.04 14.19 -1.35 -28.90 -9.60 -20.83 -12.44
1684257414417691 0.00 0.00 0.00 0.00 15.75 -1.04 14.50 -1.35 -9.01 -9.06 -19.69 -12.44
1684257414435529 0.00 0.00 0.00 0.00 14.50 -1.04 14.66 -1.20 -17.54 0.06 -16.61 -9.79
1684257414450690 0.00 0.00 0.00 0.00 17.01 -1.05 14.97 -1.20 -10.29 -10.34 -15.80 -10.03
1684257414466220 0.00 0.00 0.00 0.00 14.50 -1.04 15.13 -1.20 -20.16 0.07 -15.67 -7.35
1684257414481324 0.00 0.00 0.00 0.00 14.50 -1.04 15.28 -1.04 -10.35 0.03 -14.44 -4.81
1684257414503063 0.00 0.00 0.00 0.00 13.25 -1.03 14.97 -1.04 -7.17 -7.21 -15.34 -5.71
1684257414515052 0.00 0.00 0.00 0.00 15.75 0.21 14.97 -0.88 26.10 -0.08 -9.67 -4.52
1684257414535074 0.00 0.00 0.00 0.00 13.25 -1.03 14.81 -0.88 0.03 -7.85 -6.05 -4.30
1684257414548419 0.00 0.00 0.00 0.00 13.25 -1.03 14.50 -0.88 11.72 -0.04 -3.46 -3.17
1684257414564439 0.00 0.00 0.00 0.00 13.25 0.22 14.34 -0.72 19.53 -0.06 1.18 -3.19
1684257414579746 0.00 0.00 0.00 0.00 13.25 -1.03 13.87 -0.72 10.25 -10.30 3.74 -3.18
1684257414595569 0.00 0.00 0.00 0.00 10.75 -1.03 13.41 -0.72 29.67 -0.10 9.97 -3.20
1684257414611687 0.00 0.00 0.00 0.00 12.00 -1.03 13.09 -0.72 29.10 -0.08 14.90 -3.21
1684257414630496 0.00 0.00 0.00 0.00 10.75 -1.03 12.78 -0.72 16.63 -0.05 17.88 -2.32
1684257414644071 0.00 0.00 0.00 0.00 12.00 -1.03 12.31 -0.88 23.03 -0.06 17.49 -2.32
1684257414662120 0.00 0.00 0.00 0.00 8.25 -2.28 11.69 -1.03 25.97 8.63 20.74 -0.26
1684257414676682 0.00 0.00 0.00 0.00 10.75 -2.29 11.38 -1.19 42.90 10.70 24.63 1.09
1684257414692653 0.00 0.00 0.00 0.00 9.50 -2.28 10.91 -1.50 19.55 9.80 24.64 2.32
1684257414709147 0.00 0.00 0.00 0.00 8.25 -2.28 10.28 -1.66 28.38 18.99 26.90 5.98
1684257414725440 0.00 0.00 0.00 0.00 9.50 -2.28 10.13 -1.81 38.34 9.57 27.99 7.19
1684257414741869 0.00 0.00 0.00 0.00 8.25 -3.54 9.66 -2.13 9.49 9.55 25.53 8.39
1684257414760242 0.00 0.00 0.00 0.00 9.50 -2.28 9.50 -2.28 25.48 17.07 26.64 10.53
1684257414774112 0.00 0.00 0.00 0.00 8.25 -3.54 9.03 -2.60 11.24 11.31 25.17 11.95
1684257414790614 0.00 0.00 0.00 0.00 9.50 -3.54 9.19 -2.76 28.37 19.01 25.47 13.25
1684257414806863 0.00 0.00 0.00 0.00 8.25 -3.54 8.88 -2.91 -9.63 9.70 18.90 13.13
1684257414823319 0.00 0.00 0.00 0.00 9.51 -4.80 8.88 -3.23 18.97 9.53 18.83 13.09
1684257414838872 0.00 0.00 0.00 0.00 7.01 -4.80 8.72 -3.54 -0.04 20.25 15.28 13.25
1684257414854973 0.00 0.00 0.00 0.00 8.25 -3.54 8.57 -3.70 9.68 19.55 11.70 14.50
1684257414871620 0.00 0.00 0.00 0.00 8.26 -4.80 8.57 -3.86 9.37 9.44 11.68 14.48
1684257414888175 0.00 0.00 0.00 0.00 8.26 -4.80 8.41 -4.17 -0.01 9.52 8.49 13.54
1684257414907900 0.00 0.00 0.00 0.00 10.76 -6.07 8.73 -4.49 7.90 15.95 8.08 14.12
1684257414920464 0.00 0.00 0.00 0.00 7.01 -4.80 8.41 -4.64 -24.94 25.14 1.41 14.88
1684257414936870 0.00 0.00 0.00 0.00 10.76 -4.81 8.73 -4.80 19.04 9.57 5.00 14.87
1684257414952997 0.00 0.00 0.00 0.00 9.51 -4.80 8.73 -4.80 -19.40 9.81 0.20 14.90
1684257414969106 0.00 0.00 0.00 0.00 10.76 -6.07 9.20 -4.96 0.00 0.00 0.20 12.37
1684257414985456 0.00 0.00 0.00 0.00 9.51 -6.06 9.35 -5.28 -28.71 9.69 -4.60 11.14
1684257415000704 0.00 0.00 0.00 0.00 9.51 -4.80 9.51 -5.28 -10.29 20.69 -7.05 12.55
1684257415017331 0.00 0.00 0.00 0.00 10.76 -4.81 9.82 -5.28 -9.40 0.02 -8.23 11.36
1684257415032872 70.00 0.00 0.00 0.00 12.01 -4.81 9.98 -5.12 -20.12 0.04 -11.73 9.37
1684257415049929 70.00 0.00 0.00 0.00 10.76 -4.81 10.45 -5.12 -9.15 -9.22 -9.75 5.07
1684257415065806 70.00 0.00 0.00 0.00 10.76 -3.55 10.45 -4.96 -29.54 0.05 -15.83 3.88
1684257415082058 70.00 0.00 0.00 0.00 10.76 -4.81 10.60 -4.96 0.02 -9.69 -13.40 1.45
1684257415098764 70.00 0.00 0.00 0.00 10.76 -4.81 10.60 -4.81 -9.36 0.02 -14.57 1.45
1684257415114786 70.00 0.00 0.00 0.00 13.26 -3.55 11.07 -4.49 0.02 -9.84 -10.98 -0.99
1684257415133598 70.00 0.00 0.00 0.00 13.24 2.73 11.54 -3.55 -24.91 -16.70 -12.80 -5.67
1684257415147426 70.00 0.00 0.00 0.00 15.76 -3.56 12.16 -3.39 -33.74 -68.12 -15.85 -14.18
1684257415163500 70.00 0.00 0.00 0.00 15.76 -2.30 12.63 -3.08 -38.92 -9.68 -18.20 -15.40
1684257415180170 70.00 0.00 0.00 0.00 15.76 -2.30 13.26 -2.77 -28.11 -18.81 -20.57 -16.60
1684257415197193 70.00 0.00 0.00 0.00 18.26 -2.31 14.19 -2.61 -36.71 -18.39 -21.46 -18.90
1684257415213360 70.00 0.00 0.00 0.00 20.77 -2.32 15.45 -2.30 -58.06 -9.54 -28.72 -18.88
1684257415229200 70.00 0.00 0.00 0.00 22.03 -2.33 16.86 -1.99 -79.05 -19.60 -37.43 -21.34
1684257415244979 70.00 0.00 0.00 0.00 23.28 -1.08 18.11 -1.68 -89.31 -19.63 -48.60 -22.56
1684257415261147 70.00 0.00 0.00 0.00 24.55 -2.34 19.52 -2.32 -77.50 -19.15 -55.17 -22.87
1684257415278581 70.00 0.00 0.00 0.00 25.84 -8.65 20.78 -2.95 -81.06 36.38 -61.09 -9.80
1684257415294451 70.00 0.00 0.00 0.00 30.84 -1.11 22.67 -2.81 -79.36 40.13 -66.15 -3.58
1684257415309293 70.00 0.00 0.00 0.00 30.84 -1.11 24.55 -2.66 -127.04 -9.99 -78.51 -2.47
1684257415325837 70.00 0.00 0.00 0.00 33.36 0.13 26.44 -2.35 -113.98 -8.96 -88.17 -1.30
1684257415341949 70.00 0.00 0.00 0.00 35.89 0.12 28.33 -2.05 -117.12 -18.95 -95.55 -2.47
1684257415359405 70.00 0.00 0.00 0.00 38.41 1.37 30.38 -1.59 -108.24 -17.49 -99.20 -2.21
1684257415375182 70.00 0.00 0.00 0.00 40.94 2.62 32.58 -1.12 -129.79 -29.29 -104.26 -3.42
1684257415392121 70.00 0.00 0.00 0.00 39.65 8.91 34.47 0.28 -130.29 -27.26 -110.86 -4.43
1684257415407085 70.00 0.00 0.00 0.00 47.22 -7.43 37.14 0.44 -126.19 -93.96 -116.50 -20.72
1684257415423461 70.00 0.00 0.00 0.00 51.00 5.12 39.66 1.22 -163.22 -9.33 -126.98 -26.90
1684257415439621 70.00 0.00 0.00 0.00 51.01 8.89 42.19 2.47 -155.95 -48.26 -130.60 -31.69
1684257415455561 70.00 0.00 0.00 0.00 53.47 0.12 44.70 2.46 -158.14 -78.48 -136.12 -40.38
1684257415472745 70.00 0.00 0.00 0.00 55.98 7.65 47.21 3.41 -146.28 0.11 -139.76 -38.00
1684257415488196 70.00 0.00 0.00 0.00 57.23 11.42 49.56 4.66 -162.54 -60.92 -146.55 -43.42
1684257415504751 70.00 0.00 0.00 0.00 60.88 10.18 52.06 5.61 -142.06 -75.88 -148.08 -49.25
1684257415521242 70.00 0.00 0.00 0.00 59.61 2.67 54.55 4.83 -151.22 -57.33 -150.70 -53.01
1684257415537302 70.00 0.00 0.00 0.00 64.44 6.47 56.70 6.56 -155.37 48.55 -154.35 -35.19
1684257415554770 70.00 0.00 0.00 0.00 66.71 1.54 58.67 6.12 -123.26 -99.46 -149.35 -46.46
1684257415570036 70.00 0.00 0.00 0.00 67.88 2.80 60.78 5.36 -128.57 29.34 -145.93 -36.76
1684257415587088 70.00 0.00 0.00 0.00 67.86 1.57 62.57 5.54 -123.71 44.65 -141.63 -21.37
1684257415603436 70.00 0.00 0.00 0.00 70.13 1.63 64.34 4.78 -110.01 -11.10 -137.09 -22.77
1684257415620124 70.00 0.00 0.00 0.00 71.25 1.66 66.10 3.56 -105.99 45.11 -130.02 -9.51
1684257415634813 70.00 0.00 0.00 0.00 72.32 0.47 67.53 2.35 -119.34 83.04 -127.19 10.35
1684257415650993 70.00 0.00 0.00 0.00 73.42 0.51 69.25 2.08 -88.36 75.02 -119.33 26.90
1684257415667207 70.00 0.00 0.00 0.00 74.50 0.55 70.51 1.34 -106.42 16.66 -113.21 22.91
1684257415683390 70.00 0.00 0.00 0.00 77.33 -6.51 71.84 0.33 -77.67 45.71 -107.51 41.05
1684257415699564 70.00 0.00 0.00 0.00 77.80 4.32 73.08 0.52 -82.12 62.23 -101.70 45.17
1684257415716626 70.00 0.00 0.00 0.00 77.80 4.32 74.32 0.87 -72.66 -11.08 -95.32 38.20
1684257415731944 70.00 0.00 0.00 0.00 79.86 4.39 75.54 1.21 -81.15 -22.42 -91.72 36.79
1684257415749842 70.00 0.00 0.00 0.00 79.62 -1.61 76.58 0.80 -67.98 -19.33 -86.96 28.73
1684257415765665 70.00 0.00 0.00 0.00 79.86 4.39 77.52 1.29 -66.10 25.86 -80.31 21.58
1684257415781377 70.00 0.00 0.00 0.00 80.83 3.23 78.45 1.63 -60.00 -31.22 -76.76 8.30
1684257415798396 70.00 0.00 0.00 0.00 80.56 -2.75 79.21 1.22 -54.45 -20.00 -70.27 3.72
1684257415813609 70.00 0.00 0.00 0.00 81.55 -2.68 79.74 1.70 -49.79 27.08 -66.78 1.39
1684257415830887 70.00 0.00 0.00 0.00 82.52 -2.62 80.33 0.83 -30.52 -27.70 -60.33 -9.85
1684257415847569 70.00 0.00 0.00 0.00 83.67 1.00 81.06 0.42 -35.38 51.94 -55.67 -1.97
1684257415862984 70.00 0.00 0.00 0.00 83.42 -3.72 81.50 -0.59 -47.62 26.90 -51.48 4.19
1684257415879210 70.00 0.00 0.00 0.00 83.42 -3.72 81.98 -0.86 -27.36 62.54 -46.40 14.42
1684257415894805 70.00 0.00 0.00 0.00 84.36 -3.65 82.54 -1.86 -30.44 16.91 -41.94 13.31
1684257415911598 70.00 0.00 0.00 0.00 84.29 -4.82 82.97 -2.87 -33.49 59.88 -38.63 24.69
1684257415927391 70.00 0.00 0.00 0.00 84.50 -1.30 83.47 -2.69 -27.36 63.73 -35.24 35.16
1684257415944725 70.00 0.00 0.00 0.00 85.22 -4.74 83.93 -2.95 -28.44 -10.40 -32.57 30.48
1684257415960912 70.00 0.00 0.00 0.00 86.06 -5.82 84.37 -3.35 -28.36 15.91 -32.30 35.93
1684257415976326 70.00 0.00 0.00 0.00 86.37 -1.17 84.70 -3.62 -28.67 25.97 -31.47 32.68
1684257415994662 70.00 0.00 0.00 0.00 85.97 -6.97 85.02 -4.03 -18.35 14.77 -27.81 31.16
1684257416006987 70.00 0.00 0.00 0.00 87.21 -2.26 85.50 -3.84 -25.93 32.95 -27.63 27.47
1684257416023453 70.00 0.00 0.00 0.00 85.97 -6.97 85.70 -4.26 -28.77 -11.10 -27.42 23.96
1684257416040638 70.00 0.00 0.00 0.00 85.97 -6.97 85.91 -4.53 -11.70 24.16 -24.70 19.50
1684257416056072 70.00 0.00 0.00 0.00 86.78 -8.03 86.19 -5.37 -13.64 17.43 -22.98 13.71
1684257416072881 70.00 0.00 0.00 0.00 85.88 -8.12 86.28 -5.79 -16.96 50.01 -21.55 21.26
1684257416089395 70.00 0.00 0.00 0.00 87.03 -14.69 86.40 -6.90 -5.00 25.59 -18.63 22.47
1684257416105904 70.00 0.00 0.00 0.00 85.25 -14.93 86.26 -8.62 -7.34 67.21 -15.96 27.63
1684257416124157 70.00 0.00 0.00 0.00 86.78 -8.03 86.36 -8.75 7.63 94.25 -12.71 37.56
1684257416137688 70.00 0.00 0.00 0.00 84.87 -9.36 86.07 -9.64 -7.51 9.76 -10.41 34.66
1684257416154273 70.00 0.00 0.00 0.00 84.97 -8.21 85.94 -9.79 17.59 53.53 -4.62 42.74
1684257416170137 70.00 0.00 0.00 0.00 84.87 -9.36 85.80 -10.09 7.93 9.79 -2.16 40.95
1684257416186771 70.00 0.00 0.00 0.00 85.37 -2.41 85.63 -9.39 8.26 17.97 0.58 41.01
1684257416204229 70.00 0.00 0.00 0.00 84.97 -8.21 85.51 -9.40 10.11 -40.24 3.96 29.73
1684257416219468 70.00 0.00 0.00 0.00 84.87 -9.36 85.24 -8.74 7.51 0.75 5.52 26.63
1684257416235342 70.00 0.00 0.00 0.00 84.97 -8.21 85.21 -7.90 16.98 -41.97 8.56 12.98
1684257416250945 70.00 0.00 0.00 0.00 84.87 -9.36 84.97 -8.06 2.30 -53.81 7.90 -5.53
1684257416267636 70.00 0.00 0.00 0.00 84.97 -8.21 84.98 -7.92 14.32 10.00 10.63 -5.50
1684257416284067 70.00 0.00 0.00 0.00 85.30 -3.58 85.02 -7.34 -0.71 -8.75 8.34 -13.28
1684257416300656 70.00 0.00 0.00 0.00 84.12 -7.15 84.93 -7.06 -2.51 -34.95 7.03 -18.87
1684257416316851 70.00 0.00 0.00 0.00 84.12 -7.15 84.77 -7.66 5.77 -17.11 6.72 -23.26
1684257416334154 70.00 0.00 0.00 0.00 84.12 -7.15 84.67 -7.52 9.01 34.23 6.58 -13.95
1684257416349046 70.00 0.00 0.00 0.00 84.12 -7.15 84.57 -7.24 7.06 -8.96 6.53 -15.16
1684257416365584 70.00 0.00 0.00 0.00 83.18 -7.23 84.35 -7.12 5.65 -16.76 5.11 -12.01
1684257416381483 70.00 0.00 0.00 0.00 83.34 -4.90 84.16 -6.56 14.02 -7.73 6.58 -6.25
1684257416398443 70.00 0.00 0.00 0.00 83.18 -7.23 83.94 -6.44 11.28 -32.93 6.20 -11.62
1684257416416341 70.00 0.00 0.00 0.00 83.67 1.00 83.73 -5.87 12.46 -6.86 7.84 -11.38
1684257416436241 70.00 0.00 0.00 0.00 84.63 1.06 83.80 -4.84 10.20 -28.73 9.43 -10.61
1684257416448994 70.00 0.00 0.00 0.00 84.63 1.06 83.86 -3.82 -4.94 -80.41 8.09 -18.52
1684257416463002 70.00 0.00 0.00 0.00 83.26 -6.07 83.75 -3.68 -4.49 -73.20 6.40 -31.95
1684257416480477 70.00 0.00 0.00 0.00 84.50 -1.30 83.80 -2.95 6.16 -7.73 6.29 -31.79
1684257416495430 70.00 0.00 0.00 0.00 84.68 2.24 83.99 -1.77 -3.17 -48.85 5.19 -35.80
1684257416512173 70.00 0.00 0.00 0.00 83.42 -3.72 84.00 -1.62 -11.22 -70.71 2.03 -43.68
1684257416527832 70.00 0.00 0.00 0.00 84.68 2.24 84.19 -0.44 -0.59 -9.36 0.55 -40.73
1684257416545993 70.00 0.00 0.00 0.00 82.81 3.33 84.08 -0.15 -10.34 -65.19 -2.30 -48.02
1684257416560623 70.00 0.00 0.00 0.00 85.30 -3.58 84.16 -0.73 7.37 -19.89 -2.65 -46.92
1684257416577253 70.00 0.00 0.00 0.00 83.42 -3.72 84.01 -1.32 -5.04 34.82 -2.67 -32.51
1684257416595939 70.00 0.00 0.00 0.00 84.50 -1.30 84.16 -0.73 8.11 31.98 -1.09 -19.37
1684257416616507 70.00 0.00 0.00 0.00 84.36 -3.65 84.15 -1.02 -7.53 -28.94 -2.80 -22.02
1684257416629310 70.00 0.00 0.00 0.00 82.76 2.13 83.91 -1.04 1.37 22.92 -2.23 -13.05
1684257416641924 70.00 0.00 0.00 0.00 84.63 1.06 84.06 -0.44 19.06 1.06 1.55 -4.08
1684257416658725 70.00 0.00 0.00 0.00 85.30 -3.58 84.13 -1.16 -9.02 -35.56 0.50 -7.35
1684257416674544 70.00 0.00 0.00 0.00 83.73 2.19 84.25 -1.31 -4.85 45.96 1.18 6.54
1684257416694797 70.00 0.00 0.00 0.00 82.82 -11.85 83.94 -2.34 -5.67 7.04 -0.45 9.91
1684257416706781 70.00 0.00 0.00 0.00 85.30 -3.58 84.17 -2.32 25.89 86.33 3.42 16.35
1684257416723560 70.00 0.00 0.00 0.00 84.77 -10.51 84.21 -3.47 -14.03 -1.10 0.65 12.21
1684257416738936 70.00 0.00 0.00 0.00 85.22 -4.74 84.32 -3.61 -2.21 74.84 1.32 25.19
1684257416757895 70.00 0.00 0.00 0.00 85.63 2.29 84.67 -3.59 -5.65 7.19 0.44 23.22
1684257416773869 70.00 0.00 0.00 0.00 84.29 -4.82 84.63 -4.32 -22.42 -1.27 -4.74 22.93
1684257416788628 70.00 0.00 0.00 0.00 85.14 -5.90 84.61 -4.62 2.88 49.76 -3.26 33.59
1684257416804106 70.00 0.00 0.00 0.00 87.26 -12.46 85.05 -6.45 1.28 18.79 -2.49 30.20
1684257416820109 70.00 0.00 0.00 0.00 85.05 -7.06 85.33 -5.85 -27.58 114.40 -5.23 43.62
1684257416836357 70.00 0.00 0.00 0.00 85.05 -7.06 85.30 -6.28 -17.22 -36.87 -10.62 28.22
1684257416852370 70.00 0.00 0.00 0.00 86.06 -5.82 85.46 -5.70 1.90 27.20 -8.63 31.75
1684257416869325 70.00 0.00 0.00 0.00 85.97 -6.97 85.56 -5.98 -9.46 -34.59 -9.53 18.08
1684257416885433 70.00 0.00 0.00 0.00 85.97 -6.97 85.60 -7.13 -5.83 17.31 -9.56 19.34
1684257416901654 70.00 0.00 0.00 0.00 85.97 -6.97 85.81 -7.40 -2.66 71.41 -7.09 28.43
1684257416917979 70.00 0.00 0.00 0.00 86.06 -5.82 85.92 -7.39 -12.90 16.48 -9.06 24.27
1684257416934445 70.00 0.00 0.00 0.00 85.05 -7.06 85.65 -6.72 -6.98 -0.64 -10.09 21.84
1684257416949854 70.00 0.00 0.00 0.00 85.97 -6.97 85.76 -6.71 17.89 -43.79 -4.41 2.06
1684257416967283 70.00 0.00 0.00 0.00 85.14 -5.90 85.77 -6.56 -6.58 -0.63 -3.08 6.59
1684257416982934 70.00 0.00 0.00 0.00 85.14 -5.90 85.66 -6.57 -0.68 -9.25 -3.40 2.04
1684257417000062 70.00 0.00 0.00 0.00 85.05 -7.06 85.55 -6.58 6.71 0.61 -1.38 6.44
1684257417021230 70.00 0.00 0.00 0.00 85.14 -5.90 85.44 -6.45 5.42 0.52 0.03 4.34
1684257417033200 70.00 0.00 0.00 0.00 84.29 -4.82 85.23 -6.18 8.69 -11.17 1.45 -5.98
1684257417046768 70.00 0.00 0.00 0.00 85.51 -0.06 85.16 -5.46 15.52 -19.83 5.00 -10.52
1684257417063407 70.00 0.00 0.00 0.00 85.22 -4.74 85.18 -5.17 4.14 -43.24 6.39 -15.85
1684257417079549 70.00 0.00 0.00 0.00 84.68 2.24 85.02 -4.02 -1.29 -17.96 3.99 -12.62
1684257417095635 70.00 0.00 0.00 0.00 83.73 2.19 84.85 -3.01 10.00 -71.58 6.06 -21.49
1684257417112034 70.00 0.00 0.00 0.00 83.78 3.38 84.68 -1.85 10.75 -61.66 7.49 -28.04
1684257417130650 70.00 0.00 0.00 0.00 81.83 3.28 84.27 -0.56 9.12 -62.30 7.79 -35.90
1684257417144769 70.00 0.00 0.00 0.00 84.44 -2.48 84.18 -0.13 28.56 -91.54 10.69 -47.41
1684257417165155 70.00 0.00 0.00 0.00 83.78 3.38 84.12 0.90 4.32 -20.99 10.14 -48.64
1684257417177433 70.00 0.00 0.00 0.00 84.36 -3.65 83.98 0.45 5.16 -83.43 8.85 -56.59
1684257417193613 70.00 0.00 0.00 0.00 83.49 -2.55 83.76 0.72 8.83 27.73 9.43 -47.72
1684257417209692 70.00 0.00 0.00 0.00 83.73 2.19 83.64 0.71 13.49 -17.05 11.28 -47.60
1684257417225955 70.00 0.00 0.00 0.00 83.78 3.38 83.65 0.86 7.34 0.42 10.95 -38.60
1684257417242017 70.00 0.00 0.00 0.00 83.78 3.38 83.65 0.86 -0.40 -9.26 9.55 -32.05
1684257417263509 70.00 0.00 0.00 0.00 84.79 4.61 84.02 1.03 0.00 0.00 8.41 -24.27
1684257417275360 70.00 0.00 0.00 0.00 81.91 5.68 83.70 2.05 -31.21 -14.09 0.94 -14.59
1684257417291555 70.00 0.00 0.00 0.00 83.49 -2.55 83.67 1.31 19.45 -62.97 2.83 -19.83
1684257417307045 70.00 0.00 0.00 0.00 82.76 2.13 83.47 2.03 2.38 47.80 2.49 -3.43
1684257417323035 70.00 0.00 0.00 0.00 83.42 -3.72 83.46 1.89 12.53 -45.21 2.95 -12.55
1684257417341048 70.00 0.00 0.00 0.00 82.52 -2.62 83.31 1.29 0.49 8.16 1.32 -9.39
1684257417355878 70.00 0.00 0.00 0.00 83.73 2.19 83.30 1.14 10.16 40.47 1.68 -4.39
1684257417376461 70.00 0.00 0.00 0.00 82.45 -3.80 83.13 0.24 0.31 7.23 1.77 -2.33
1684257417388749 70.00 0.00 0.00 0.00 83.34 -4.90 82.95 -0.95 13.49 72.95 3.45 6.79
1684257417406432 70.00 0.00 0.00 0.00 82.38 -4.97 83.01 -2.28 10.21 67.24 8.63 16.96
1684257417421557 70.00 0.00 0.00 0.00 82.71 0.94 82.91 -1.84 -3.87 88.03 5.71 35.83
1684257417437276 70.00 0.00 0.00 0.00 82.31 -6.15 82.86 -2.88 6.19 -27.75 6.19 26.39
1684257417453794 70.00 0.00 0.00 0.00 80.68 -0.36 82.52 -2.46 3.44 62.64 5.05 39.87
1684257417470579 70.00 0.00 0.00 0.00 81.67 -0.31 82.41 -2.17 20.38 -25.04 7.54 35.72
1684257417486138 70.00 0.00 0.00 0.00 82.31 -6.15 82.23 -3.21 6.85 -18.56 7.13 28.34
1684257417503466 70.00 0.00 0.00 0.00 81.34 -6.22 82.09 -3.51 10.26 60.09 8.37 34.95
1684257417518643 70.00 0.00 0.00 0.00 82.23 -7.31 81.95 -3.82 9.21 19.99 7.84 28.33
1684257417534666 70.00 0.00 0.00 0.00 81.34 -6.22 81.82 -3.97 8.70 18.86 7.65 22.28
1684257417550933 70.00 0.00 0.00 0.00 83.18 -7.23 81.88 -4.99 8.04 9.61 9.13 12.48
1684257417567148 70.00 0.00 0.00 0.00 82.23 -7.31 81.87 -5.14 -3.66 63.01 7.90 23.82
1684257417583525 70.00 0.00 0.00 0.00 81.61 -1.50 81.99 -5.28 0.61 8.93 7.55 17.11
1684257417600272 70.00 0.00 0.00 0.00 81.26 -7.40 81.94 -6.17 -6.96 8.45 4.13 21.30
1684257417615718 70.00 0.00 0.00 0.00 81.26 -7.40 81.80 -6.32 3.34 57.37 3.69 30.79
1684257417632380 70.00 0.00 0.00 0.00 81.18 -8.56 81.78 -6.62 7.86 9.38 3.39 24.45
1684257417648922 70.00 0.00 0.00 0.00 81.26 -7.40 81.66 -6.63 1.21 17.70 2.39 24.16
1684257417666268 70.00 0.00 0.00 0.00 81.18 -8.56 81.64 -6.92 6.98 0.58 2.18 21.88
1684257417681358 70.00 0.00 0.00 0.00 80.20 -8.65 81.27 -7.10 1.32 19.41 1.34 23.10
1684257417699112 70.00 0.00 0.00 0.00 80.20 -8.65 81.02 -7.26 21.01 9.97 4.42 16.47
1684257417713740 70.00 0.00 0.00 0.00 80.28 -7.47 80.85 -8.01 17.33 11.39 6.51 16.78
1684257417729943 70.00 0.00 0.00 0.00 79.28 -7.55 80.60 -8.03 10.29 46.13 8.67 21.49
1684257417745837 70.00 0.00 0.00 0.00 79.21 -8.73 80.35 -8.20 15.52 1.22 10.19 14.47
1684257417761806 70.00 0.00 0.00 0.00 80.28 -7.47 80.23 -8.06 16.06 10.43 11.21 14.60
1684257417778243 70.00 0.00 0.00 0.00 79.28 -7.55 79.99 -8.08 6.84 -8.29 11.92 11.35
1684257417796694 70.00 0.00 0.00 0.00 78.66 -0.47 79.67 -7.07 13.37 1.05 12.72 11.41
1684257417810890 70.00 0.00 0.00 0.00 78.35 -6.44 79.44 -6.79 22.19 -71.27 15.33 0.08
1684257417828707 70.00 0.00 0.00 0.00 79.36 -6.37 79.34 -6.51 12.96 -15.48 14.32 -3.10
1684257417846697 70.00 0.00 0.00 0.00 79.78 1.98 79.27 -5.33 5.83 -15.82 12.88 -6.50
1684257417859577 70.00 0.00 0.00 0.00 79.43 -5.19 79.29 -5.03 4.87 -91.79 12.21 -23.74
1684257417876171 70.00 0.00 0.00 0.00 77.03 -11.24 79.02 -5.34 -1.09 -17.81 10.13 -26.12
1684257417893417 70.00 0.00 0.00 0.00 78.42 -5.25 78.79 -5.07 15.77 18.20 10.09 -25.15
1684257417908564 70.00 0.00 0.00 0.00 78.42 -5.25 78.68 -4.78 15.34 -18.33 11.16 -26.41
1684257417925315 70.00 0.00 0.00 0.00 77.46 -4.12 78.53 -5.24 6.46 -17.14 10.29 -28.68
1684257417940494 70.00 0.00 0.00 0.00 78.48 -4.06 78.55 -4.94 9.86 30.09 8.75 -16.01
1684257417958414 70.00 0.00 0.00 0.00 78.48 -4.06 78.44 -4.65 -0.93 -16.59 7.02 -16.15
1684257417973541 70.00 0.00 0.00 0.00 79.56 -2.81 78.41 -5.25 7.23 -19.07 7.19 -16.56
1684257417989911 70.00 0.00 0.00 0.00 75.69 4.24 77.94 -4.07 1.66 36.59 6.79 -0.51
1684257418004736 70.00 0.00 0.00 0.00 76.53 -1.78 77.88 -2.89 31.54 -79.50 10.87 -8.22
1684257418020862 70.00 0.00 0.00 0.00 76.53 -1.78 77.64 -2.45 3.87 -73.33 9.38 -19.66
1684257418037833 70.00 0.00 0.00 0.00 76.58 -0.57 77.41 -1.87 13.90 -25.59 9.20 -20.57
1684257418053726 70.00 0.00 0.00 0.00 76.53 -1.78 77.30 -1.58 14.45 -36.82 10.20 -23.03
1684257418069793 70.00 0.00 0.00 0.00 75.48 -1.83 76.92 -1.30 7.21 -18.25 9.87 -29.07
1684257418086649 70.00 0.00 0.00 0.00 75.69 4.24 76.57 -0.26 22.29 -16.56 12.77 -29.07
1684257418104176 70.00 0.00 0.00 0.00 76.53 -1.78 76.20 -0.13 19.93 -59.23 14.36 -34.09
1684257418118965 70.00 0.00 0.00 0.00 75.53 -0.62 76.17 -0.74 25.59 -8.70 17.35 -39.75
1684257418136245 70.00 0.00 0.00 0.00 75.57 0.59 76.05 -0.44 1.18 35.18 13.55 -25.41
1684257418151501 70.00 0.00 0.00 0.00 75.75 6.69 75.96 0.62 7.87 -19.43 14.05 -18.67
1684257418169390 70.00 0.00 0.00 0.00 75.57 0.59 75.83 0.76 5.45 -59.15 13.00 -22.87
1684257418184774 70.00 0.00 0.00 0.00 75.65 3.02 75.72 1.36 8.21 -9.46 12.22 -19.45
1684257418200314 70.00 0.00 0.00 0.00 75.57 0.59 75.73 1.67 7.07 -38.63 12.20 -22.00
1684257418217070 70.00 0.00 0.00 0.00 75.72 5.46 75.74 1.82 -0.70 -18.07 9.33 -22.19
1684257418233768 70.00 0.00 0.00 0.00 73.58 6.63 75.37 2.87 -0.25 -9.14 6.80 -15.93
1684257418253188 70.00 0.00 0.00 0.00 75.57 0.59 75.37 3.02 18.99 -54.13 5.98 -21.60
1684257418266498 70.00 0.00 0.00 0.00 74.50 0.55 75.24 3.02 -0.42 -11.39 5.78 -27.43
1684257418282096 70.00 0.00 0.00 0.00 75.72 5.46 75.24 2.86 8.58 0.34 5.87 -24.95
1684257418298871 70.00 0.00 0.00 0.00 74.46 -0.67 75.10 2.71 0.23 9.11 5.21 -16.42
1684257418313952 70.00 0.00 0.00 0.00 75.53 -0.62 75.08 2.25 9.23 10.43 5.34 -13.94
1684257418330174 70.00 0.00 0.00 0.00 74.46 -0.67 74.94 2.09 0.97 28.08 4.58 -5.60
1684257418346982 70.00 0.00 0.00 0.00 74.58 2.99 74.80 1.78 8.28 9.36 5.70 -2.17
1684257418362559 70.00 0.00 0.00 0.00 74.54 1.77 74.92 1.18 9.18 19.87 6.88 1.46
1684257418378863 70.00 0.00 0.00 0.00 75.48 -1.83 74.91 0.87 -7.35 37.29 3.59 12.89
1684257418395652 70.00 0.00 0.00 0.00 73.33 -1.93 74.76 0.56 0.70 18.03 3.73 16.56
1684257418411405 70.00 0.00 0.00 0.00 74.41 -1.88 74.60 -0.35 9.27 19.64 3.81 18.98
1684257418428163 70.00 0.00 0.00 0.00 74.36 -3.09 74.59 -0.66 9.78 54.77 5.01 24.68
1684257418445231 70.00 0.00 0.00 0.00 74.41 -1.88 74.45 -0.81 0.70 17.75 3.94 25.60
1684257418460250 70.00 0.00 0.00 0.00 73.46 1.73 74.32 -0.52 9.28 10.48 4.98 23.40
1684257418477828 70.00 0.00 0.00 0.00 75.37 -4.24 74.42 -1.42 7.12 -17.03 4.83 20.10
1684257418494345 70.00 0.00 0.00 0.00 74.31 -4.30 74.39 -2.18 -6.00 54.71 2.94 24.45
1684257418509136 70.00 0.00 0.00 0.00 74.58 2.99 74.28 -1.57 1.96 51.25 4.10 26.20
1684257418526347 70.00 0.00 0.00 0.00 73.28 -3.14 74.27 -1.73 6.53 -34.99 4.83 19.57
1684257418541160 70.00 0.00 0.00 0.00 73.23 -4.35 74.13 -2.04 0.40 10.24 3.72 18.40
1684257418558085 70.00 0.00 0.00 0.00 73.23 -4.35 73.98 -2.19 8.69 18.25 3.58 13.83
1684257418574073 70.00 0.00 0.00 0.00 74.54 1.77 74.00 -1.74 8.81 9.86 4.60 12.84
1684257418591195 70.00 0.00 0.00 0.00 73.23 -4.35 73.97 -2.50 -0.95 -26.62 3.32 8.21
1684257418606494 70.00 0.00 0.00 0.00 73.23 -4.35 73.71 -2.51 1.81 49.67 2.66 16.55
1684257418622357 70.00 0.00 0.00 0.00 73.46 1.73 73.60 -1.76 16.84 0.85 5.51 9.81
1684257418638792 70.00 0.00 0.00 0.00 74.81 -13.75 73.63 -3.85 6.49 -45.84 6.08 -2.32
1684257418658013 70.00 0.00 0.00 0.00 74.36 -3.09 73.76 -3.84 -1.52 108.85 5.07 15.66
1684257418671598 70.00 0.00 0.00 0.00 74.31 -4.30 73.90 -3.84 -9.91 -0.46 3.78 14.32
1684257418688800 70.00 0.00 0.00 0.00 74.31 -4.30 74.03 -3.83 -7.81 -0.38 1.72 11.99
1684257418706903 70.00 0.00 0.00 0.00 73.49 2.95 73.90 -3.68 -7.42 -0.37 -0.31 10.71
1684257418721986 70.00 0.00 0.00 0.00 73.23 -4.35 73.90 -3.68 8.69 -9.82 0.90 12.81
1684257418736496 70.00 0.00 0.00 0.00 73.23 -4.35 73.90 -3.68 0.00 0.00 0.67 6.61
1684257418753964 70.00 0.00 0.00 0.00 72.20 -3.19 73.74 -4.30 -0.00 0.00 -1.43 6.50
1684257418769954 70.00 0.00 0.00 0.00 73.28 -3.14 73.55 -2.97 9.85 38.43 -1.01 17.03
1684257418785323 70.00 0.00 0.00 0.00 73.28 -3.14 73.42 -2.98 12.41 -86.31 0.73 -7.36
1684257418802897 70.00 0.00 0.00 0.00 74.36 -3.09 73.42 -2.82 7.66 0.35 2.92 -7.26
1684257418819115 70.00 0.00 0.00 0.00 73.28 -3.14 73.30 -2.68 -0.40 -9.31 3.85 -8.38
1684257418834240 70.00 0.00 0.00 0.00 73.55 5.40 73.30 -2.37 8.46 -9.57 5.83 -9.53
1684257418850729 70.00 0.00 0.00 0.00 73.28 -3.14 73.31 -2.22 -0.48 -18.58 4.69 -10.62
1684257418866473 70.00 0.00 0.00 0.00 73.28 -3.14 73.32 -2.07 -0.40 -9.61 4.64 -11.82
1684257418882751 70.00 0.00 0.00 0.00 73.28 -3.14 73.45 -2.07 -0.39 -9.30 4.59 -12.99
1684257418898816 70.00 0.00 0.00 0.00 72.24 -1.97 73.32 -1.92 -8.47 -0.37 2.30 -17.84
1684257418915649 70.00 0.00 0.00 0.00 74.41 -1.88 73.46 -1.76 7.75 -8.68 1.72 -8.13
1684257418933031 70.00 0.00 0.00 0.00 73.33 -1.93 73.33 -1.62 -8.10 -9.06 -0.25 -9.31
1684257418947949 70.00 0.00 0.00 0.00 72.36 1.69 73.22 -1.01 8.63 -9.75 0.88 -9.36
1684257418968440 70.00 0.00 0.00 0.00 71.34 5.35 72.94 -1.02 5.65 -29.48 0.52 -11.85
1684257418980482 70.00 0.00 0.00 0.00 71.36 6.58 72.70 0.20 23.00 0.57 3.46 -9.46
1684257419000600 70.00 0.00 0.00 0.00 72.20 -3.19 72.57 0.19 11.94 -60.40 5.00 -15.81
1684257419011741 70.00 0.00 0.00 0.00 73.42 0.51 72.58 0.65 12.21 0.53 6.58 -14.58
1684257419027810 70.00 0.00 0.00 0.00 72.24 -1.97 72.58 0.65 -1.03 -28.38 7.51 -18.08
1684257419044234 70.00 0.00 0.00 0.00 72.20 -3.19 72.31 0.48 0.00 0.00 6.54 -17.00
1684257419061612 70.00 0.00 0.00 0.00 72.28 -0.75 72.17 0.63 15.93 9.41 9.54 -14.69
1684257419077687 70.00 0.00 0.00 0.00 69.05 4.06 71.76 0.93 8.15 -9.13 9.48 -14.61
1684257419092763 70.00 0.00 0.00 0.00 71.93 -9.22 71.83 -0.90 27.41 -19.66 12.20 -13.38
1684257419113441 70.00 0.00 0.00 0.00 71.14 -2.01 71.81 -1.97 -3.55 88.10 8.88 -2.44
1684257419125674 70.00 0.00 0.00 0.00 72.36 1.69 71.83 -1.36 2.29 87.81 7.68 16.09
1684257419141686 70.00 0.00 0.00 0.00 73.33 -1.93 71.82 -1.66 -1.27 -38.10 5.99 11.26
1684257419158579 70.00 0.00 0.00 0.00 72.20 -3.19 71.81 -1.82 0.63 18.01 6.20 17.06
1684257419175369 70.00 0.00 0.00 0.00 72.24 -1.97 71.82 -1.66 0.33 9.06 6.24 18.19
1684257419191165 70.00 0.00 0.00 0.00 73.46 1.73 71.96 -1.35 -0.36 -9.63 4.21 15.81
1684257419207088 70.00 0.00 0.00 0.00 71.36 6.58 72.25 -1.04 -9.20 -19.47 2.04 14.52
1684257419223268 70.00 0.00 0.00 0.00 74.64 5.43 72.59 0.79 -17.84 -19.45 -3.62 14.54
1684257419240082 70.00 0.00 0.00 0.00 71.31 4.12 72.61 1.56 -20.21 -108.97 -5.70 -10.09
1684257419255284 70.00 0.00 0.00 0.00 73.28 -3.14 72.73 0.95 -1.42 -50.40 -6.17 -27.37
1684257419272239 70.00 0.00 0.00 0.00 72.10 -5.61 72.57 0.49 -6.83 35.63 -6.86 -18.15
1684257419289407 70.00 0.00 0.00 0.00 72.15 -4.40 72.57 0.34 8.99 26.83 -5.82 -17.05
1684257419304181 70.00 0.00 0.00 0.00 72.36 1.69 72.58 0.80 0.41 10.27 -5.81 -16.90
1684257419321309 70.00 0.00 0.00 0.00 73.23 -4.35 72.56 0.04 -0.86 -26.74 -5.87 -19.04
1684257419336669 70.00 0.00 0.00 0.00 73.23 -4.35 72.79 -1.33 1.80 49.47 -4.50 -10.42
1684257419353064 70.00 0.00 0.00 0.00 73.49 2.95 72.65 -1.64 -14.27 83.35 -4.05 2.43
1684257419369608 70.00 0.00 0.00 0.00 72.10 -5.61 72.74 -2.85 8.71 18.74 -0.43 18.39
1684257419385938 70.00 0.00 0.00 0.00 73.23 -4.35 72.74 -3.00 -6.01 74.47 -1.01 34.00
1684257419401742 70.00 0.00 0.00 0.00 74.31 -4.30 73.01 -2.84 0.40 9.58 -0.11 30.75
1684257419418904 70.00 0.00 0.00 0.00 74.25 -5.50 73.28 -2.98 -16.11 -9.57 -3.24 26.19
1684257419434789 70.00 0.00 0.00 0.00 74.25 -5.50 73.51 -3.88 -16.56 8.66 -5.36 25.99
1684257419450780 70.00 0.00 0.00 0.00 72.72 -13.91 73.45 -5.07 -14.81 56.24 -7.11 36.37
1684257419466981 70.00 0.00 0.00 0.00 72.87 -11.55 73.40 -5.97 4.00 73.79 -6.83 39.41
1684257419483633 70.00 0.00 0.00 0.00 73.12 -6.76 73.36 -7.19 2.77 54.02 -4.70 35.74
1684257419499818 70.00 0.00 0.00 0.00 74.25 -5.50 73.63 -7.17 2.83 75.03 -5.44 42.78
1684257419516645 70.00 0.00 0.00 0.00 74.54 1.77 73.79 -6.41 -16.01 -0.82 -6.69 33.37
1684257419533210 70.00 0.00 0.00 0.00 73.18 -5.56 73.65 -6.56 -9.85 -46.16 -7.97 26.40
1684257419555984 70.00 0.00 0.00 0.00 72.28 -0.75 73.40 -5.97 6.19 6.92 -5.18 28.46
1684257419568021 70.00 0.00 0.00 0.00 74.13 -7.90 73.39 -6.27 20.46 -49.33 -0.55 21.21
1684257419584600 70.00 0.00 0.00 0.00 73.12 -6.76 73.44 -5.38 0.91 18.09 1.41 16.44
1684257419598127 70.00 0.00 0.00 0.00 74.36 -3.09 73.63 -4.32 -3.78 -66.08 0.44 -1.04
1684257419613246 70.00 0.00 0.00 0.00 74.19 -6.70 73.76 -4.31 -12.36 -69.92 -1.45 -16.53
1684257419629830 70.00 0.00 0.00 0.00 73.28 -3.14 73.64 -4.02 -8.06 -0.45 -2.81 -25.97
