#Task Selector: 5
#PID Parameters: kp: 0.06, kd: 0.04, ki: 0.02
#n_pos: 8
#n_vel: 8
t x_ref y_ref vx_ref vy_ref x_raw y_raw x y vx_raw vy_raw vx vy
1684257752636277 0.00 0.00 0.00 0.00 -0.48 2.74 -0.06 0.34 0.00 0.00 0.00 0.00
1684257752636278 0.00 0.00 0.00 0.00 -0.48 2.74 -0.12 0.69 3.44 -19.45 0.43 -2.43
1684257752650755 0.00 0.00 0.00 0.00 -1.73 2.74 -0.34 1.03 4.18 -23.67 0.95 -5.39
1684257752666375 0.00 0.00 0.00 0.00 0.76 2.74 -0.24 1.37 13.86 -21.93 2.68 -8.13
1684257752683683 0.00 0.00 0.00 0.00 2.01 4.00 0.01 1.87 -5.51 -19.81 2.00 -10.61
1684257752699264 0.00 0.00 0.00 0.00 0.76 4.00 0.10 2.37 -16.13 -32.06 -0.02 -14.62
1684257752716231 0.00 0.00 0.00 0.00 -0.48 2.74 0.04 2.71 -5.63 -29.44 -0.73 -18.30
1684257752732810 0.00 0.00 0.00 0.00 3.26 4.00 0.45 3.21 3.65 -20.67 -0.27 -20.88
1684257752749063 0.00 0.00 0.00 0.00 2.01 4.00 0.76 3.37 -25.06 -30.74 -3.40 -24.72
1684257752764294 0.00 0.00 0.00 0.00 2.01 4.00 1.08 3.53 -20.48 -10.30 -6.39 -23.58
1684257752780517 0.00 0.00 0.00 0.00 2.01 2.74 1.54 3.53 -19.23 -9.67 -9.32 -21.83
1684257752797390 0.00 0.00 0.00 0.00 2.01 2.74 1.70 3.53 -27.73 -0.03 -14.51 -19.09
1684257752813212 0.00 0.00 0.00 0.00 3.26 2.74 1.85 3.37 -9.85 -0.01 -15.06 -16.62
1684257752829341 0.00 0.00 0.00 0.00 3.26 2.74 2.17 3.21 -9.66 9.70 -14.25 -11.39
1684257752846016 0.00 0.00 0.00 0.00 4.50 1.49 2.79 3.06 -18.69 9.38 -15.88 -6.54
1684257752861865 0.00 0.00 0.00 0.00 4.50 1.49 2.95 2.74 -39.35 9.87 -21.25 -2.73
1684257752878395 0.00 0.00 0.00 0.00 3.26 1.49 3.10 2.43 -9.43 18.96 -19.30 3.49
1684257752894814 0.00 0.00 0.00 0.00 4.50 1.49 3.41 2.12 -9.49 19.08 -17.93 7.16
1684257752911221 0.00 0.00 0.00 0.00 5.75 0.24 3.88 1.80 -19.00 19.09 -17.90 10.76
1684257752927226 0.00 0.00 0.00 0.00 7.00 0.23 4.51 1.49 -29.23 19.60 -18.09 13.21
1684257752943297 0.00 0.00 0.00 0.00 7.00 -1.02 4.97 1.02 -38.82 19.52 -21.71 15.65
1684257752960607 0.00 0.00 0.00 0.00 7.00 -1.02 5.44 0.55 -27.04 27.20 -23.88 17.84
1684257752976045 0.00 0.00 0.00 0.00 7.00 1.49 5.75 0.55 -30.32 30.50 -25.33 20.48
1684257752991501 0.00 0.00 0.00 0.00 7.00 -2.28 6.07 0.08 -20.18 0.01 -22.94 19.25
1684257753006971 0.00 0.00 0.00 0.00 9.50 -2.28 6.85 -0.39 -20.19 30.47 -24.28 20.68
1684257753023832 0.00 0.00 0.00 0.00 9.50 -2.28 7.47 -0.87 -46.30 27.98 -28.88 21.80
1684257753039753 0.00 0.00 0.00 0.00 9.50 -2.28 7.94 -1.18 -39.24 29.63 -31.41 23.11
1684257753056286 0.00 0.00 0.00 0.00 10.75 -2.29 8.41 -1.50 -28.35 19.04 -31.30 23.05
1684257753072783 0.00 0.00 0.00 0.00 10.75 -2.29 8.88 -1.65 -28.43 19.10 -30.01 22.99
1684257753088945 0.00 0.00 0.00 0.00 10.76 -3.55 9.35 -1.97 -29.01 9.78 -30.25 20.81
1684257753104886 0.00 0.00 0.00 0.00 12.01 -3.55 9.97 -2.60 -29.43 19.79 -30.14 19.47
1684257753120913 0.00 0.00 0.00 0.00 13.26 -4.81 10.75 -2.92 -39.05 39.29 -32.50 24.38
1684257753137016 0.00 0.00 0.00 0.00 13.26 -3.55 11.22 -3.07 -48.58 19.66 -36.05 23.03
1684257753153334 0.00 0.00 0.00 0.00 13.26 -4.81 11.69 -3.39 -28.77 9.72 -33.86 20.75
1684257753169956 0.00 0.00 0.00 0.00 14.51 -3.56 12.32 -3.55 -28.27 19.02 -32.48 19.42
1684257753186523 0.00 0.00 0.00 0.00 14.51 -3.56 12.79 -3.71 -37.78 9.60 -33.66 18.24
1684257753203126 0.00 0.00 0.00 0.00 15.76 -3.56 13.42 -3.87 -28.29 9.56 -33.65 17.05
1684257753220907 0.00 0.00 0.00 0.00 15.77 -4.82 14.04 -4.03 -35.22 8.96 -34.42 16.95
1684257753234801 0.00 0.00 0.00 0.00 15.77 -4.82 14.51 -4.19 -45.09 11.48 -36.38 15.91
1684257753250997 0.00 0.00 0.00 0.00 15.74 1.47 14.82 -3.40 -29.03 9.82 -35.13 12.23
1684257753268795 0.00 0.00 0.00 0.00 19.53 -4.84 15.61 -3.56 -17.44 -44.13 -31.24 4.25
1684257753283394 0.00 0.00 0.00 0.00 17.02 -4.83 16.08 -3.56 -53.71 11.00 -34.35 4.41
1684257753300051 0.00 0.00 0.00 0.00 17.02 -3.57 16.39 -3.56 -28.21 0.10 -34.35 2.05
1684257753316137 0.00 0.00 0.00 0.00 17.02 -3.57 16.70 -3.57 -19.47 0.07 -32.06 0.86
1684257753332872 0.00 0.00 0.00 0.00 17.02 -3.57 16.86 -3.57 -18.72 0.07 -30.86 -0.33
1684257753348409 0.00 0.00 0.00 0.00 18.26 -2.31 17.17 -3.25 -10.08 0.04 -27.72 -1.44
1684257753365418 0.00 0.00 0.00 0.00 18.27 -3.57 17.48 -3.10 -18.35 -18.45 -24.38 -5.18
1684257753380994 0.00 0.00 0.00 0.00 19.52 -2.32 17.96 -3.57 -20.09 -10.04 -23.26 -7.67
1684257753397990 0.00 0.00 0.00 0.00 19.52 -2.32 17.96 -3.25 -27.76 27.85 -24.55 1.33
1684257753413867 0.00 0.00 0.00 0.00 19.52 -2.32 18.27 -2.94 0.09 -19.85 -17.83 -2.52
1684257753430597 0.00 0.00 0.00 0.00 19.52 -2.32 18.58 -2.78 -18.67 -18.75 -16.63 -4.88
1684257753446017 0.00 0.00 0.00 0.00 19.51 -1.06 18.89 -2.47 -20.29 -10.12 -16.73 -6.16
1684257753462715 0.00 0.00 0.00 0.00 18.26 -2.31 19.05 -2.31 -18.70 -18.77 -16.73 -8.51
1684257753478893 0.00 0.00 0.00 0.00 18.26 -2.31 19.05 -2.31 -9.65 -9.69 -16.68 -9.73
1684257753494450 0.00 0.00 0.00 0.00 18.26 -1.05 19.05 -2.00 0.00 0.00 -14.38 -7.42
1684257753511375 0.00 0.00 0.00 0.00 18.26 -1.05 18.89 -1.84 0.08 -18.60 -11.86 -8.49
1684257753527573 0.00 0.00 0.00 0.00 18.26 -2.31 18.73 -1.84 9.72 -9.75 -7.18 -13.19
1684257753545165 0.00 0.00 0.00 0.00 18.26 -2.31 18.58 -1.84 8.91 -0.04 -6.07 -10.72
1684257753560850 0.00 0.00 0.00 0.00 17.01 -1.05 18.26 -1.68 10.00 -0.04 -2.49 -8.38
1684257753577315 0.00 0.00 0.00 0.00 18.26 -1.05 18.11 -1.68 19.08 -9.63 2.43 -8.32
1684257753593585 0.00 0.00 0.00 0.00 15.75 0.21 17.79 -1.37 9.64 -0.04 5.97 -5.98
1684257753609069 0.00 0.00 0.00 0.00 17.01 -1.05 17.63 -1.21 20.31 -20.39 9.72 -7.31
1684257753624871 0.00 0.00 0.00 0.00 17.01 -1.05 17.48 -1.21 9.96 -10.00 10.96 -8.56
1684257753644214 0.00 0.00 0.00 0.00 17.01 -1.05 17.32 -1.21 8.10 -0.03 11.96 -6.24
1684257753658388 0.00 0.00 0.00 0.00 18.26 -2.31 17.32 -1.21 11.05 -0.04 12.13 -5.03
1684257753673988 0.00 0.00 0.00 0.00 18.26 -1.05 17.32 -1.05 0.00 0.00 11.02 -5.02
1684257753689972 0.00 0.00 0.00 0.00 17.01 -1.05 17.32 -1.05 0.04 -9.84 9.77 -6.25
1684257753705932 0.00 0.00 0.00 0.00 18.26 -1.05 17.32 -1.05 0.00 0.00 7.39 -5.04
1684257753722718 0.00 0.00 0.00 0.00 17.01 -2.31 17.48 -1.36 0.00 0.00 6.18 -5.04
1684257753738798 0.00 0.00 0.00 0.00 18.26 -2.31 17.63 -1.52 -9.81 19.59 2.42 -0.04
1684257753755249 0.00 0.00 0.00 0.00 18.27 -3.57 17.79 -1.84 -9.56 9.60 -0.02 2.41
1684257753771293 0.00 0.00 0.00 0.00 18.25 1.46 17.95 -1.52 -9.85 19.66 -2.27 4.87
1684257753787721 0.00 0.00 0.00 0.00 19.52 -3.58 18.11 -1.68 -9.46 -19.09 -4.83 2.49
1684257753803819 0.00 0.00 0.00 0.00 19.52 -3.58 18.26 -2.00 -9.79 9.82 -6.05 3.72
1684257753820496 0.00 0.00 0.00 0.00 19.52 -3.58 18.58 -2.31 -9.49 18.92 -7.24 7.31
1684257753836512 0.00 0.00 0.00 0.00 20.79 -4.84 18.89 -2.79 -19.66 19.74 -9.70 9.78
1684257753852865 0.00 0.00 0.00 0.00 18.28 -4.83 19.05 -3.10 -19.32 28.97 -12.12 13.40
1684257753869094 0.00 0.00 0.00 0.00 20.78 -3.58 19.37 -3.26 -9.74 19.45 -12.11 13.38
1684257753885337 0.00 0.00 0.00 0.00 19.53 -4.84 19.52 -3.42 -19.36 9.78 -13.33 13.41
1684257753901568 0.00 0.00 0.00 0.00 18.28 -4.83 19.53 -4.21 -9.71 9.75 -13.32 12.17
1684257753919726 0.00 0.00 0.00 0.00 19.54 -6.10 19.53 -4.52 -0.18 43.32 -12.16 19.97
1684257753934138 0.00 0.00 0.00 0.00 19.54 -6.10 19.53 -4.84 -0.10 21.88 -10.94 21.48
1684257753950378 0.00 0.00 0.00 0.00 18.28 -6.09 19.38 -5.15 -0.09 19.42 -9.77 21.54
1684257753967068 0.00 0.00 0.00 0.00 20.79 -6.10 19.38 -5.31 9.32 18.85 -6.15 21.43
1684257753982704 0.00 0.00 0.00 0.00 19.54 -6.10 19.53 -5.47 -0.05 10.09 -3.74 19.07
1684257753999196 0.00 0.00 0.00 0.00 19.54 -6.10 19.38 -5.78 -9.56 9.61 -3.72 17.84
1684257754014632 0.00 0.00 0.00 0.00 19.54 -7.36 19.38 -6.10 10.08 20.38 -0.04 19.16
1684257754032352 0.00 0.00 0.00 0.00 19.54 -6.10 19.54 -6.26 -0.08 17.81 1.17 20.17
1684257754046500 0.00 0.00 0.00 0.00 20.80 -7.37 19.70 -6.42 -11.14 11.20 -0.20 16.15
1684257754062653 0.00 0.00 0.00 0.00 19.54 -7.36 19.70 -6.57 -9.77 9.82 -1.41 14.64
1684257754079270 0.00 0.00 0.00 0.00 18.28 -6.09 19.70 -6.57 -0.04 9.50 -1.41 13.41
1684257754095652 0.00 0.00 0.00 0.00 19.54 -7.36 19.54 -6.73 0.00 0.00 -2.57 11.05
1684257754111936 0.00 0.00 0.00 0.00 20.80 -7.37 19.70 -6.89 9.60 9.65 -1.36 10.99
1684257754128280 0.00 0.00 0.00 0.00 19.54 -7.36 19.70 -7.05 -9.65 9.70 -1.38 11.01
1684257754145043 0.00 0.00 0.00 0.00 18.28 -4.83 19.54 -6.73 -0.04 9.42 -2.64 9.64
1684257754160209 0.00 0.00 0.00 0.00 18.28 -6.09 19.38 -6.73 10.44 -20.85 -1.33 4.80
1684257754176997 0.00 0.00 0.00 0.00 18.28 -6.09 19.07 -6.57 9.35 -0.04 1.24 3.40
1684257754193632 0.00 0.00 0.00 0.00 18.28 -6.09 18.91 -6.41 18.92 -9.57 4.82 0.97
1684257754209641 0.00 0.00 0.00 0.00 17.03 -6.09 18.75 -6.41 9.85 -9.90 6.06 -1.45
1684257754227814 0.00 0.00 0.00 0.00 17.02 -4.83 18.44 -6.09 8.63 -0.04 7.14 -1.46
1684257754243268 0.00 0.00 0.00 0.00 15.77 -4.82 17.81 -5.78 20.39 -20.51 8.49 -5.22
1684257754258804 0.00 0.00 0.00 0.00 17.02 -4.83 17.49 -5.46 40.48 -20.48 14.75 -9.00
1684257754274420 0.00 0.00 0.00 0.00 15.76 -3.56 17.18 -5.30 20.18 -20.29 17.28 -12.71
1684257754291070 0.00 0.00 0.00 0.00 17.02 -4.83 17.02 -5.14 18.87 -9.54 18.33 -11.30
1684257754306694 0.00 0.00 0.00 0.00 17.02 -4.83 16.87 -4.98 10.08 -10.14 18.43 -12.56
1684257754324411 0.00 0.00 0.00 0.00 17.02 -4.83 16.71 -4.82 8.89 -8.94 17.17 -12.48
1684257754339286 0.00 0.00 0.00 0.00 17.02 -3.57 16.71 -4.51 10.59 -10.65 17.26 -12.57
1684257754356000 0.00 0.00 0.00 0.00 15.76 -3.56 16.55 -4.35 0.08 -18.86 16.20 -14.93
1684257754372895 0.00 0.00 0.00 0.00 17.01 -2.31 16.70 -4.04 9.31 -9.36 14.81 -13.53
1684257754387750 0.00 0.00 0.00 0.00 15.76 -2.30 16.55 -3.72 -10.47 -21.17 8.44 -13.62
1684257754405797 0.00 0.00 0.00 0.00 15.76 -3.56 16.55 -3.72 8.75 -17.49 7.01 -13.27
1684257754420838 0.00 0.00 0.00 0.00 15.76 -2.30 16.39 -3.41 0.00 0.00 4.65 -12.08
1684257754438366 0.00 0.00 0.00 0.00 15.76 -2.30 16.23 -3.09 9.01 -18.01 4.52 -13.06
1684257754452671 0.00 0.00 0.00 0.00 17.01 -2.31 16.23 -2.78 11.04 -22.06 4.79 -14.70
1684257754470431 0.00 0.00 0.00 0.00 15.76 -2.30 16.07 -2.62 0.07 -17.74 3.47 -15.59
1684257754485262 0.00 0.00 0.00 0.00 14.50 -1.04 15.91 -2.30 10.60 -10.66 4.79 -14.56
1684257754501765 0.00 0.00 0.00 0.00 15.76 -2.30 15.76 -2.30 9.55 -19.10 4.82 -15.78
1684257754517995 0.00 0.00 0.00 0.00 15.75 -1.04 15.76 -2.14 9.65 -0.04 7.33 -13.14
1684257754534809 0.00 0.00 0.00 0.00 17.01 -1.05 15.91 -1.83 0.03 -9.35 6.24 -12.12
1684257754550440 0.00 0.00 0.00 0.00 15.75 -1.04 15.91 -1.67 -9.94 -20.10 5.00 -14.63
1684257754567344 0.00 0.00 0.00 0.00 15.75 -1.04 15.91 -1.52 0.03 -9.30 3.88 -13.54
1684257754584058 0.00 0.00 0.00 0.00 15.75 -1.04 15.75 -1.36 0.03 -9.41 2.50 -11.96
1684257754600384 0.00 0.00 0.00 0.00 17.01 -1.05 15.91 -1.20 9.63 -9.67 3.70 -10.95
1684257754615619 0.00 0.00 0.00 0.00 15.75 -1.04 16.07 -1.20 -10.24 -10.29 1.09 -10.91
1684257754632577 0.00 0.00 0.00 0.00 14.50 0.22 15.91 -0.89 -9.23 0.03 -1.25 -8.52
1684257754647999 0.00 0.00 0.00 0.00 15.75 -1.04 15.91 -0.89 10.22 -20.42 -1.18 -11.06
1684257754664841 0.00 0.00 0.00 0.00 14.50 -1.04 15.60 -0.89 0.00 0.00 -1.19 -9.90
1684257754681891 0.00 0.00 0.00 0.00 14.49 3.98 15.44 -0.26 18.36 -0.07 2.35 -7.39
1684257754697391 0.00 0.00 0.00 0.00 14.50 -1.04 15.28 -0.26 10.22 -40.53 3.62 -11.29
1684257754713556 0.00 0.00 0.00 0.00 14.50 -1.04 15.13 -0.26 9.68 -0.03 4.83 -10.12
1684257754730199 0.00 0.00 0.00 0.00 15.75 -1.04 14.97 -0.26 9.40 -0.03 4.80 -8.92
1684257754746196 0.00 0.00 0.00 0.00 14.50 -1.04 14.81 -0.25 9.79 -0.04 7.30 -7.64
1684257754763527 0.00 0.00 0.00 0.00 14.50 -1.04 14.81 -0.41 9.03 -0.03 9.59 -7.64
1684257754779020 0.00 0.00 0.00 0.00 15.76 -3.56 14.81 -0.73 -0.03 10.14 8.31 -3.82
1684257754795245 0.00 0.00 0.00 0.00 14.50 -1.04 14.81 -0.73 -0.07 19.40 8.30 -1.40
1684257754813028 0.00 0.00 0.00 0.00 15.75 -1.04 14.97 -1.35 0.00 0.00 6.00 -1.39
1684257754826922 0.00 0.00 0.00 0.00 15.75 -1.04 15.13 -1.36 -11.40 45.21 3.30 9.33
1684257754843686 0.00 0.00 0.00 0.00 15.75 -1.04 15.29 -1.36 -9.34 0.03 0.92 9.34
1684257754859127 0.00 0.00 0.00 0.00 15.76 -2.30 15.29 -1.51 -10.13 0.03 -1.52 9.34
1684257754876049 0.00 0.00 0.00 0.00 15.75 -1.04 15.44 -1.51 -0.03 9.30 -2.75 10.51
1684257754892505 0.00 0.00 0.00 0.00 15.75 -1.04 15.60 -1.51 -9.51 0.03 -5.06 10.52
1684257754908812 0.00 0.00 0.00 0.00 15.75 -1.04 15.60 -1.20 -9.60 0.03 -6.26 9.25
1684257754927796 0.00 0.00 0.00 0.00 18.26 -2.31 16.07 -1.36 0.06 -16.58 -6.24 4.76
1684257754947581 0.00 0.00 0.00 0.00 15.75 -1.04 16.07 -1.36 -23.78 8.04 -9.22 5.76
1684257754961158 0.00 0.00 0.00 0.00 15.75 -1.04 16.07 -1.36 0.00 0.00 -7.79 0.11
1684257754973655 0.00 0.00 0.00 0.00 15.75 -1.04 16.07 -1.36 0.00 0.00 -6.62 0.11
1684257754990313 0.00 0.00 0.00 0.00 15.75 -1.04 16.07 -1.20 0.00 0.00 -5.36 0.10
1684257755004516 0.00 0.00 0.00 0.00 15.75 -1.04 16.07 -1.20 0.04 -11.07 -5.35 -2.44
1684257755021250 0.00 0.00 0.00 0.00 15.75 -1.04 16.07 -1.20 0.00 0.00 -4.16 -2.45
1684257755037807 0.00 0.00 0.00 0.00 14.51 -2.30 15.91 -1.36 0.00 0.00 -2.96 -2.45
1684257755053007 0.00 0.00 0.00 0.00 14.51 -2.30 15.44 -1.36 10.26 10.31 -1.68 0.91
1684257755070847 0.00 0.00 0.00 0.00 14.51 -2.30 15.29 -1.51 26.34 -0.10 4.58 -0.11
1684257755086086 0.00 0.00 0.00 0.00 14.51 -2.30 15.13 -1.67 10.23 10.29 5.86 1.18
1684257755104552 0.00 0.00 0.00 0.00 13.25 -1.03 14.82 -1.67 8.45 8.49 6.92 2.24
1684257755118700 0.00 0.00 0.00 0.00 13.25 -2.29 14.50 -1.82 22.11 -0.07 9.68 2.23
1684257755134546 0.00 0.00 0.00 0.00 14.51 -2.30 14.35 -1.98 19.72 9.86 12.14 4.85
1684257755151194 0.00 0.00 0.00 0.00 13.25 -2.29 14.04 -2.14 9.37 9.42 13.31 6.02
1684257755167857 0.00 0.00 0.00 0.00 13.25 -2.29 13.88 -2.14 18.75 9.38 15.65 7.20
1684257755183588 0.00 0.00 0.00 0.00 13.25 -2.29 13.72 -2.14 9.95 -0.03 15.61 5.90
1684257755199725 0.00 0.00 0.00 0.00 13.25 -2.29 13.57 -2.14 9.70 -0.03 13.53 5.91
1684257755216014 0.00 0.00 0.00 0.00 13.25 -2.29 13.41 -2.14 9.60 -0.03 13.46 4.62
1684257755232309 0.00 0.00 0.00 0.00 10.75 -2.29 13.10 -2.29 9.60 -0.03 13.60 3.56
1684257755248863 0.00 0.00 0.00 0.00 13.25 -1.03 13.10 -2.14 18.86 9.45 13.19 4.75
1684257755265610 0.00 0.00 0.00 0.00 12.01 -3.55 12.78 -2.29 0.03 -9.39 10.73 2.34
1684257755281330 0.00 0.00 0.00 0.00 12.01 -3.55 12.63 -2.45 19.88 9.95 12.05 2.41
1684257755297292 0.00 0.00 0.00 0.00 12.00 -2.29 12.47 -2.45 9.77 9.83 10.92 2.47
1684257755315013 0.00 0.00 0.00 0.00 12.00 -2.29 12.32 -2.45 8.82 -0.02 10.78 2.47
1684257755330575 0.00 0.00 0.00 0.00 10.75 -2.29 12.00 -2.45 10.05 -0.03 10.83 2.47
1684257755348234 0.00 0.00 0.00 0.00 12.01 -3.55 11.85 -2.60 17.71 -0.05 11.84 2.47
1684257755362509 0.00 0.00 0.00 0.00 12.01 -3.55 12.00 -2.76 10.93 11.00 12.01 3.84
1684257755381818 0.00 0.00 0.00 0.00 12.00 -2.29 11.85 -2.92 -8.12 8.17 8.63 3.68
1684257755395090 0.00 0.00 0.00 0.00 12.00 -2.29 11.85 -2.76 11.75 11.82 10.10 6.33
1684257755411984 0.00 0.00 0.00 0.00 12.01 -3.55 11.85 -2.76 0.02 -9.32 7.62 3.93
1684257755427562 0.00 0.00 0.00 0.00 10.75 -2.29 11.69 -2.76 0.00 0.00 6.40 2.70
1684257755447412 0.00 0.00 0.00 0.00 12.01 -3.55 11.69 -2.92 7.87 -0.02 6.28 2.70
1684257755460270 0.00 0.00 0.00 0.00 12.00 -2.29 11.85 -2.92 -0.03 12.24 5.02 4.23
1684257755476574 0.00 0.00 0.00 0.00 12.00 -2.29 11.85 -2.76 -9.59 0.02 1.60 4.24
1684257755492904 0.00 0.00 0.00 0.00 14.51 -2.30 12.16 -2.60 0.03 -9.64 0.24 1.66
1684257755509263 0.00 0.00 0.00 0.00 13.25 -2.29 12.32 -2.61 -19.10 -9.57 -1.13 -0.56
1684257755524790 0.00 0.00 0.00 0.00 14.51 -2.30 12.63 -2.61 -10.07 0.03 -3.86 -2.03
1684257755541767 0.00 0.00 0.00 0.00 13.26 -3.55 12.79 -2.61 -18.43 0.05 -6.16 -0.86
1684257755557628 0.00 0.00 0.00 0.00 14.51 -2.30 13.26 -2.61 -9.86 0.03 -7.40 -0.86
1684257755574138 0.00 0.00 0.00 0.00 13.25 -2.29 13.41 -2.45 -28.42 0.08 -11.93 -0.84
1684257755590238 0.00 0.00 0.00 0.00 14.51 -2.30 13.72 -2.45 -9.69 -9.75 -13.14 -3.59
1684257755606577 0.00 0.00 0.00 0.00 13.25 -2.29 13.88 -2.45 -19.15 0.06 -14.34 -3.59
1684257755623979 0.00 0.00 0.00 0.00 14.50 -1.04 13.88 -2.29 -8.99 0.03 -15.46 -2.38
1684257755639173 0.00 0.00 0.00 0.00 13.25 -1.03 13.88 -2.14 0.03 -10.35 -13.07 -2.48
1684257755654749 0.00 0.00 0.00 0.00 14.51 -2.30 13.88 -2.14 0.03 -10.10 -11.81 -3.74
1684257755671149 0.00 0.00 0.00 0.00 13.25 -2.29 13.88 -1.98 0.00 0.00 -9.50 -3.75
1684257755687283 0.00 0.00 0.00 0.00 14.50 -1.04 13.88 -1.82 0.03 -9.76 -8.27 -4.97
1684257755704206 0.00 0.00 0.00 0.00 13.25 -2.29 13.88 -1.82 0.03 -9.29 -4.71 -6.15
1684257755722049 0.00 0.00 0.00 0.00 15.76 -2.30 14.03 -1.82 0.00 0.00 -3.50 -4.93
1684257755736664 0.00 0.00 0.00 0.00 13.25 -2.29 14.03 -1.82 -10.71 0.04 -2.45 -4.93
1684257755754111 0.00 0.00 0.00 0.00 14.50 -1.04 14.03 -1.82 0.00 0.00 -1.32 -4.93
1684257755768916 0.00 0.00 0.00 0.00 13.25 -2.29 14.04 -1.98 -0.00 0.00 -1.33 -3.64
1684257755786132 0.00 0.00 0.00 0.00 14.50 -1.04 14.03 -1.82 -0.03 9.13 -1.33 -1.23
1684257755802006 0.00 0.00 0.00 0.00 13.28 -9.87 14.04 -2.77 0.03 -9.91 -1.33 -2.47
1684257755819546 0.00 0.00 0.00 0.00 13.25 -2.29 13.88 -2.93 -0.16 53.97 -1.35 5.49
1684257755833868 0.00 0.00 0.00 0.00 13.25 -1.03 13.88 -2.77 10.89 10.95 0.00 8.02
1684257755850158 0.00 0.00 0.00 0.00 13.25 -1.03 13.57 -2.61 0.03 -9.65 0.01 6.82
1684257755866477 0.00 0.00 0.00 0.00 13.25 -1.03 13.57 -2.45 19.21 -9.70 3.75 5.60
1684257755883268 0.00 0.00 0.00 0.00 12.00 -1.03 13.25 -2.45 0.03 -9.37 3.75 4.43
1684257755899389 0.00 0.00 0.00 0.00 13.25 -2.29 13.25 -2.45 19.40 -0.06 6.17 4.42
1684257755914897 0.00 0.00 0.00 0.00 13.25 -1.03 13.10 -2.45 0.00 0.00 6.18 3.28
1684257755931828 0.00 0.00 0.00 0.00 12.00 -1.03 12.94 -1.35 9.24 -0.03 7.33 4.51
1684257755947254 0.00 0.00 0.00 0.00 12.00 -1.03 12.78 -1.19 10.35 -71.58 8.64 -11.18
1684257755964382 0.00 0.00 0.00 0.00 12.00 -1.03 12.63 -1.19 9.15 -9.21 8.43 -13.70
1684257755980486 0.00 0.00 0.00 0.00 12.00 -1.03 12.47 -1.19 9.71 -0.03 9.64 -12.50
1684257755996642 0.00 0.00 0.00 0.00 10.75 -1.03 12.16 -1.19 9.68 -0.03 8.44 -11.29
1684257756013137 0.00 0.00 0.00 0.00 10.75 0.23 12.00 -1.03 18.95 -0.05 10.81 -10.12
1684257756032227 0.00 0.00 0.00 0.00 9.50 0.23 11.53 -0.72 8.20 -8.25 9.41 -11.15
1684257756044370 0.00 0.00 0.00 0.00 8.25 0.23 10.91 -0.56 38.66 -25.98 14.24 -14.39
1684257756060895 0.00 0.00 0.00 0.00 9.50 0.23 10.59 -0.40 37.83 -9.59 17.82 -15.59
1684257756078321 0.00 0.00 0.00 0.00 8.25 0.23 10.12 -0.24 17.95 -9.05 18.77 -7.77
1684257756098307 0.00 0.00 0.00 0.00 9.50 0.23 9.81 -0.08 23.46 -7.91 20.55 -7.61
1684257756112632 0.00 0.00 0.00 0.00 9.50 0.23 9.50 0.07 21.83 -11.01 22.07 -8.98
1684257756125755 0.00 0.00 0.00 0.00 9.50 1.49 9.34 0.39 23.83 -12.02 23.84 -10.48
1684257756142236 0.00 0.00 0.00 0.00 9.50 0.23 9.19 0.39 9.51 -19.07 22.66 -12.86
1684257756161077 0.00 0.00 0.00 0.00 9.50 0.23 9.19 0.39 8.29 -0.02 22.67 -11.83
1684257756177812 0.00 0.00 0.00 0.00 8.25 0.23 9.19 0.39 0.00 0.00 17.84 -8.58
1684257756190843 0.00 0.00 0.00 0.00 8.25 1.49 9.03 0.55 0.00 0.00 13.11 -7.38
1684257756208981 0.00 0.00 0.00 0.00 8.25 0.23 9.03 0.55 8.62 -8.66 11.94 -7.34
1684257756223541 0.00 0.00 0.00 0.00 9.49 2.74 9.03 0.86 0.00 0.00 9.01 -6.35
1684257756239737 0.00 0.00 0.00 0.00 7.00 0.23 8.72 0.86 0.03 -19.37 6.28 -7.39
1684257756255992 0.00 0.00 0.00 0.00 8.25 0.23 8.56 0.70 19.20 -0.03 5.71 -5.89
1684257756272919 0.00 0.00 0.00 0.00 7.00 0.23 8.25 0.70 9.21 9.26 5.67 -2.35
1684257756288692 0.00 0.00 0.00 0.00 9.50 0.23 8.25 0.70 19.79 -0.03 7.11 -2.35
1684257756304439 0.00 0.00 0.00 0.00 8.25 -1.02 8.25 0.55 0.00 0.00 7.11 -2.35
1684257756320758 0.00 0.00 0.00 0.00 8.25 0.23 8.25 0.39 -0.01 9.62 7.10 -1.15
1684257756338527 0.00 0.00 0.00 0.00 7.00 0.23 8.09 0.39 -0.01 8.83 6.03 1.04
1684257756353405 0.00 0.00 0.00 0.00 8.25 0.23 7.94 0.08 10.49 -0.01 7.34 1.03
1684257756370160 0.00 0.00 0.00 0.00 8.25 0.23 8.09 0.08 9.28 18.71 8.49 5.79
1684257756386219 0.00 0.00 0.00 0.00 9.50 0.23 8.25 0.08 -9.72 0.01 4.88 5.80
1684257756404617 0.00 0.00 0.00 0.00 8.25 0.23 8.41 0.08 -8.48 0.01 2.67 4.64
1684257756418335 0.00 0.00 0.00 0.00 8.25 0.23 8.25 0.08 -11.38 0.01 -1.23 4.65
1684257756434386 0.00 0.00 0.00 0.00 8.25 0.23 8.25 0.23 9.72 -0.01 -0.01 4.65
1684257756450762 0.00 0.00 0.00 0.00 8.25 0.23 8.25 0.23 0.01 -9.59 -0.01 2.24
1684257756468326 0.00 0.00 0.00 0.00 8.25 0.23 8.41 0.23 0.00 0.00 -0.01 1.14
1684257756484109 0.00 0.00 0.00 0.00 8.25 0.23 8.41 0.23 -9.89 0.01 -2.56 1.14
1684257756502710 0.00 0.00 0.00 0.00 8.25 0.23 8.41 0.23 0.00 0.00 -3.72 -1.19
1684257756516997 0.00 0.00 0.00 0.00 8.25 0.23 8.25 0.23 0.00 0.00 -2.50 -1.20
1684257756532402 0.00 0.00 0.00 0.00 9.50 0.23 8.41 0.23 10.13 -0.02 -0.17 -1.20
1684257756548468 0.00 0.00 0.00 0.00 8.25 0.23 8.41 0.23 -9.72 0.01 0.03 -1.20
1684257756564876 0.00 0.00 0.00 0.00 9.50 0.23 8.56 0.23 0.00 0.00 -1.18 -1.20
1684257756580761 0.00 0.00 0.00 0.00 8.25 0.23 8.56 0.23 -9.83 0.02 -2.41 0.00
1684257756598235 0.00 0.00 0.00 0.00 8.25 1.49 8.56 0.39 0.00 0.00 -2.41 0.00
1684257756613351 0.00 0.00 0.00 0.00 9.50 0.23 8.72 0.39 0.01 -10.38 -1.17 -1.30
1684257756630024 0.00 0.00 0.00 0.00 9.50 0.23 8.87 0.39 -9.36 0.01 -2.34 -1.29
1684257756646115 0.00 0.00 0.00 0.00 9.50 1.49 9.03 0.55 -9.70 0.01 -3.56 -1.29
1684257756663128 0.00 0.00 0.00 0.00 9.50 1.49 9.03 0.70 -9.16 -9.21 -5.97 -2.44
1684257756678481 0.00 0.00 0.00 0.00 9.50 1.49 9.18 0.86 0.02 -10.22 -4.75 -3.72
1684257756694804 0.00 0.00 0.00 0.00 9.50 0.23 9.18 0.86 -9.55 -9.60 -5.95 -4.92
1684257756711020 0.00 0.00 0.00 0.00 7.00 1.49 9.03 1.02 0.00 0.00 -4.72 -4.92
1684257756727306 0.00 0.00 0.00 0.00 8.25 1.49 9.03 1.02 9.59 -9.65 -3.52 -6.13
1684257756744365 0.00 0.00 0.00 0.00 8.25 1.49 8.87 1.17 0.00 0.00 -3.52 -4.83
1684257756759679 0.00 0.00 0.00 0.00 7.00 1.49 8.56 1.33 10.21 -10.26 -1.07 -6.12
1684257756777465 0.00 0.00 0.00 0.00 8.25 1.49 8.40 1.33 17.56 -8.85 2.33 -7.22
1684257756792525 0.00 0.00 0.00 0.00 7.00 2.74 8.09 1.49 10.36 -0.02 4.77 -6.07
1684257756809845 0.00 0.00 0.00 0.00 7.00 1.49 7.78 1.49 18.02 -9.07 7.02 -5.93
1684257756824532 0.00 0.00 0.00 0.00 7.00 1.49 7.47 1.65 21.25 -0.03 10.87 -4.73
1684257756842310 0.00 0.00 0.00 0.00 7.00 1.49 7.47 1.65 17.56 -8.85 13.07 -5.84
1684257756856938 0.00 0.00 0.00 0.00 5.75 1.49 7.16 1.65 0.00 0.00 11.87 -4.63
1684257756874986 0.00 0.00 0.00 0.00 7.00 1.49 7.00 1.65 17.28 -0.02 14.03 -4.64
1684257756889891 0.00 0.00 0.00 0.00 7.00 1.49 7.00 1.65 10.47 -0.01 14.06 -3.35
1684257756906212 0.00 0.00 0.00 0.00 7.00 1.49 6.84 1.65 0.00 0.00 11.87 -2.25
1684257756922664 0.00 0.00 0.00 0.00 8.25 1.49 7.00 1.49 9.48 -0.01 11.76 -2.25
1684257756939798 0.00 0.00 0.00 0.00 7.00 2.74 7.00 1.65 -9.11 9.16 8.37 0.03
1684257756955131 0.00 0.00 0.00 0.00 5.75 1.49 6.84 1.65 0.01 -10.22 5.71 -1.24
1684257756971440 0.00 0.00 0.00 0.00 7.00 1.49 6.84 1.65 9.56 -0.01 4.71 -0.14
1684257756987222 0.00 0.00 0.00 0.00 7.00 1.49 7.00 1.65 0.00 0.00 4.71 -0.14
1684257757002693 0.00 0.00 0.00 0.00 7.00 1.49 7.00 1.65 -10.08 0.01 1.29 -0.14
1684257757018947 0.00 0.00 0.00 0.00 4.50 1.49 6.69 1.65 0.00 0.00 -0.02 -0.13
1684257757035562 0.00 0.00 0.00 0.00 7.00 1.49 6.69 1.65 18.77 -0.01 2.33 -0.14
1684257757052908 0.00 0.00 0.00 0.00 7.00 1.49 6.53 1.65 -0.00 0.00 1.14 -0.13
1684257757070894 0.00 0.00 0.00 0.00 4.50 1.49 6.22 1.49 8.67 -0.01 3.37 -1.28
1684257757083896 0.00 0.00 0.00 0.00 5.75 0.24 6.22 1.33 23.98 12.04 6.36 1.50
1684257757103178 0.00 0.00 0.00 0.00 7.00 0.23 6.22 1.18 -0.00 8.14 5.17 2.52
1684257757116056 0.00 0.00 0.00 0.00 5.75 0.24 6.06 1.02 -0.01 12.18 5.17 4.04
1684257757133068 0.00 0.00 0.00 0.00 7.00 1.49 6.06 1.02 9.16 9.22 7.57 5.20
1684257757148772 0.00 0.00 0.00 0.00 7.00 0.23 6.38 0.86 0.00 0.00 7.57 5.20
1684257757165591 0.00 0.00 0.00 0.00 7.00 0.23 6.38 0.71 -18.55 9.34 2.91 6.36
1684257757181433 0.00 0.00 0.00 0.00 5.75 1.49 6.22 0.71 -0.01 9.90 2.90 7.60
1684257757197786 0.00 0.00 0.00 0.00 7.00 1.49 6.53 0.71 9.54 -0.01 3.01 7.60
1684257757213802 0.00 0.00 0.00 0.00 7.00 0.23 6.69 0.71 -19.47 0.01 -2.42 6.10
1684257757230476 0.00 0.00 0.00 0.00 5.75 0.24 6.53 0.71 -9.36 0.01 -3.59 5.08
1684257757246294 0.00 0.00 0.00 0.00 8.25 1.49 6.84 0.86 9.86 -0.01 -2.35 3.56
1684257757263702 0.00 0.00 0.00 0.00 7.00 1.49 6.84 0.86 -17.91 -9.00 -5.74 1.28
1684257757278678 0.00 0.00 0.00 0.00 5.75 0.24 6.69 0.86 -0.00 0.00 -5.74 1.28
1684257757294835 0.00 0.00 0.00 0.00 5.75 0.24 6.53 0.86 9.66 -0.01 -2.21 0.11
1684257757311130 0.00 0.00 0.00 0.00 4.50 1.49 6.38 0.86 9.57 -0.01 -1.01 -1.13
1684257757327330 0.00 0.00 0.00 0.00 5.75 1.49 6.22 0.86 9.63 -0.00 -1.00 -1.13
1684257757345141 0.00 0.00 0.00 0.00 5.75 1.49 6.06 1.02 8.76 -0.01 2.53 -1.13
1684257757360973 0.00 0.00 0.00 0.00 7.00 1.49 6.22 1.18 9.86 -9.92 4.93 -2.37
1684257757377085 0.00 0.00 0.00 0.00 7.00 1.49 6.06 1.18 -9.67 -9.73 2.49 -3.58
1684257757392930 0.00 0.00 0.00 0.00 7.00 1.49 6.06 1.18 9.84 -0.01 5.96 -2.46
1684257757409253 0.00 0.00 0.00 0.00 7.00 1.49 6.22 1.33 0.00 0.00 5.96 -2.46
1684257757425379 0.00 0.00 0.00 0.00 5.75 1.49 6.22 1.49 -9.67 -9.72 3.54 -3.68
1684257757443947 0.00 0.00 0.00 0.00 7.00 1.49 6.53 1.49 0.00 -8.45 2.34 -4.73
1684257757457765 0.00 0.00 0.00 0.00 7.00 0.23 6.69 1.33 -22.57 0.01 -1.68 -4.73
1684257757475005 0.00 0.00 0.00 0.00 4.50 0.24 6.53 1.18 -9.05 9.11 -3.91 -3.59
1684257757490133 0.00 0.00 0.00 0.00 7.00 0.23 6.53 1.02 10.31 10.37 -3.85 -1.05
1684257757507305 0.00 0.00 0.00 0.00 5.75 0.24 6.38 0.86 -0.01 9.14 -2.64 1.31
1684257757522335 0.00 0.00 0.00 0.00 7.00 0.23 6.38 0.71 10.37 10.43 -2.58 2.61
1684257757539634 0.00 0.00 0.00 0.00 4.50 1.49 6.06 0.71 -0.01 9.07 -2.58 3.74
1684257757555555 0.00 0.00 0.00 0.00 7.00 1.49 6.22 0.71 19.59 -0.01 1.08 4.96
1684257757572339 0.00 0.00 0.00 0.00 7.00 0.23 6.22 0.55 -9.29 0.01 -0.08 6.02
1684257757588198 0.00 0.00 0.00 0.00 7.00 0.23 6.22 0.55 -0.01 9.89 2.74 7.25
1684257757605658 80.00 0.00 0.00 0.00 7.00 0.23 6.53 0.55 0.00 0.00 3.87 6.11
1684257757620345 80.00 0.00 0.00 0.00 5.75 0.24 6.38 0.55 -21.25 0.01 -0.08 4.82
1684257757636735 80.00 0.00 0.00 0.00 5.75 1.49 6.38 0.71 9.52 -0.01 1.12 3.67
1684257757653065 80.00 0.00 0.00 0.00 5.75 0.24 6.22 0.71 0.01 -9.61 -0.18 1.17
1684257757669004 80.00 0.00 0.00 0.00 5.75 1.49 6.38 0.71 9.79 -0.01 1.04 0.03
1684257757685696 80.00 0.00 0.00 0.00 7.00 1.49 6.38 0.71 -9.34 0.00 -2.57 0.04
1684257757701761 80.00 0.00 0.00 0.00 7.00 1.49 6.38 0.86 0.00 0.00 -1.41 0.04
1684257757717880 80.00 0.00 0.00 0.00 8.25 1.49 6.53 1.02 0.01 -9.73 -1.41 -2.42
1684257757735580 80.00 0.00 0.00 0.00 9.50 1.49 6.84 1.18 -8.80 -8.85 -2.51 -3.52
1684257757750631 80.00 0.00 0.00 0.00 9.50 1.49 7.31 1.33 -20.72 -10.40 -2.44 -4.83
1684257757767226 80.00 0.00 0.00 0.00 8.25 1.49 7.62 1.33 -28.20 -9.42 -7.16 -6.00
1684257757784785 80.00 0.00 0.00 0.00 11.99 1.48 8.40 1.49 -17.77 0.02 -9.38 -4.80
1684257757800636 80.00 0.00 0.00 0.00 13.24 1.48 9.34 1.49 -49.21 -9.83 -16.75 -6.03
1684257757816194 80.00 0.00 0.00 0.00 15.74 1.47 10.43 1.48 -60.19 0.10 -23.11 -6.02
1684257757832184 80.00 0.00 0.00 0.00 15.74 1.47 11.53 1.48 -68.36 0.15 -31.65 -6.00
1684257757847645 80.00 0.00 0.00 0.00 18.24 2.72 12.78 1.63 -70.71 0.15 -40.49 -4.76
1684257757869250 80.00 0.00 0.00 0.00 20.76 1.45 14.18 1.63 -57.84 -7.11 -46.62 -4.54
1684257757881414 80.00 0.00 0.00 0.00 23.26 3.95 15.90 1.94 -115.73 0.36 -58.50 -3.20
1684257757896582 80.00 0.00 0.00 0.00 25.78 2.68 18.10 2.09 -113.42 -20.31 -69.15 -4.56
1684257757912701 80.00 0.00 0.00 0.00 25.78 2.68 19.82 2.24 -135.97 -9.28 -83.93 -5.72
1684257757929491 80.00 0.00 0.00 0.00 29.56 2.67 21.86 2.39 -102.64 -8.96 -90.61 -5.61
1684257757947285 80.00 0.00 0.00 0.00 30.82 2.66 23.74 2.54 -114.63 -8.34 -97.41 -6.67
1684257757961605 80.00 0.00 0.00 0.00 34.60 5.16 26.10 3.00 -131.62 -10.38 -105.32 -7.98
1684257757978038 80.00 0.00 0.00 0.00 35.87 5.15 28.30 3.30 -143.45 -28.03 -114.41 -11.51
1684257757994385 80.00 0.00 0.00 0.00 38.41 2.63 30.51 3.45 -134.76 -18.61 -124.03 -12.94
1684257758009063 80.00 0.00 0.00 0.00 40.94 2.62 32.72 3.28 -150.31 -10.01 -128.35 -14.24
1684257758026497 80.00 0.00 0.00 0.00 44.72 3.87 35.09 3.43 -126.75 9.56 -130.01 -10.51
1684257758041878 80.00 0.00 0.00 0.00 47.24 5.12 37.77 3.73 -153.94 -9.62 -132.26 -10.55
1684257758058379 80.00 0.00 0.00 0.00 51.00 3.87 40.45 3.88 -162.57 -18.47 -139.75 -11.74
1684257758074818 80.00 0.00 0.00 0.00 51.00 3.87 42.97 4.03 -163.02 -9.15 -145.80 -11.84
1684257758091179 80.00 0.00 0.00 0.00 53.50 6.39 45.33 4.19 -154.16 -9.24 -148.62 -11.70
1684257758107192 80.00 0.00 0.00 0.00 55.98 7.65 47.85 4.50 -147.51 -9.60 -149.13 -9.39
1684257758122912 80.00 0.00 0.00 0.00 57.19 3.90 50.20 4.66 -159.93 -19.87 -152.27 -9.55
1684257758139276 80.00 0.00 0.00 0.00 59.55 -2.31 52.52 4.04 -143.47 -9.71 -151.42 -9.51
1684257758158906 80.00 0.00 0.00 0.00 60.90 12.68 54.54 5.15 -118.53 31.41 -150.39 -6.78
1684257758173570 80.00 0.00 0.00 0.00 62.10 11.44 56.40 5.94 -137.89 -75.17 -148.39 -14.98
1684257758189017 80.00 0.00 0.00 0.00 64.43 5.22 58.08 6.10 -120.24 -51.12 -143.09 -19.06
1684257758207974 80.00 0.00 0.00 0.00 65.59 4.00 59.90 6.12 -88.55 -8.92 -133.78 -19.03
1684257758221018 80.00 0.00 0.00 0.00 66.77 5.26 61.56 5.98 -139.78 -1.23 -131.99 -18.03
1684257758237121 80.00 0.00 0.00 0.00 67.91 4.04 63.05 5.53 -103.04 8.76 -126.43 -15.73
1684257758253874 80.00 0.00 0.00 0.00 68.86 -3.32 64.51 4.63 -89.00 26.93 -117.56 -9.88
1684257758270380 80.00 0.00 0.00 0.00 70.19 4.09 65.84 5.43 -88.40 54.63 -110.68 -1.84
1684257758285677 80.00 0.00 0.00 0.00 71.28 2.89 67.14 4.20 -86.94 -52.33 -106.73 -12.30
1684257758301817 80.00 0.00 0.00 0.00 72.42 4.15 68.43 3.29 -80.43 75.88 -99.55 6.58
1684257758318283 80.00 0.00 0.00 0.00 72.42 4.15 69.43 3.16 -78.38 55.37 -94.31 19.89
1684257758334417 80.00 0.00 0.00 0.00 73.49 2.95 70.42 3.03 -61.94 8.34 -90.99 22.04
1684257758350325 80.00 0.00 0.00 0.00 73.46 1.73 71.25 2.58 -62.12 8.21 -81.28 23.22
1684257758367280 80.00 0.00 0.00 0.00 75.65 3.02 72.22 2.46 -49.27 26.01 -74.56 25.38
1684257758383790 80.00 0.00 0.00 0.00 75.69 4.24 73.08 3.40 -58.63 7.69 -70.76 22.98
1684257758399947 80.00 0.00 0.00 0.00 76.71 3.06 73.89 3.27 -52.81 -58.47 -66.31 8.84
1684257758415405 80.00 0.00 0.00 0.00 76.71 3.06 74.57 3.30 -52.77 8.31 -62.04 16.42
1684257758432771 80.00 0.00 0.00 0.00 76.67 1.85 75.10 3.01 -39.09 -1.26 -56.88 6.77
1684257758447921 80.00 0.00 0.00 0.00 77.72 1.89 75.76 2.73 -35.06 18.96 -51.46 2.22
1684257758464651 80.00 0.00 0.00 0.00 77.80 4.32 76.30 2.90 -39.57 16.84 -48.67 3.29
1684257758481268 80.00 0.00 0.00 0.00 78.71 0.73 76.96 2.77 -32.43 -10.25 -44.95 0.98
1684257758497279 80.00 0.00 0.00 0.00 79.78 1.98 77.47 2.64 -41.00 7.79 -43.92 -1.30
1684257758512855 80.00 0.00 0.00 0.00 78.71 0.73 77.85 2.20 -33.09 8.35 -40.73 -1.22
1684257758529274 80.00 0.00 0.00 0.00 78.75 1.94 78.11 2.06 -22.98 26.73 -37.00 9.43
1684257758545528 80.00 0.00 0.00 0.00 78.71 0.73 78.36 1.77 -15.69 8.66 -32.36 9.48
1684257758561799 80.00 0.00 0.00 0.00 79.73 0.78 78.74 1.64 -15.31 17.91 -29.39 11.87
1684257758578110 80.00 0.00 0.00 0.00 79.78 1.98 78.99 1.65 -23.40 8.18 -27.94 10.52
1684257758594574 80.00 0.00 0.00 0.00 81.73 0.89 79.49 1.22 -15.61 -0.70 -24.94 8.33
1684257758611553 80.00 0.00 0.00 0.00 80.73 0.83 79.74 1.23 -28.90 25.24 -24.50 12.77
1684257758627726 80.00 0.00 0.00 0.00 80.92 5.64 79.88 1.69 -15.66 -0.79 -21.33 11.70
1684257758643506 80.00 0.00 0.00 0.00 81.87 4.48 80.28 2.16 -9.03 -28.97 -18.32 7.03
1684257758659696 80.00 0.00 0.00 0.00 82.71 0.94 80.77 2.03 -24.45 -28.93 -18.51 0.08
1684257758675728 80.00 0.00 0.00 0.00 82.65 -0.25 81.26 1.91 -30.82 7.76 -20.40 -0.04
1684257758692285 80.00 0.00 0.00 0.00 82.71 0.94 81.64 1.93 -29.76 7.39 -22.20 -1.35
1684257758708416 80.00 0.00 0.00 0.00 82.59 -1.43 81.99 1.50 -23.10 -1.24 -22.16 -2.53
1684257758724596 80.00 0.00 0.00 0.00 82.59 -1.43 82.10 1.21 -21.73 26.39 -22.93 0.86
1684257758741555 80.00 0.00 0.00 0.00 83.78 3.38 82.48 1.53 -6.35 17.10 -20.11 -0.16
1684257758757029 80.00 0.00 0.00 0.00 83.26 -6.07 82.77 0.07 -24.62 -20.54 -21.23 -2.63
1684257758773650 80.00 0.00 0.00 0.00 83.87 5.76 83.02 0.23 -17.66 88.04 -22.31 12.00
1684257758789682 80.00 0.00 0.00 0.00 83.55 -1.37 83.13 -0.06 -15.59 -10.01 -21.20 14.36
1684257758806202 80.00 0.00 0.00 0.00 84.50 -1.30 83.36 -0.19 -6.40 17.48 -18.15 15.58
1684257758822020 80.00 0.00 0.00 0.00 85.51 -0.06 83.71 -0.32 -14.65 8.35 -16.26 15.70
1684257758838357 80.00 0.00 0.00 0.00 85.51 -0.06 84.07 -0.15 -21.42 7.68 -16.05 16.81
1684257758854566 80.00 0.00 0.00 0.00 84.57 -0.13 84.32 0.02 -22.51 -10.57 -16.15 12.19
1684257758870741 80.00 0.00 0.00 0.00 84.83 5.80 84.45 0.32 -15.29 -10.10 -17.27 8.79
1684257758886962 80.00 0.00 0.00 0.00 86.50 1.18 84.85 1.23 -8.10 -18.72 -15.20 9.02
1684257758904061 80.00 0.00 0.00 0.00 86.06 -5.82 85.13 -0.22 -23.63 -52.94 -15.95 -8.60
1684257758919660 80.00 0.00 0.00 0.00 87.35 0.07 85.60 -0.04 -17.51 92.80 -16.19 4.25
1684257758935802 80.00 0.00 0.00 0.00 87.67 7.12 86.00 1.01 -29.38 -11.13 -19.06 0.67
1684257758952230 80.00 0.00 0.00 0.00 87.63 5.94 86.26 1.76 -24.11 -64.10 -20.25 -8.38
1684257758969950 80.00 0.00 0.00 0.00 88.18 -1.03 86.60 1.64 -14.96 -42.34 -19.44 -14.64
1684257758985063 80.00 0.00 0.00 0.00 89.43 6.03 87.20 2.41 -22.09 7.99 -19.38 -12.32
1684257759000717 80.00 0.00 0.00 0.00 89.13 0.20 87.74 1.71 -38.79 -49.18 -22.32 -17.20
1684257759016403 80.00 0.00 0.00 0.00 88.66 9.52 88.01 2.75 -34.29 44.65 -25.60 -9.28
1684257759032667 80.00 0.00 0.00 0.00 89.32 3.69 88.42 3.94 -16.61 -64.16 -24.72 -10.68
1684257759048573 80.00 0.00 0.00 0.00 89.43 6.03 88.68 4.69 -25.64 -74.76 -25.73 -31.63
1684257759065698 80.00 0.00 0.00 0.00 90.35 7.25 89.01 4.71 -15.18 -43.55 -23.96 -35.68
1684257759081528 80.00 0.00 0.00 0.00 89.94 -0.88 89.30 3.85 -21.16 -1.03 -23.59 -27.80
1684257759098443 80.00 0.00 0.00 0.00 90.72 -1.96 89.62 3.74 -17.07 50.41 -23.85 -16.20
1684257759114261 80.00 0.00 0.00 0.00 91.72 0.41 89.91 3.03 -20.11 7.33 -23.60 -16.29
1684257759131121 80.00 0.00 0.00 0.00 91.06 3.81 90.15 3.49 -17.02 41.68 -20.88 -4.93
1684257759146891 80.00 0.00 0.00 0.00 91.92 3.87 90.56 2.78 -15.29 -28.58 -18.51 -14.08
1684257759163981 80.00 0.00 0.00 0.00 93.31 -0.58 91.06 2.24 -23.84 41.37 -19.41 -0.89
1684257759181094 80.00 0.00 0.00 0.00 93.38 0.56 91.55 1.56 -29.12 31.22 -19.85 12.36
1684257759195001 80.00 0.00 0.00 0.00 93.87 -3.88 91.99 0.17 -35.57 49.23 -22.40 23.95
1684257759213632 80.00 0.00 0.00 0.00 95.07 1.84 92.63 0.51 -23.59 74.71 -22.70 33.42
1684257759227616 80.00 0.00 0.00 0.00 94.27 1.77 93.07 0.97 -45.88 -24.30 -26.30 24.08
1684257759246071 80.00 0.00 0.00 0.00 95.93 3.04 93.60 1.30 -24.02 -25.21 -26.79 20.01
1684257759259375 80.00 0.00 0.00 0.00 94.92 -0.42 94.08 0.77 -39.54 -24.65 -29.61 11.72
1684257759277726 80.00 0.00 0.00 0.00 96.05 5.30 94.60 0.95 -26.28 28.83 -30.98 18.90
1684257759292644 80.00 0.00 0.00 0.00 96.90 -4.62 95.05 0.45 -34.66 -12.04 -32.33 12.22
1684257759311522 80.00 0.00 0.00 0.00 94.45 -13.57 95.18 -1.32 -23.78 26.74 -31.66 11.66
1684257759326641 80.00 0.00 0.00 0.00 95.82 -8.02 95.43 -1.84 -8.85 116.77 -28.32 20.11
1684257759341578 80.00 0.00 0.00 0.00 95.99 4.17 95.54 -1.54 -16.38 34.58 -27.42 15.09
1684257759357299 80.00 0.00 0.00 0.00 97.55 -5.62 95.95 -2.47 -7.34 -18.55 -22.60 15.81
1684257759375574 80.00 0.00 0.00 0.00 97.65 -4.52 96.17 -3.41 -22.47 50.49 -22.41 25.27
1684257759389846 80.00 0.00 0.00 0.00 98.81 -7.57 96.65 -4.31 -15.10 66.19 -19.36 36.63
1684257759406434 80.00 0.00 0.00 0.00 98.40 -4.42 96.95 -5.52 -29.33 53.87 -19.74 39.76
1684257759423004 80.00 0.00 0.00 0.00 98.33 -11.85 97.13 -6.43 -17.68 73.37 -17.61 50.43
1684257759438993 80.00 0.00 0.00 0.00 101.15 3.51 97.96 -4.29 -11.22 56.55 -16.04 54.16
1684257759455144 80.00 0.00 0.00 0.00 99.32 -2.14 98.40 -3.56 -51.84 -132.15 -21.42 23.05
1684257759471437 80.00 0.00 0.00 0.00 103.98 -3.63 99.40 -4.53 -26.80 -45.09 -22.72 13.09
1684257759487837 80.00 0.00 0.00 0.00 99.77 -11.60 99.68 -5.28 -60.89 59.42 -29.42 22.83
1684257759503820 80.00 0.00 0.00 0.00 100.56 -4.13 100.04 -5.23 -17.31 46.77 -28.77 22.37
1684257759520540 80.00 0.00 0.00 0.00 100.75 -1.96 100.28 -4.53 -21.76 -2.95 -29.60 13.72
1684257759536650 80.00 0.00 0.00 0.00 101.22 4.61 100.64 -3.40 -15.06 -43.57 -27.82 1.54
1684257759556085 80.00 0.00 0.00 0.00 100.75 -1.96 100.94 -2.16 -18.15 -58.09 -27.88 -14.89
1684257759571531 80.00 0.00 0.00 0.00 100.04 -2.05 100.80 -2.86 -19.58 -80.07 -28.92 -31.96
1684257759585651 80.00 0.00 0.00 0.00 100.66 -3.04 100.97 -2.97 9.83 49.20 -21.21 -9.30
1684257759601578 80.00 0.00 0.00 0.00 100.66 -3.04 100.55 -2.90 -10.54 7.10 -19.18 -2.77
1684257759618029 80.00 0.00 0.00 0.00 100.04 -2.05 100.59 -1.70 25.23 -4.44 -8.42 -10.76
1684257759635059 80.00 0.00 0.00 0.00 104.26 -0.44 101.05 -1.24 -2.02 -70.07 -6.51 -25.36
1684257759653539 80.00 0.00 0.00 0.00 101.54 -0.79 101.15 -1.10 -25.01 -24.94 -6.91 -28.11
1684257759666752 80.00 0.00 0.00 0.00 102.04 6.87 101.25 -0.81 -7.49 -11.11 -5.97 -24.05
1684257759683927 80.00 0.00 0.00 0.00 101.54 -0.79 101.35 -0.67 -5.99 -16.47 -4.45 -18.85
1684257759698556 80.00 0.00 0.00 0.00 101.63 0.30 101.55 -0.37 -6.76 -10.03 -2.84 -10.10
1684257759715097 80.00 0.00 0.00 0.00 100.84 -0.87 101.57 -0.10 -12.00 -17.77 -5.57 -18.47
1684257759731909 80.00 0.00 0.00 0.00 101.71 1.39 101.70 0.45 -1.35 -16.15 -4.42 -21.37
1684257759749113 80.00 0.00 0.00 0.00 101.54 -0.79 101.89 0.61 -7.62 -32.22 -8.53 -24.85
1684257759763699 80.00 0.00 0.00 0.00 101.36 -2.95 101.53 0.30 -12.89 -10.84 -9.89 -17.44
1684257759781147 80.00 0.00 0.00 0.00 101.71 1.39 101.55 0.57 20.76 17.98 -4.17 -12.08
1684257759796410 80.00 0.00 0.00 0.00 101.86 -5.00 101.52 -0.91 -1.34 -17.82 -3.40 -12.92
1684257759812821 80.00 0.00 0.00 0.00 102.55 3.64 101.65 -0.36 1.39 90.40 -2.48 0.44
1684257759829438 80.00 0.00 0.00 0.00 101.01 1.31 101.57 -0.23 -7.55 -33.33 -2.58 -2.47
1684257759845243 80.00 0.00 0.00 0.00 101.85 3.58 101.70 0.32 4.93 -8.00 -0.46 -1.25
1684257759862339 80.00 0.00 0.00 0.00 102.09 7.97 101.75 1.15 -7.41 -32.52 -1.22 -3.29
1684257759883343 80.00 0.00 0.00 0.00 100.66 -3.04 101.64 0.86 -2.28 -39.19 -0.55 -4.16
1684257759897373 80.00 0.00 0.00 0.00 101.71 1.39 101.68 1.41 7.88 20.13 2.05 -0.29
1684257759910672 80.00 0.00 0.00 0.00 101.39 7.92 101.64 2.22 -3.25 -40.79 -0.95 -7.64
1684257759926485 80.00 0.00 0.00 0.00 101.71 1.39 101.62 3.02 2.53 -51.66 -0.47 -11.87
1684257759943103 80.00 0.00 0.00 0.00 101.71 1.39 101.52 2.74 1.12 -48.04 -0.50 -29.17
1684257759959614 80.00 0.00 0.00 0.00 101.54 -0.79 101.58 2.48 6.36 17.07 1.24 -22.88
1684257759975774 80.00 0.00 0.00 0.00 101.39 7.92 101.53 3.02 -4.17 16.23 0.10 -19.85
1684257759991932 80.00 0.00 0.00 0.00 102.40 1.47 101.56 2.21 3.61 -33.64 1.47 -19.99
1684257760006962 80.00 0.00 0.00 0.00 101.63 0.30 101.68 2.63 -2.58 54.12 1.44 -8.32
1684257760022836 80.00 0.00 0.00 0.00 101.71 1.39 101.68 2.63 -7.63 -26.35 -0.50 -14.13
1684257760038989 80.00 0.00 0.00 0.00 102.04 6.87 101.77 2.49 0.00 0.00 -0.09 -9.03
1684257760056501 80.00 0.00 0.00 0.00 100.84 -0.87 101.66 2.21 -4.65 7.51 -0.99 -1.64
1684257760071901 80.00 0.00 0.00 0.00 101.78 2.48 101.67 2.35 7.04 18.36 -0.25 6.66
1684257760090300 80.00 0.00 0.00 0.00 101.41 -9.24 101.65 1.29 -0.51 -7.42 -1.11 3.60
1684257760105390 80.00 0.00 0.00 0.00 101.54 -0.79 101.67 0.20 1.13 70.04 -0.45 10.33
1684257760122858 80.00 0.00 0.00 0.00 100.75 -1.96 101.46 -0.23 -1.12 62.33 -1.04 22.32
1684257760137883 80.00 0.00 0.00 0.00 101.39 7.92 101.43 0.73 13.72 28.52 1.00 19.12
1684257760155798 80.00 0.00 0.00 0.00 101.85 3.58 101.45 1.00 1.68 -53.19 2.16 15.77
1684257760169179 80.00 0.00 0.00 0.00 101.46 -1.87 101.38 -0.09 -1.36 -20.42 1.99 13.22
1684257760186926 80.00 0.00 0.00 0.00 100.72 -9.36 101.36 -1.15 4.11 61.57 3.09 19.97
1684257760201883 80.00 0.00 0.00 0.00 100.66 -3.04 101.22 -1.84 1.05 70.95 2.34 26.55
1684257760218207 80.00 0.00 0.00 0.00 99.77 -11.60 101.02 -2.14 8.60 42.32 3.48 32.76
1684257760234405 80.00 0.00 0.00 0.00 100.84 -0.87 100.93 -2.15 12.68 18.18 4.92 26.28
1684257760251174 80.00 0.00 0.00 0.00 100.56 -4.13 100.91 -2.42 5.24 0.64 5.71 18.57
1684257760267515 80.00 0.00 0.00 0.00 100.13 -0.96 100.75 -3.53 1.45 16.57 4.18 17.08
1684257760283217 80.00 0.00 0.00 0.00 99.85 -4.23 100.50 -4.51 10.03 70.71 5.23 32.56
1684257760300315 80.00 0.00 0.00 0.00 100.56 -4.13 100.39 -4.79 14.65 57.03 7.23 42.25
1684257760316355 80.00 0.00 0.00 0.00 103.41 -2.66 100.72 -3.95 6.96 17.59 7.58 36.75
1684257760331928 80.00 0.00 0.00 0.00 100.46 -5.20 100.70 -4.22 -21.66 -53.76 4.74 21.16
1684257760349608 80.00 0.00 0.00 0.00 99.30 -9.60 100.64 -3.97 1.40 15.27 3.84 17.78
1684257760364707 80.00 0.00 0.00 0.00 100.46 -5.20 100.59 -4.51 3.83 -16.51 2.74 13.44
1684257760381270 80.00 0.00 0.00 0.00 99.78 4.48 100.50 -3.44 2.87 32.70 2.44 17.45
1684257760397226 80.00 0.00 0.00 0.00 100.56 -4.13 100.55 -3.83 6.15 -67.43 3.03 6.95
1684257760413300 80.00 0.00 0.00 0.00 99.85 -4.23 100.55 -3.83 -3.38 24.64 1.35 1.19
1684257760429601 80.00 0.00 0.00 0.00 100.46 -5.20 100.54 -3.97 0.00 0.00 -0.48 -5.94
1684257760446005 80.00 0.00 0.00 0.00 100.21 0.14 100.14 -3.62 0.77 8.22 -1.25 -7.11
1684257760462060 80.00 0.00 0.00 0.00 99.95 -3.14 100.07 -3.36 24.93 -21.81 4.57 -3.12
1684257760478664 80.00 0.00 0.00 0.00 98.46 -10.79 99.97 -3.51 3.87 -15.55 4.88 -6.97
1684257760495364 80.00 0.00 0.00 0.00 98.91 2.19 99.77 -2.58 6.31 8.89 5.19 -3.79
1684257760512110 80.00 0.00 0.00 0.00 98.49 -3.33 99.61 -3.56 11.60 -55.21 6.28 -14.78
1684257760526805 80.00 0.00 0.00 0.00 99.23 -3.23 99.44 -3.45 10.94 66.43 6.88 1.95
1684257760543812 80.00 0.00 0.00 0.00 99.32 -2.14 99.38 -3.19 9.84 -6.56 8.53 -1.95
1684257760559913 80.00 0.00 0.00 0.00 97.75 -3.42 99.04 -2.97 4.14 -16.19 9.05 -3.97
1684257760577669 80.00 0.00 0.00 0.00 98.46 -10.79 98.82 -4.33 19.10 -12.55 11.34 -6.57
1684257760592162 80.00 0.00 0.00 0.00 99.13 -4.32 98.72 -4.48 15.16 94.50 10.12 7.97
1684257760608376 80.00 0.00 0.00 0.00 97.93 -1.21 98.65 -3.28 6.32 9.13 10.43 11.06
1684257760625157 80.00 0.00 0.00 0.00 98.23 3.24 98.57 -3.15 3.97 -71.32 10.13 1.03
1684257760641091 80.00 0.00 0.00 0.00 97.75 -3.42 98.47 -3.16 5.30 -8.19 9.35 6.91
1684257760657011 80.00 0.00 0.00 0.00 97.54 4.29 98.26 -2.22 5.84 0.74 8.71 -1.30
1684257760673214 80.00 0.00 0.00 0.00 97.25 -0.19 98.01 -1.98 13.00 -58.06 9.10 -7.74
1684257760689841 80.00 0.00 0.00 0.00 96.71 3.10 97.87 -1.16 15.51 -14.69 10.52 -7.56
1684257760706913 80.00 0.00 0.00 0.00 96.49 -0.27 97.63 0.15 7.62 -47.77 9.09 -11.96
1684257760723419 80.00 0.00 0.00 0.00 96.49 -0.27 97.30 0.66 14.93 -79.69 9.06 -33.73
1684257760739890 80.00 0.00 0.00 0.00 97.48 3.17 97.24 1.21 20.04 -30.79 10.78 -38.72
1684257760755253 80.00 0.00 0.00 0.00 95.63 -1.47 96.92 0.62 3.68 -35.67 10.74 -34.27
1684257760771020 80.00 0.00 0.00 0.00 96.11 6.44 96.71 1.85 20.64 37.29 12.66 -28.58
1684257760787385 80.00 0.00 0.00 0.00 95.63 -1.47 96.47 1.13 12.54 -75.32 13.49 -38.09
1684257760803646 80.00 0.00 0.00 0.00 95.86 1.91 96.30 1.39 14.69 44.28 13.71 -25.30
1684257760823628 80.00 0.00 0.00 0.00 96.11 6.44 96.22 1.81 8.72 -13.09 12.86 -25.10
1684257760836352 80.00 0.00 0.00 0.00 94.92 -0.42 96.03 1.79 5.90 -32.79 12.64 -23.22
1684257760853904 80.00 0.00 0.00 0.00 95.14 2.97 95.86 2.20 11.16 1.13 12.17 -13.12
1684257760868962 80.00 0.00 0.00 0.00 94.12 -0.50 95.44 1.74 11.21 -26.86 11.07 -12.63
1684257760884745 80.00 0.00 0.00 0.00 94.46 5.19 95.29 2.57 26.57 29.08 13.93 -4.54
1684257760901631 80.00 0.00 0.00 0.00 94.46 5.19 95.09 2.41 8.68 -49.27 12.44 -15.36
1684257760918891 80.00 0.00 0.00 0.00 94.46 5.19 94.94 3.24 11.95 9.06 12.36 -4.81
1684257760933316 80.00 0.00 0.00 0.00 94.12 -0.50 94.72 2.94 10.16 -57.69 11.80 -17.55
1684257760950256 80.00 0.00 0.00 0.00 94.34 2.90 94.50 2.50 12.84 17.78 12.31 -13.70
1684257760966579 80.00 0.00 0.00 0.00 93.64 5.13 94.34 3.20 13.57 27.07 13.27 -6.21
1684257760985509 80.00 0.00 0.00 0.00 93.58 3.99 94.15 3.32 8.46 -36.70 12.93 -10.94
1684257760998983 80.00 0.00 0.00 0.00 92.48 -0.66 93.94 3.30 14.42 -9.42 13.33 -8.76
1684257761014305 80.00 0.00 0.00 0.00 93.69 6.28 93.85 3.44 13.35 1.26 11.68 -12.24
1684257761030517 80.00 0.00 0.00 0.00 92.48 -0.66 93.60 2.71 5.88 -8.43 11.33 -7.13
1684257761047387 80.00 0.00 0.00 0.00 92.56 0.48 93.36 2.12 14.62 43.32 11.66 -2.85
1684257761062994 80.00 0.00 0.00 0.00 92.40 -1.80 93.15 1.96 15.21 37.68 12.29 9.07
1684257761078955 80.00 0.00 0.00 0.00 93.69 6.28 93.07 2.38 13.44 10.13 12.37 8.11
1684257761095465 80.00 0.00 0.00 0.00 91.65 -0.73 92.82 1.65 4.85 -25.58 11.28 1.53
1684257761111807 80.00 0.00 0.00 0.00 92.76 3.93 92.72 1.64 15.25 44.87 12.13 11.73
1684257761128365 80.00 0.00 0.00 0.00 93.23 -1.72 92.81 1.51 6.25 0.45 11.10 12.96
1684257761143933 80.00 0.00 0.00 0.00 93.14 -2.85 92.74 0.37 -5.98 8.49 8.69 13.87
1684257761159818 80.00 0.00 0.00 0.00 93.58 3.99 92.88 0.95 4.32 71.84 8.49 23.90
1684257761176919 80.00 0.00 0.00 0.00 93.23 -1.72 92.96 0.67 -8.04 -33.94 5.66 14.24
1684257761193171 80.00 0.00 0.00 0.00 93.58 3.99 93.11 1.40 -5.16 16.92 3.12 11.65
1684257761208828 80.00 0.00 0.00 0.00 93.77 -5.00 93.12 -0.01 -9.40 -46.16 0.26 4.61
1684257761226676 80.00 0.00 0.00 0.00 94.92 -0.42 93.53 0.02 -0.56 79.05 -0.42 17.69
1684257761241934 80.00 0.00 0.00 0.00 91.92 3.87 93.42 0.02 -26.83 -2.53 -5.67 11.77
1684257761259115 80.00 0.00 0.00 0.00 93.23 -1.72 93.42 0.02 6.11 0.43 -5.69 11.76
1684257761273982 80.00 0.00 0.00 0.00 92.96 -5.10 93.40 -0.27 0.00 0.00 -4.94 10.70
1684257761291304 80.00 0.00 0.00 0.00 92.81 5.08 93.30 -0.13 1.30 16.25 -5.32 3.75
1684257761306653 80.00 0.00 0.00 0.00 94.04 -1.63 93.41 -0.12 6.27 -8.90 -3.53 6.88
1684257761323241 80.00 0.00 0.00 0.00 95.14 2.97 93.60 -0.25 -6.12 -0.62 -3.65 4.69
1684257761339234 80.00 0.00 0.00 0.00 94.92 -0.42 93.74 0.33 -12.15 7.94 -4.00 11.45
1684257761355281 80.00 0.00 0.00 0.00 94.84 -1.55 93.73 0.19 -8.94 -35.68 -5.04 -2.89
1684257761371544 80.00 0.00 0.00 0.00 95.07 1.84 94.13 -0.07 0.62 8.65 -1.61 -1.49
1684257761387709 80.00 0.00 0.00 0.00 95.14 2.97 94.37 0.52 -24.39 15.70 -5.43 0.42
1684257761403902 80.00 0.00 0.00 0.00 94.92 -0.42 94.61 1.10 -14.74 -36.17 -7.27 -4.10
1684257761422217 80.00 0.00 0.00 0.00 95.26 5.25 94.92 1.12 -13.35 -31.90 -9.10 -10.12
1684257761436430 80.00 0.00 0.00 0.00 94.92 -0.42 95.03 1.27 -21.52 -1.48 -12.57 -9.19
1684257761453371 80.00 0.00 0.00 0.00 95.00 0.70 95.01 0.99 -6.50 -8.92 -12.62 -10.23
1684257761469435 80.00 0.00 0.00 0.00 95.00 0.70 95.02 1.13 1.09 17.63 -10.97 -9.02
1684257761485289 80.00 0.00 0.00 0.00 95.00 0.70 95.04 1.41 -0.60 -8.90 -9.92 -5.67
1684257761501638 80.00 0.00 0.00 0.00 95.07 1.84 95.04 1.41 -1.20 -17.24 -10.15 -8.91
1684257761518182 80.00 0.00 0.00 0.00 94.34 2.90 94.94 1.41 -0.00 0.00 -7.10 -10.87
1684257761534048 80.00 0.00 0.00 0.00 94.27 1.77 94.86 1.68 6.32 0.51 -4.47 -6.29
1684257761550567 80.00 0.00 0.00 0.00 95.14 2.97 94.84 1.40 4.94 -16.58 -2.18 -4.37
1684257761567783 80.00 0.00 0.00 0.00 93.38 0.56 94.65 1.52 0.89 16.52 0.62 -2.12
1684257761584305 80.00 0.00 0.00 0.00 96.90 -4.62 94.89 0.85 11.64 -7.43 2.88 -1.93
1684257761599140 80.00 0.00 0.00 0.00 93.68 -6.12 94.72 -0.00 -16.02 44.85 0.75 1.47
1684257761615687 80.00 0.00 0.00 0.00 95.00 0.70 94.72 -0.00 9.98 51.56 2.07 9.03
1684257761631897 80.00 0.00 0.00 0.00 95.26 5.25 94.74 0.43 -0.00 0.00 2.22 11.18
1684257761648077 80.00 0.00 0.00 0.00 95.26 5.25 94.86 0.72 -1.47 -26.35 2.04 7.89
1684257761663957 80.00 0.00 0.00 0.00 94.27 1.77 94.86 0.72 -7.28 -18.43 0.33 5.52
1684257761680467 80.00 0.00 0.00 0.00 94.27 1.77 94.75 0.57 -0.00 0.00 -0.28 7.59
1684257761696635 80.00 0.00 0.00 0.00 93.74 7.43 94.80 1.43 6.72 9.31 0.45 6.69
1684257761712924 80.00 0.00 0.00 0.00 93.38 0.56 94.36 2.07 -2.77 -52.78 -1.35 1.02
1684257761735361 80.00 0.00 0.00 0.00 92.56 0.48 94.22 2.90 19.59 -28.83 3.10 -8.19
1684257761748231 80.00 0.00 0.00 0.00 94.34 2.90 94.13 3.18 10.87 -64.16 3.21 -22.66
1684257761761799 80.00 0.00 0.00 0.00 94.27 1.77 94.01 2.74 6.11 -20.27 3.97 -25.19
1684257761778653 80.00 0.00 0.00 0.00 93.45 1.70 93.78 2.30 7.36 25.81 5.08 -18.67
1684257761794560 80.00 0.00 0.00 0.00 93.69 6.28 93.71 2.86 14.19 27.89 7.76 -12.88
1684257761811137 80.00 0.00 0.00 0.00 94.46 5.19 93.74 3.29 4.33 -34.06 8.30 -17.14
1684257761827391 80.00 0.00 0.00 0.00 92.76 3.93 93.61 2.85 -1.45 -26.33 7.28 -21.59
1684257761843510 80.00 0.00 0.00 0.00 92.48 -0.66 93.50 2.70 7.66 27.22 8.58 -11.59
1684257761861055 80.00 0.00 0.00 0.00 93.23 -1.72 93.58 2.42 6.41 8.65 6.93 -6.91
1684257761875657 80.00 0.00 0.00 0.00 93.23 -1.72 93.45 1.85 -5.74 18.83 4.86 3.47
1684257761893724 80.00 0.00 0.00 0.00 93.64 5.13 93.37 2.27 7.66 31.96 5.05 10.00
1684257761908363 80.00 0.00 0.00 0.00 93.23 -1.72 93.34 1.84 5.36 -28.75 4.80 3.18
1684257761924418 80.00 0.00 0.00 0.00 92.48 -0.66 93.19 0.97 1.76 26.57 3.25 3.01
1684257761940249 80.00 0.00 0.00 0.00 92.87 6.23 92.99 1.10 9.56 54.80 3.90 14.12
1684257761959357 80.00 0.00 0.00 0.00 92.56 0.48 92.96 0.67 10.41 -6.82 5.38 16.56
1684257761973159 80.00 0.00 0.00 0.00 92.32 -2.93 92.94 0.39 1.79 31.17 4.65 17.05
1684257761989180 80.00 0.00 0.00 0.00 92.40 -1.80 92.84 0.38 1.26 17.74 4.00 18.19
1684257762005837 80.00 0.00 0.00 0.00 91.40 -4.15 92.61 0.07 6.18 0.61 5.50 15.91
1684257762023049 80.00 0.00 0.00 0.00 92.32 -2.93 92.45 -0.93 13.27 17.70 6.20 14.13
1684257762037776 80.00 0.00 0.00 0.00 92.05 -6.32 92.30 -1.51 11.19 68.46 6.93 26.28
1684257762053414 80.00 0.00 0.00 0.00 92.05 -6.32 92.25 -2.22 9.44 36.79 7.89 27.56
1684257762069789 80.00 0.00 0.00 0.00 94.27 1.77 92.42 -2.77 3.32 43.21 7.11 26.11
1684257762086371 80.00 0.00 0.00 0.00 92.05 -6.32 92.36 -3.63 -10.57 33.66 4.49 31.17
1684257762102215 80.00 0.00 0.00 0.00 92.05 -6.32 92.32 -4.05 4.02 53.66 4.76 33.98
1684257762118569 80.00 0.00 0.00 0.00 92.14 -5.19 92.29 -4.47 2.09 25.88 4.87 35.00
1684257762134868 80.00 0.00 0.00 0.00 92.05 -6.32 92.37 -4.74 2.00 26.05 4.35 38.18
1684257762151210 80.00 0.00 0.00 0.00 92.32 -2.93 92.37 -4.74 -4.95 16.56 2.07 38.04
1684257762167776 80.00 0.00 0.00 0.00 91.40 -4.15 92.29 -4.47 -0.00 0.00 0.67 29.48
1684257762183875 80.00 0.00 0.00 0.00 91.79 1.56 92.26 -3.49 5.02 -16.81 0.12 22.78
1684257762199803 80.00 0.00 0.00 0.00 92.48 -0.66 92.04 -3.79 2.03 -61.83 -0.04 9.65
1684257762216619 80.00 0.00 0.00 0.00 93.06 -3.97 92.16 -3.50 13.26 18.02 2.94 7.69
1684257762233014 80.00 0.00 0.00 0.00 93.52 2.84 92.35 -2.35 -7.69 -17.87 1.47 -1.25
1684257762248508 80.00 0.00 0.00 0.00 93.23 -1.72 92.48 -1.92 -11.88 -73.89 -0.27 -13.72
1684257762264663 80.00 0.00 0.00 0.00 92.40 -1.80 92.53 -1.35 -8.39 -26.91 -1.57 -20.34
1684257762282485 80.00 0.00 0.00 0.00 92.56 0.48 92.56 -0.93 -2.50 -31.71 -1.27 -26.38
1684257762297838 80.00 0.00 0.00 0.00 93.23 -1.72 92.78 -0.62 -1.92 -27.81 -1.51 -29.85
1684257762313055 80.00 0.00 0.00 0.00 93.23 -1.72 92.96 -1.03 -15.01 -20.03 -4.01 -30.25
1684257762329537 80.00 0.00 0.00 0.00 94.27 1.77 93.19 -0.73 -10.91 24.85 -5.63 -19.42
1684257762346610 80.00 0.00 0.00 0.00 94.12 -0.50 93.32 -0.29 -13.06 -17.75 -8.92 -23.89
1684257762362714 80.00 0.00 0.00 0.00 94.12 -0.50 93.39 -0.71 -8.26 -26.95 -8.99 -25.02
1684257762379958 80.00 0.00 0.00 0.00 93.64 5.13 93.45 0.14 -4.35 24.23 -8.05 -12.76
1684257762394863 80.00 0.00 0.00 0.00 93.45 1.70 93.58 0.58 -3.46 -57.43 -7.43 -16.57
1684257762411082 80.00 0.00 0.00 0.00 93.38 0.56 93.68 0.59 -8.08 -26.92 -8.13 -15.98
1684257762427056 80.00 0.00 0.00 0.00 93.64 5.13 93.73 1.45 -6.46 -0.57 -8.70 -12.57
1684257762444599 80.00 0.00 0.00 0.00 94.27 1.77 93.86 1.88 -2.94 -48.80 -7.19 -16.17
1684257762464678 80.00 0.00 0.00 0.00 94.34 2.90 93.87 2.02 -6.47 -21.67 -6.63 -21.98
1684257762477100 80.00 0.00 0.00 0.00 93.52 2.84 93.80 2.44 -0.68 -11.46 -5.09 -21.20
1684257762494085 80.00 0.00 0.00 0.00 93.52 2.84 93.72 2.86 4.42 -24.60 -3.50 -20.90
1684257762509351 80.00 0.00 0.00 0.00 94.56 7.48 93.84 3.15 4.91 -27.37 -2.34 -27.35
1684257762524830 80.00 0.00 0.00 0.00 94.27 1.77 93.94 3.16 -7.43 -18.97 -2.84 -22.55
1684257762541165 80.00 0.00 0.00 0.00 94.34 2.90 94.06 3.45 -6.23 -0.53 -2.61 -19.25
1684257762557826 80.00 0.00 0.00 0.00 93.45 1.70 94.03 3.03 -7.14 -17.62 -2.69 -21.38
1684257762574301 80.00 0.00 0.00 0.00 93.45 1.70 93.93 3.02 1.42 26.07 -2.15 -12.02
1684257762590179 80.00 0.00 0.00 0.00 93.45 1.70 93.82 2.87 6.41 0.54 -0.54 -9.24
1684257762606540 80.00 0.00 0.00 0.00 94.27 1.77 93.91 2.73 6.73 9.23 0.39 -6.66
1684257762622033 80.00 0.00 0.00 0.00 94.27 1.77 94.01 2.60 -6.03 8.66 -0.92 -2.50
1684257762638476 80.00 0.00 0.00 0.00 94.40 4.05 93.99 2.17 -5.68 8.16 -2.24 1.94
1684257762654720 80.00 0.00 0.00 0.00 94.20 0.63 93.98 2.03 1.25 26.44 -1.16 7.62
1684257762671412 80.00 0.00 0.00 0.00 93.74 7.43 93.90 2.59 0.54 8.51 -0.31 8.75
1684257762690032 80.00 0.00 0.00 0.00 92.56 0.48 93.79 2.44 3.97 -30.41 1.08 7.15
1684257762704913 80.00 0.00 0.00 0.00 94.12 -0.50 93.88 2.17 7.53 10.19 1.84 5.17
1684257762719042 80.00 0.00 0.00 0.00 93.23 -1.72 93.85 1.74 -5.90 19.46 0.30 7.53
1684257762736468 80.00 0.00 0.00 0.00 93.45 1.70 93.75 1.73 1.62 24.48 -0.34 9.44
1684257762752539 80.00 0.00 0.00 0.00 94.04 -1.63 93.72 1.31 6.33 0.54 1.21 8.42
1684257762768059 80.00 0.00 0.00 0.00 92.32 -2.93 93.46 0.43 1.83 27.38 2.15 10.82
1684257762785063 80.00 0.00 0.00 0.00 93.38 0.56 93.36 0.42 15.26 51.29 3.90 13.93
1684257762801683 80.00 0.00 0.00 0.00 93.06 -3.97 93.27 -1.00 6.12 0.55 4.59 12.93
1684257762817656 80.00 0.00 0.00 0.00 91.92 3.87 93.19 -0.58 5.37 89.29 4.77 27.90
1684257762834070 80.00 0.00 0.00 0.00 91.26 -14.08 92.83 -2.28 4.89 -25.76 4.44 23.40
1684257762850258 80.00 0.00 0.00 0.00 93.14 -2.85 92.82 -2.42 22.06 104.83 7.93 34.07
1684257762866631 80.00 0.00 0.00 0.00 91.92 3.87 92.63 -2.15 0.64 8.64 7.81 32.09
1684257762882438 80.00 0.00 0.00 0.00 91.79 1.56 92.35 -1.75 12.16 -17.16 8.54 29.88
1684257762898365 80.00 0.00 0.00 0.00 93.58 3.99 92.51 -0.88 17.66 -25.07 10.52 23.33
1684257762914955 80.00 0.00 0.00 0.00 92.23 -4.06 92.36 -1.46 -9.50 -52.12 7.43 10.40
1684257762932022 80.00 0.00 0.00 0.00 90.20 3.75 92.01 -0.49 8.41 33.84 7.71 14.56
1684257762947269 80.00 0.00 0.00 0.00 92.56 0.48 92.09 -0.92 23.43 -63.33 9.97 -4.52
1684257762963861 80.00 0.00 0.00 0.00 92.63 1.63 92.26 1.05 -4.84 25.48 8.75 1.89
1684257762979933 80.00 0.00 0.00 0.00 93.06 -3.97 92.25 0.90 -10.61 -122.16 4.67 -26.48
1684257762996096 80.00 0.00 0.00 0.00 92.14 -5.19 92.27 -0.23 0.68 8.72 4.68 -26.47
1684257763012540 80.00 0.00 0.00 0.00 92.32 -2.93 92.34 -0.79 -1.73 68.86 2.94 -15.72
1684257763028243 80.00 0.00 0.00 0.00 92.32 -2.93 92.18 -1.65 -4.24 35.77 0.20 -8.12
1684257763043661 80.00 0.00 0.00 0.00 92.76 3.93 92.25 -0.66 10.22 56.08 2.67 5.41
1684257763060258 80.00 0.00 0.00 0.00 92.40 -1.80 92.52 -1.35 -3.92 -60.17 1.13 -6.34
1684257763076531 80.00 0.00 0.00 0.00 92.40 -1.80 92.50 -1.63 -16.95 42.61 -3.92 6.90
1684257763092647 80.00 0.00 0.00 0.00 91.72 0.41 92.39 -1.79 1.19 17.69 -3.17 5.92
1684257763109342 80.00 0.00 0.00 0.00 92.32 -2.93 92.30 -1.66 6.79 9.11 -0.99 22.33
1684257763125507 80.00 0.00 0.00 0.00 92.32 -2.93 92.32 -1.37 5.68 -8.06 -0.37 20.24
1684257763142002 80.00 0.00 0.00 0.00 92.32 -2.93 92.32 -1.37 -1.35 -17.13 -0.32 9.49
1684257763159002 80.00 0.00 0.00 0.00 92.69 2.78 92.37 -0.66 0.00 0.00 0.21 5.01
1684257763174377 80.00 0.00 0.00 0.00 92.48 -0.66 92.33 -1.23 -3.02 -46.40 -1.45 -7.80
1684257763190657 80.00 0.00 0.00 0.00 93.52 2.84 92.47 -0.65 2.09 35.19 -0.70 4.12
1684257763206873 80.00 0.00 0.00 0.00 92.48 -0.66 92.48 -0.51 -8.60 -35.74 0.35 -5.67
1684257763224017 80.00 0.00 0.00 0.00 92.02 6.18 92.52 0.21 -0.57 -8.30 0.13 -8.92
1684257763238814 80.00 0.00 0.00 0.00 93.64 5.13 92.69 1.22 -2.57 -48.73 -1.04 -16.15
1684257763256446 80.00 0.00 0.00 0.00 93.38 0.56 92.82 1.65 -9.35 -57.18 -2.92 -22.29
1684257763275676 80.00 0.00 0.00 0.00 92.63 1.63 92.86 2.23 -6.90 -22.68 -3.62 -22.98
1684257763288199 80.00 0.00 0.00 0.00 92.56 0.48 92.84 1.94 -3.05 -45.52 -4.00 -28.67
1684257763305642 80.00 0.00 0.00 0.00 92.63 1.63 92.86 2.22 0.97 16.42 -3.50 -20.82
1684257763322153 80.00 0.00 0.00 0.00 93.45 1.70 92.85 2.08 -1.09 -17.31 -3.90 -27.38
1684257763338876 80.00 0.00 0.00 0.00 92.07 7.34 92.80 3.08 0.50 8.54 -2.76 -21.84
1684257763353724 80.00 0.00 0.00 0.00 94.34 2.90 93.09 2.67 3.46 -67.35 -2.25 -29.23
1684257763369444 80.00 0.00 0.00 0.00 92.63 1.63 92.96 2.23 -18.37 26.05 -4.23 -19.88
1684257763385022 80.00 0.00 0.00 0.00 93.45 1.70 92.97 2.38 8.13 28.12 -2.05 -9.21
1684257763401709 80.00 0.00 0.00 0.00 93.06 -3.97 93.02 1.68 -0.53 -8.54 -1.25 -7.45
1684257763419548 80.00 0.00 0.00 0.00 93.64 5.13 93.16 2.26 -3.01 39.26 -1.24 3.15
1684257763435545 80.00 0.00 0.00 0.00 93.45 1.70 93.26 2.27 -8.46 -36.33 -2.42 -3.44
1684257763454213 80.00 0.00 0.00 0.00 93.58 3.99 93.28 2.55 -5.53 -0.46 -2.98 -1.34
1684257763466689 80.00 0.00 0.00 0.00 93.69 6.28 93.48 2.42 -1.29 -22.93 -3.20 -5.27
1684257763483490 80.00 0.00 0.00 0.00 93.38 0.56 93.36 2.13 -12.06 7.88 -5.14 4.13
1684257763502011 80.00 0.00 0.00 0.00 93.64 5.13 93.49 2.56 6.42 15.85 -2.04 2.86
1684257763515525 80.00 0.00 0.00 0.00 93.23 -1.72 93.46 2.14 -9.37 -32.42 -4.23 -4.71
1684257763531905 80.00 0.00 0.00 0.00 92.63 1.63 93.41 2.84 1.72 26.04 -3.95 -0.39
1684257763547877 80.00 0.00 0.00 0.00 92.76 3.93 93.30 2.69 3.36 -43.85 -3.15 -10.78
1684257763565157 80.00 0.00 0.00 0.00 92.48 -0.66 93.17 2.39 6.40 8.74 -1.29 -5.14
1684257763580430 80.00 0.00 0.00 0.00 92.63 1.63 93.06 2.10 7.94 19.27 0.39 -2.68
1684257763596700 80.00 0.00 0.00 0.00 92.48 -0.66 92.90 1.23 7.34 18.11 1.47 2.45
1684257763613391 80.00 0.00 0.00 0.00 93.31 -0.58 92.89 1.09 9.07 51.98 4.11 7.96
1684257763629021 80.00 0.00 0.00 0.00 92.81 5.08 92.79 1.08 0.60 9.10 3.38 7.12
1684257763645735 80.00 0.00 0.00 0.00 93.23 -1.72 92.79 1.08 6.19 0.41 5.33 11.22
1684257763661802 80.00 0.00 0.00 0.00 92.48 -0.66 92.77 0.80 -0.00 0.00 5.11 7.97
1684257763678158 80.00 0.00 0.00 0.00 92.76 3.93 92.77 0.80 1.10 17.47 4.83 15.63
1684257763706306 80.00 0.00 0.00 0.00 92.40 -1.80 92.76 0.65 -0.00 0.00 4.03 14.54
1684257763718584 80.00 0.00 0.00 0.00 92.40 -1.80 92.74 0.22 0.80 11.59 3.14 13.58
1684257763730439 80.00 0.00 0.00 0.00 91.12 4.97 92.56 0.93 2.35 36.11 2.51 15.83
1684257763743394 80.00 0.00 0.00 0.00 92.63 1.63 92.48 1.20 13.16 -54.29 3.03 2.55
1684257763759415 80.00 0.00 0.00 0.00 92.40 -1.80 92.43 0.35 5.31 -17.24 3.61 -0.74
1684257763776041 80.00 0.00 0.00 0.00 92.40 -1.80 92.33 0.33 3.07 51.68 3.22 5.67
1684257763792250 80.00 0.00 0.00 0.00 93.52 2.84 92.46 0.77 6.35 0.63 4.02 5.74
1684257763807630 80.00 0.00 0.00 0.00 92.32 -2.93 92.40 -0.08 -8.43 -28.43 2.83 0.01
1684257763824024 80.00 0.00 0.00 0.00 92.48 -0.66 92.41 0.06 3.30 52.29 3.24 6.54
1684257763840821 80.00 0.00 0.00 0.00 91.49 -3.02 92.30 -0.10 -0.59 -8.47 3.07 4.03
1684257763859472 80.00 0.00 0.00 0.00 91.79 1.56 92.38 -0.52 6.15 8.18 3.54 0.54
1684257763872981 80.00 0.00 0.00 0.00 91.49 -3.02 92.24 -1.10 -6.20 31.53 1.12 11.27
1684257763889816 80.00 0.00 0.00 0.00 92.32 -2.93 92.23 -1.24 8.47 34.49 1.52 17.74
1684257763905667 80.00 0.00 0.00 0.00 91.79 1.56 92.15 -0.82 0.65 8.95 1.21 12.40
1684257763921633 80.00 0.00 0.00 0.00 91.65 -0.73 91.92 -1.27 4.82 -26.29 1.02 9.03
1684257763938465 80.00 0.00 0.00 0.00 90.08 1.43 91.64 -0.73 13.91 26.54 3.81 15.90
1684257763954701 80.00 0.00 0.00 0.00 92.32 -2.93 91.62 -1.01 17.29 -33.57 5.56 5.17
1684257763971561 80.00 0.00 0.00 0.00 92.69 2.78 91.77 -0.29 1.20 16.86 5.79 8.34
1684257763987257 80.00 0.00 0.00 0.00 92.23 -4.06 91.82 -0.99 -9.61 -46.13 3.82 1.55
1684257764003826 80.00 0.00 0.00 0.00 91.49 -3.02 91.82 -0.99 -3.36 42.44 4.17 2.91
1684257764018273 80.00 0.00 0.00 0.00 91.62 -10.78 91.73 -1.97 0.00 0.00 3.11 -1.40
1684257764036168 80.00 0.00 0.00 0.00 92.48 -0.66 91.82 -2.25 4.87 54.81 3.64 4.33
1684257764051113 80.00 0.00 0.00 0.00 91.65 -0.73 91.82 -2.25 -5.80 18.56 2.31 9.94
1684257764067295 80.00 0.00 0.00 0.00 91.57 -1.88 92.01 -2.66 0.00 0.00 0.57 6.62
1684257764083664 80.00 0.00 0.00 0.00 91.85 2.71 91.95 -1.95 -11.40 25.24 -3.01 13.97
1684257764099772 80.00 0.00 0.00 0.00 90.14 2.59 91.63 -1.98 3.63 -43.80 -2.71 6.39
1684257764118182 80.00 0.00 0.00 0.00 92.56 0.48 91.67 -1.41 17.34 1.27 0.66 12.32
1684257764133159 80.00 0.00 0.00 0.00 92.48 -0.66 91.80 -1.11 -2.69 -37.96 0.74 2.27
1684257764148906 80.00 0.00 0.00 0.00 92.56 0.48 91.91 0.29 -7.91 -18.72 -0.25 -0.08
1684257764164778 80.00 0.00 0.00 0.00 92.48 -0.66 91.91 0.29 -7.35 -88.71 -1.77 -18.02
1684257764180948 80.00 0.00 0.00 0.00 92.56 0.48 92.03 0.45 -0.00 0.00 -1.05 -20.33
1684257764197561 80.00 0.00 0.00 0.00 92.63 1.63 92.16 0.88 -6.85 -9.16 -1.90 -21.48
1684257764213793 80.00 0.00 0.00 0.00 92.56 0.48 92.25 0.60 -8.15 -26.99 -1.50 -28.01
1684257764230169 80.00 0.00 0.00 0.00 92.81 5.08 92.58 0.92 -5.37 17.01 -2.62 -20.41
1684257764246299 80.00 0.00 0.00 0.00 92.63 1.63 92.59 1.06 -20.72 -19.29 -7.38 -22.98
1684257764262799 80.00 0.00 0.00 0.00 92.63 1.63 92.61 1.34 -0.53 -8.67 -7.11 -19.32
1684257764278190 80.00 0.00 0.00 0.00 92.87 6.23 92.65 2.06 -1.17 -18.57 -6.27 -19.30
1684257764294666 80.00 0.00 0.00 0.00 92.69 2.78 92.67 2.49 -2.34 -43.61 -5.64 -13.66
1684257764315537 80.00 0.00 0.00 0.00 92.63 1.63 92.68 2.64 -1.26 -20.56 -5.80 -16.23
1684257764327677 80.00 0.00 0.00 0.00 92.69 2.78 92.69 2.78 -0.72 -11.78 -5.03 -16.56
1684257764344929 80.00 0.00 0.00 0.00 92.91 7.39 92.73 3.64 -0.48 -8.31 -4.07 -14.22
1684257764360909 80.00 0.00 0.00 0.00 92.76 3.93 92.73 3.50 -2.79 -54.01 -3.75 -23.10
1684257764378632 80.00 0.00 0.00 0.00 92.91 7.39 92.76 4.22 0.40 8.13 -1.11 -19.67
1684257764392760 80.00 0.00 0.00 0.00 92.32 -2.93 92.72 3.65 -2.53 -50.96 -1.36 -24.96
1684257764410870 80.00 0.00 0.00 0.00 92.63 1.63 92.69 3.07 2.11 31.48 -0.95 -18.70
1684257764425587 80.00 0.00 0.00 0.00 92.63 1.63 92.69 2.93 2.02 39.10 -0.41 -8.36
1684257764442388 80.00 0.00 0.00 0.00 92.96 8.55 92.73 3.79 0.49 8.54 -0.19 -4.73
1684257764457540 80.00 0.00 0.00 0.00 92.56 0.48 92.71 3.51 -2.73 -57.07 -0.44 -10.39
1684257764474958 80.00 0.00 0.00 0.00 92.87 6.23 92.70 3.36 0.98 16.45 -0.26 -7.29
1684257764491514 80.00 0.00 0.00 0.00 92.23 -4.06 92.64 2.36 0.37 8.73 0.14 0.55
1684257764506361 80.00 0.00 0.00 0.00 92.87 6.23 92.63 2.22 4.38 67.27 0.64 7.94
1684257764522350 80.00 0.00 0.00 0.00 92.48 -0.66 92.65 2.50 0.38 9.04 1.00 15.44
1684257764538581 80.00 0.00 0.00 0.00 89.94 -0.88 92.32 2.19 -1.24 -17.52 0.58 9.32
1684257764554746 80.00 0.00 0.00 0.00 92.48 -0.66 92.30 1.90 20.81 19.42 2.93 6.86
1684257764570925 80.00 0.00 0.00 0.00 90.72 -1.96 92.02 0.59 1.12 17.66 3.01 8.00
1684257764587444 80.00 0.00 0.00 0.00 90.25 4.92 91.73 1.15 16.93 79.47 5.46 25.07
1684257764603382 80.00 0.00 0.00 0.00 91.92 3.87 91.61 0.85 18.07 -34.75 7.60 18.67
1684257764620296 80.00 0.00 0.00 0.00 90.25 4.92 91.36 1.97 7.02 17.48 8.43 19.76
1684257764637259 80.00 0.00 0.00 0.00 91.40 -4.15 91.18 0.67 14.60 -66.17 9.71 3.08
1684257764652428 80.00 0.00 0.00 0.00 92.14 -5.19 91.14 0.11 12.07 85.57 11.17 12.65
1684257764670073 80.00 0.00 0.00 0.00 91.31 -5.29 91.31 -0.44 2.41 32.13 11.63 18.85
1684257764684943 80.00 0.00 0.00 0.00 90.14 2.59 91.02 -0.04 -11.55 37.01 7.58 21.05
1684257764700995 80.00 0.00 0.00 0.00 91.00 2.65 91.05 0.54 18.25 -25.28 9.73 15.68
1684257764717135 80.00 0.00 0.00 0.00 91.40 -4.15 91.20 -0.60 -2.18 -35.67 7.34 1.29
1684257764735976 80.00 0.00 0.00 0.00 90.17 -8.77 90.98 -2.17 -7.61 60.16 4.13 13.16
1684257764749986 80.00 0.00 0.00 0.00 90.94 1.49 91.06 -2.60 15.55 112.71 5.19 25.06
1684257764765850 80.00 0.00 0.00 0.00 90.01 0.27 90.89 -2.05 -5.40 26.96 2.69 36.70
1684257764782654 80.00 0.00 0.00 0.00 90.64 -3.10 90.70 -1.79 10.36 -32.91 2.48 21.89
1684257764799117 80.00 0.00 0.00 0.00 90.64 -3.10 90.62 -1.51 11.41 -15.89 3.60 15.89
1684257764814892 80.00 0.00 0.00 0.00 90.47 -5.38 90.66 -2.51 5.31 -17.32 5.71 9.10
1684257764831133 80.00 0.00 0.00 0.00 89.78 -3.18 90.51 -3.24 -2.51 61.31 3.11 19.92
1684257764847435 80.00 0.00 0.00 0.00 89.86 -2.03 90.31 -2.97 9.37 44.72 4.56 29.97
1684257764864933 80.00 0.00 0.00 0.00 90.56 -4.24 90.36 -2.41 11.00 -15.13 6.89 20.56
1684257764879783 80.00 0.00 0.00 0.00 90.01 0.27 90.25 -2.56 -3.22 -38.10 4.54 1.70
1684257764902329 80.00 0.00 0.00 0.00 90.14 2.59 90.26 -2.27 5.16 6.78 5.86 -0.82
1684257764914365 80.00 0.00 0.00 0.00 90.64 -3.10 90.26 -2.27 -1.36 -24.06 4.40 0.29
1684257764928855 80.00 0.00 0.00 0.00 90.64 -3.10 90.26 -2.27 0.00 0.00 2.97 2.27
1684257764951889 80.00 0.00 0.00 0.00 89.78 -3.18 90.18 -2.00 0.00 0.00 2.31 4.44
1684257764963849 80.00 0.00 0.00 0.00 89.78 -3.18 90.18 -2.00 7.16 -22.94 3.51 -6.09
1684257764977501 80.00 0.00 0.00 0.00 89.06 -0.96 90.08 -1.86 0.00 0.00 2.34 -11.68
1684257764994519 80.00 0.00 0.00 0.00 90.72 -1.96 90.10 -1.58 5.86 -7.92 1.70 -10.78
1684257765009242 80.00 0.00 0.00 0.00 88.66 9.52 89.93 -0.42 -1.41 -19.40 1.93 -8.44
1684257765025610 80.00 0.00 0.00 0.00 90.01 0.27 89.91 -0.71 10.32 -70.65 2.57 -18.12
1684257765041292 80.00 0.00 0.00 0.00 90.01 0.27 89.83 -0.29 1.04 18.47 2.87 -12.80
1684257765058038 80.00 0.00 0.00 0.00 89.06 -0.96 89.64 -0.02 4.72 -25.17 3.46 -15.95
1684257765075107 80.00 0.00 0.00 0.00 89.13 0.20 89.55 0.40 11.55 -15.70 4.90 -17.91
1684257765090809 80.00 0.00 0.00 0.00 89.20 1.36 89.48 0.97 5.15 -26.94 4.65 -18.41
1684257765108037 80.00 0.00 0.00 0.00 89.06 -0.96 89.48 0.97 4.22 -32.99 5.18 -22.54
1684257765123062 80.00 0.00 0.00 0.00 89.13 0.20 89.28 1.24 0.00 0.00 4.45 -21.55
1684257765139263 80.00 0.00 0.00 0.00 90.14 2.59 89.47 0.37 12.25 -16.65 6.16 -21.20
1684257765156541 80.00 0.00 0.00 0.00 90.08 1.43 89.48 0.52 -10.73 50.16 3.52 -6.10
1684257765171650 80.00 0.00 0.00 0.00 89.47 7.21 89.41 1.38 -0.56 -9.57 3.32 -9.61
1684257765187977 80.00 0.00 0.00 0.00 89.13 0.20 89.42 1.53 4.11 -53.10 3.25 -13.10
1684257765204287 80.00 0.00 0.00 0.00 89.47 7.21 89.46 2.41 -0.54 -8.88 1.74 -12.25
1684257765220523 80.00 0.00 0.00 0.00 89.32 3.69 89.48 2.70 -2.60 -53.93 0.77 -15.62
1684257765236912 80.00 0.00 0.00 0.00 89.26 2.53 89.50 3.13 -0.92 -17.77 0.13 -13.72
1684257765254424 80.00 0.00 0.00 0.00 89.20 1.36 89.51 3.28 -1.42 -24.87 -0.05 -16.83
1684257765269496 80.00 0.00 0.00 0.00 89.20 1.36 89.39 3.12 -0.55 -9.63 -1.65 -15.95
1684257765289523 80.00 0.00 0.00 0.00 89.43 6.03 89.31 3.70 5.86 7.64 0.42 -21.26
1684257765301850 80.00 0.00 0.00 0.00 90.01 0.27 89.38 2.83 6.60 -46.70 1.32 -25.90
1684257765318263 80.00 0.00 0.00 0.00 89.20 1.36 89.39 2.98 -4.09 52.82 0.29 -12.66
1684257765333832 80.00 0.00 0.00 0.00 89.20 1.36 89.35 2.25 -0.53 -9.32 0.29 -12.72
1684257765350186 80.00 0.00 0.00 0.00 89.13 0.20 89.33 1.81 2.07 44.66 0.88 -0.40
1684257765366438 80.00 0.00 0.00 0.00 90.08 1.43 89.43 1.67 1.44 26.86 1.17 5.18
1684257765383235 80.00 0.00 0.00 0.00 89.13 0.20 89.42 1.53 -6.05 8.18 0.59 9.31
1684257765399117 80.00 0.00 0.00 0.00 89.13 0.20 89.41 1.38 0.52 9.14 0.73 11.66
1684257765415642 80.00 0.00 0.00 0.00 89.06 -0.96 89.37 0.51 0.50 8.78 0.06 11.80
1684257765432082 80.00 0.00 0.00 0.00 89.13 0.20 89.26 0.50 2.75 53.15 -0.42 24.28
1684257765447952 80.00 0.00 0.00 0.00 89.06 -0.96 89.24 0.21 6.89 0.54 0.95 17.75
1684257765464468 80.00 0.00 0.00 0.00 89.06 -0.96 89.23 -0.08 1.04 17.56 1.15 21.11
1684257765480511 80.00 0.00 0.00 0.00 89.06 -0.96 89.22 -0.22 1.07 18.08 1.02 17.79
1684257765496809 80.00 0.00 0.00 0.00 89.06 -0.96 89.09 -0.52 0.54 8.89 0.91 15.54
1684257765512924 80.00 0.00 0.00 0.00 89.20 1.36 89.10 -0.38 7.86 18.50 2.65 16.83
1684257765529576 80.00 0.00 0.00 0.00 89.06 -0.96 89.09 -0.52 -0.50 -8.72 2.52 14.60
1684257765545565 80.00 0.00 0.00 0.00 89.06 -0.96 89.09 -0.52 0.55 9.06 2.52 14.63
1684257765561594 80.00 0.00 0.00 0.00 88.99 -2.11 89.07 -0.81 0.00 0.00 2.18 7.99
1684257765578920 80.00 0.00 0.00 0.00 89.20 1.36 89.09 -0.52 1.05 16.69 1.45 10.01
1684257765594253 80.00 0.00 0.00 0.00 88.99 -2.11 89.08 -0.67 -1.12 -18.91 1.18 5.45
1684257765610432 80.00 0.00 0.00 0.00 89.20 1.36 89.10 -0.38 0.58 8.93 1.12 4.30
1684257765626956 80.00 0.00 0.00 0.00 88.91 -3.26 89.08 -0.66 -1.04 -17.55 0.92 1.00
1684257765643460 80.00 0.00 0.00 0.00 89.94 -0.88 89.17 -0.94 1.16 17.48 0.09 0.87
1684257765660864 80.00 0.00 0.00 0.00 88.99 -2.11 89.16 -1.09 -5.29 16.13 -0.51 3.98
1684257765677694 80.00 0.00 0.00 0.00 88.99 -2.11 89.15 -1.23 0.55 8.58 -0.51 3.92
1684257765692206 80.00 0.00 0.00 0.00 88.99 -2.11 89.15 -1.23 0.64 9.95 -0.43 5.16
1684257765708282 80.00 0.00 0.00 0.00 89.32 3.69 89.17 -0.94 0.00 0.00 -0.56 3.08
1684257765724452 80.00 0.00 0.00 0.00 88.99 -2.11 89.17 -0.94 -0.93 -18.01 -0.54 3.19
1684257765740159 80.00 0.00 0.00 0.00 88.99 -2.11 89.14 -1.38 0.00 0.00 -0.61 2.07
1684257765757252 80.00 0.00 0.00 0.00 88.99 -2.11 89.15 -1.23 1.55 25.41 -0.29 7.44
1684257765773519 80.00 0.00 0.00 0.00 89.06 -0.96 89.04 -1.24 -0.61 -8.85 -0.51 4.15
1684257765790125 80.00 0.00 0.00 0.00 88.10 -2.19 88.93 -1.25 6.58 0.55 0.97 2.20
1684257765805950 80.00 0.00 0.00 0.00 88.48 4.81 88.87 -0.39 6.99 0.60 1.78 1.21
1684257765822885 80.00 0.00 0.00 0.00 88.10 -2.19 88.76 -0.40 3.73 -51.10 2.16 -6.43
1684257765838580 80.00 0.00 0.00 0.00 89.06 -0.96 88.72 -0.98 7.05 0.61 3.04 -6.35
