#Task Selector: 5
#PID Parameters: kp: 0.06, kd: 0.04, ki: 0.03
#n_pos: 8
#n_vel: 8
t x_ref y_ref vx_ref vy_ref x_raw y_raw x y vx_raw vy_raw vx vy
1684257882418478 0.00 0.00 0.00 0.00 -15.50 -37.31 -1.94 -4.66 0.00 0.00 0.00 0.00
1684257882418479 0.00 0.00 0.00 0.00 -14.22 -39.71 -3.71 -9.63 129.29 311.23 16.16 38.90
1684257882432705 0.00 0.00 0.00 0.00 -16.62 -43.16 -5.79 -15.02 124.92 348.91 31.78 82.52
1684257882447716 0.00 0.00 0.00 0.00 -16.59 -44.30 -7.86 -20.56 138.37 359.37 49.07 127.44
1684257882465760 0.00 0.00 0.00 0.00 -15.32 -45.47 -9.78 -26.24 114.89 306.89 63.43 165.80
1684257882480225 0.00 0.00 0.00 0.00 -16.52 -46.56 -11.84 -32.06 132.42 392.93 79.99 214.92
1684257882497390 0.00 0.00 0.00 0.00 -15.25 -47.71 -13.75 -38.03 120.28 339.06 95.02 257.30
1684257882514630 0.00 0.00 0.00 0.00 -14.03 -47.74 -15.51 -43.99 110.61 345.91 108.85 300.54
1684257882529686 0.00 0.00 0.00 0.00 -14.00 -48.84 -15.32 -45.43 116.48 396.36 123.41 350.08
1684257882544067 0.00 0.00 0.00 0.00 -11.57 -47.80 -14.99 -46.45 -13.07 100.25 105.61 323.71
1684257882561837 0.00 0.00 0.00 0.00 -9.11 -47.85 -14.05 -47.03 -18.60 56.93 87.67 287.21
1684257882577990 0.00 0.00 0.00 0.00 -9.11 -47.85 -13.11 -47.48 -58.09 36.35 63.12 246.84
1684257882594757 0.00 0.00 0.00 0.00 -7.88 -47.88 -12.18 -47.78 -55.73 26.49 41.79 211.79
1684257882610898 0.00 0.00 0.00 0.00 -5.41 -47.91 -10.79 -47.95 -57.67 18.65 18.03 165.00
1684257882627845 0.00 0.00 0.00 0.00 -5.37 -50.13 -9.56 -48.25 -81.94 10.01 -7.25 123.87
1684257882643053 0.00 0.00 0.00 0.00 -2.91 -50.16 -8.17 -48.55 -81.24 19.92 -31.23 83.12
1684257882658652 0.00 0.00 0.00 0.00 -2.91 -50.16 -6.78 -48.72 -89.13 19.40 -56.93 36.00
1684257882676213 0.00 0.00 0.00 0.00 -0.44 -50.18 -5.39 -49.02 -78.93 9.37 -65.17 24.64
1684257882692015 0.00 0.00 0.00 0.00 0.79 -49.09 -4.15 -49.17 -88.08 18.84 -73.85 19.88
1684257882708587 0.00 0.00 0.00 0.00 3.26 -49.09 -2.61 -49.33 -74.67 9.29 -75.92 16.50
1684257882724871 0.00 0.00 0.00 0.00 5.74 -46.84 -0.90 -49.20 -94.98 9.51 -80.83 14.37
1684257882740363 0.00 0.00 0.00 0.00 8.23 -45.69 0.80 -48.92 -109.91 -8.33 -87.36 11.00
1684257882757164 0.00 0.00 0.00 0.00 9.49 -43.37 2.66 -48.07 -101.48 -16.52 -89.80 7.69
1684257882773911 0.00 0.00 0.00 0.00 10.74 -43.37 4.36 -47.22 -110.93 -50.42 -93.51 -1.11
1684257882789671 0.00 0.00 0.00 0.00 13.24 -42.18 6.38 -46.23 -108.22 -53.89 -95.90 -10.27
1684257882805460 0.00 0.00 0.00 0.00 14.52 -38.61 8.25 -44.78 -127.83 -63.21 -102.01 -19.34
1684257882822390 0.00 0.00 0.00 0.00 18.29 -36.17 10.44 -43.17 -110.43 -85.47 -104.81 -32.38
1684257882838467 0.00 0.00 0.00 0.00 19.55 -34.94 12.47 -41.40 -136.05 -100.45 -112.48 -46.10
1684257882854000 0.00 0.00 0.00 0.00 19.56 -33.72 14.20 -39.76 -131.04 -113.87 -116.99 -61.52
1684257882870619 0.00 0.00 0.00 0.00 22.09 -30.02 15.93 -37.80 -103.89 -98.68 -116.24 -72.81
1684257882888765 0.00 0.00 0.00 0.00 23.35 -27.53 17.66 -35.82 -95.42 -107.99 -115.48 -84.25
1684257882903065 0.00 0.00 0.00 0.00 25.87 -25.03 19.56 -33.52 -121.15 -138.50 -116.76 -95.26
1684257882920160 0.00 0.00 0.00 0.00 23.36 -23.78 20.82 -31.22 -110.65 -134.09 -117.06 -105.28
1684257882937943 0.00 0.00 0.00 0.00 24.62 -20.01 22.08 -28.90 -71.15 -129.31 -109.97 -113.55
1684257882951983 0.00 0.00 0.00 0.00 25.87 -18.75 23.03 -26.72 -89.93 -165.56 -107.41 -123.56
1684257882968245 0.00 0.00 0.00 0.00 25.87 -16.23 23.82 -24.39 -58.32 -133.84 -97.70 -127.73
1684257882987926 0.00 0.00 0.00 0.00 28.38 -13.72 24.93 -21.88 -40.15 -118.83 -86.33 -128.35
1684257883000670 0.00 0.00 0.00 0.00 27.11 -11.19 25.55 -19.53 -86.53 -196.23 -84.16 -140.54
1684257883016148 0.00 0.00 0.00 0.00 28.35 -7.40 26.18 -17.02 -40.58 -152.08 -77.31 -146.05
1684257883032330 0.00 0.00 0.00 0.00 28.35 -7.40 26.49 -14.81 -38.63 -155.46 -66.99 -148.18
1684257883048805 0.00 0.00 0.00 0.00 27.08 -4.88 26.95 -12.45 -18.84 -133.73 -55.52 -148.13
1684257883064933 0.00 0.00 0.00 0.00 28.33 -3.62 27.42 -10.40 -28.82 -146.54 -50.22 -150.28
1684257883081151 0.00 0.00 0.00 0.00 27.06 -1.10 27.57 -8.19 -28.64 -126.35 -42.56 -145.38
1684257883096881 0.00 0.00 0.00 0.00 27.05 0.16 27.71 -6.14 -9.42 -140.34 -36.45 -146.20
1684257883113411 0.00 0.00 0.00 0.00 25.79 1.43 27.39 -4.25 -8.95 -123.99 -32.55 -146.84
1684257883132373 0.00 0.00 0.00 0.00 27.04 2.68 27.38 -2.52 17.09 -99.83 -19.60 -134.79
1684257883146220 0.00 0.00 0.00 0.00 24.52 3.95 26.90 -1.10 0.63 -125.16 -14.45 -131.42
1684257883162297 0.00 0.00 0.00 0.00 23.26 3.95 26.26 0.32 29.83 -88.25 -5.89 -123.02
1684257883178808 0.00 0.00 0.00 0.00 23.25 6.46 25.79 1.74 38.56 -85.98 1.29 -117.05
1684257883194807 0.00 0.00 0.00 0.00 22.00 5.21 24.99 2.84 29.93 -88.55 8.63 -109.80
1684257883210822 0.00 0.00 0.00 0.00 22.00 3.96 24.36 3.47 49.45 -68.93 18.39 -102.63
1684257883227025 0.00 0.00 0.00 0.00 19.49 5.22 23.42 4.11 39.01 -38.97 24.44 -89.96
1684257883244197 0.00 0.00 0.00 0.00 18.24 3.97 22.47 4.42 55.05 -36.80 32.44 -79.06
1684257883259722 0.00 0.00 0.00 0.00 19.49 3.97 21.53 4.58 60.75 -20.48 37.90 -69.14
1684257883276308 0.00 0.00 0.00 0.00 18.24 3.97 20.75 4.59 56.87 -9.71 44.93 -54.71
1684257883292384 0.00 0.00 0.00 0.00 15.74 2.73 19.81 4.43 48.80 -0.20 47.30 -43.70
1684257883309251 0.00 0.00 0.00 0.00 17.00 1.47 19.02 3.81 55.71 9.08 49.45 -31.82
1684257883324867 0.00 0.00 0.00 0.00 13.24 1.48 17.93 3.34 50.04 39.96 51.96 -15.76
1684257883341294 0.00 0.00 0.00 0.00 14.50 -1.04 16.99 2.72 66.61 28.40 54.11 -3.59
1684257883356659 0.00 0.00 0.00 0.00 12.00 -2.29 16.06 1.78 61.02 40.63 56.86 6.36
1684257883374989 0.00 0.00 0.00 0.00 12.00 -2.29 15.28 1.00 51.05 51.21 56.36 17.36
1684257883390586 0.00 0.00 0.00 0.00 10.76 -3.55 14.19 0.06 49.99 50.17 55.01 26.19
1684257883407098 0.00 0.00 0.00 0.00 10.76 -4.81 13.25 -1.04 66.15 56.86 56.17 34.51
1684257883421796 0.00 0.00 0.00 0.00 12.01 -6.07 12.78 -2.14 63.63 74.64 58.02 43.87
1684257883438229 0.00 0.00 0.00 0.00 10.76 -6.07 12.00 -3.08 28.35 66.91 54.60 51.10
1684257883455499 0.00 0.00 0.00 0.00 9.51 -7.33 11.54 -4.18 45.14 54.53 53.99 52.92
1684257883470904 0.00 0.00 0.00 0.00 9.51 -7.33 10.91 -4.97 30.28 71.45 49.45 58.30
1684257883487101 0.00 0.00 0.00 0.00 9.51 -4.80 10.60 -5.28 38.51 48.54 46.64 59.29
1684257883503496 0.00 0.00 0.00 0.00 10.77 -9.86 10.45 -6.23 19.03 19.17 42.63 55.28
1684257883521645 0.00 0.00 0.00 0.00 9.52 -9.86 10.29 -7.01 8.49 52.13 37.45 55.53
1684257883535672 0.00 0.00 0.00 0.00 9.52 -9.86 10.14 -7.65 11.04 56.24 30.56 55.45
1684257883553443 0.00 0.00 0.00 0.00 10.77 -9.86 9.98 -8.12 8.73 35.52 23.70 50.56
1684257883568821 0.00 0.00 0.00 0.00 10.77 -9.86 9.98 -8.59 10.11 30.79 21.42 46.05
1684257883584902 0.00 0.00 0.00 0.00 9.52 -11.12 9.98 -9.07 -0.07 29.47 15.76 42.91
1684257883600762 0.00 0.00 0.00 0.00 10.77 -11.12 10.14 -9.54 -0.06 29.90 11.97 37.72
1684257883617007 0.00 0.00 0.00 0.00 10.77 -11.12 10.30 -10.33 -9.70 29.22 5.95 35.30
1684257883633293 0.00 0.00 0.00 0.00 10.77 -9.86 10.30 -10.33 -9.71 48.52 2.35 38.97
1684257883649879 0.00 0.00 0.00 0.00 13.28 -11.13 10.77 -10.49 0.00 0.00 1.29 32.46
1684257883665848 0.00 0.00 0.00 0.00 13.28 -9.87 11.24 -10.49 -29.46 9.98 -3.77 26.67
1684257883682663 0.00 0.00 0.00 0.00 13.27 -8.60 11.55 -10.34 -27.95 0.07 -8.36 22.24
1684257883698734 0.00 0.00 0.00 0.00 15.78 -8.61 12.18 -10.18 -19.47 -9.78 -12.05 17.17
1684257883714761 0.00 0.00 0.00 0.00 15.78 -8.61 12.96 -9.87 -39.09 -9.74 -16.93 12.27
1684257883731331 0.00 0.00 0.00 0.00 15.78 -7.35 13.59 -9.39 -47.24 -18.95 -22.83 6.16
1684257883748478 0.00 0.00 0.00 0.00 15.77 -6.08 14.21 -8.76 -36.48 -27.55 -26.18 -0.93
1684257883764863 0.00 0.00 0.00 0.00 18.28 -4.83 15.15 -8.13 -38.14 -38.46 -29.73 -11.81
1684257883780562 0.00 0.00 0.00 0.00 18.28 -4.83 15.78 -7.35 -59.76 -40.03 -37.20 -16.81
1684257883796475 0.00 0.00 0.00 0.00 18.27 -3.57 16.40 -6.56 -39.24 -49.48 -38.42 -24.24
1684257883813248 0.00 0.00 0.00 0.00 20.77 -2.32 17.34 -5.78 -37.21 -46.91 -39.58 -30.11
1684257883828681 0.00 0.00 0.00 0.00 20.77 -2.32 17.96 -4.99 -60.76 -50.85 -44.74 -35.25
1684257883844835 0.00 0.00 0.00 0.00 20.76 0.19 18.59 -3.89 -38.64 -48.65 -44.68 -40.11
1684257883862992 0.00 0.00 0.00 0.00 22.01 1.45 19.36 -2.79 -34.30 -60.61 -43.07 -45.32
1684257883877842 0.00 0.00 0.00 0.00 22.01 1.45 20.14 -1.85 -52.50 -74.00 -45.07 -51.12
1684257883893499 0.00 0.00 0.00 0.00 22.00 3.96 20.61 -0.75 -49.83 -60.10 -46.53 -53.83
1684257883910528 0.00 0.00 0.00 0.00 22.00 5.21 21.08 0.50 -27.36 -64.50 -42.48 -56.89
1684257883926246 0.00 0.00 0.00 0.00 20.74 6.47 21.38 1.76 -29.60 -79.86 -41.27 -60.69
1684257883942746 0.00 0.00 0.00 0.00 23.27 1.44 21.70 2.23 -18.69 -76.05 -38.96 -64.33
1684257883958136 0.00 0.00 0.00 0.00 23.24 7.71 22.00 3.48 -20.26 -30.55 -33.90 -61.79
1684257883974923 0.00 0.00 0.00 0.00 23.24 10.21 22.31 4.74 -18.38 -74.71 -31.36 -65.05
1684257883995326 0.00 0.00 0.00 0.00 21.98 8.97 22.31 5.68 -15.15 -61.39 -28.97 -65.15
1684257884008060 0.00 0.00 0.00 0.00 21.98 10.22 22.31 6.77 0.29 -73.83 -22.37 -65.12
1684257884022414 0.00 0.00 0.00 0.00 21.98 10.22 22.30 7.56 0.29 -76.39 -16.11 -67.16
1684257884038798 0.00 0.00 0.00 0.00 21.98 11.47 22.30 8.34 0.17 -47.77 -12.67 -65.07
1684257884055850 0.00 0.00 0.00 0.00 23.23 12.71 22.61 9.12 0.15 -45.86 -8.95 -60.82
1684257884070770 0.00 0.00 0.00 0.00 19.47 12.72 22.14 10.53 -20.87 -52.33 -9.22 -57.85
1684257884087409 0.00 0.00 0.00 0.00 21.97 12.72 21.98 11.15 28.56 -84.76 -3.12 -64.63
1684257884103809 0.00 0.00 0.00 0.00 20.72 13.97 21.66 11.62 9.68 -38.15 0.39 -60.06
1684257884120196 0.00 0.00 0.00 0.00 21.97 12.72 21.66 12.09 19.20 -28.63 4.68 -55.96
1684257884136493 0.00 0.00 0.00 0.00 21.97 12.72 21.66 12.40 0.08 -28.76 4.66 -50.33
1684257884152403 0.00 0.00 0.00 0.00 24.49 12.71 21.97 12.72 0.05 -19.63 4.63 -43.24
1684257884169349 0.00 0.00 0.00 0.00 20.74 5.21 21.82 11.93 -18.48 -18.39 2.30 -39.56
1684257884185256 0.00 0.00 0.00 0.00 18.22 12.72 21.19 11.94 9.70 49.13 3.49 -27.69
1684257884201233 0.00 0.00 0.00 0.00 19.47 13.97 21.19 12.09 39.22 -0.08 11.00 -21.16
1684257884217396 0.00 0.00 0.00 0.00 18.22 12.72 20.72 12.09 0.02 -9.65 7.43 -11.77
1684257884234230 0.00 0.00 0.00 0.00 18.22 11.48 20.41 11.78 27.90 -0.05 9.71 -7.01
1684257884251531 0.00 0.00 0.00 0.00 16.97 10.23 19.79 11.47 18.06 18.00 9.57 -1.18
1684257884266134 0.00 0.00 0.00 0.00 15.72 11.48 19.00 11.32 42.83 21.28 14.91 5.08
1684257884283858 0.00 0.00 0.00 0.00 15.72 10.23 17.91 11.01 44.12 8.72 20.42 8.62
1684257884299378 0.00 0.00 0.00 0.00 15.72 8.98 17.28 11.48 70.59 19.96 31.55 13.41
1684257884315939 0.00 0.00 0.00 0.00 15.72 8.98 16.97 11.01 37.88 -28.44 35.08 3.72
1684257884331804 0.00 0.00 0.00 0.00 15.73 7.73 16.50 10.23 19.64 29.47 32.63 7.41
1684257884349679 0.00 0.00 0.00 0.00 14.48 6.49 16.04 9.45 26.15 43.60 35.90 14.07
1684257884364090 0.00 0.00 0.00 0.00 14.48 6.49 15.57 8.83 32.41 54.10 36.46 20.84
1684257884381300 0.00 0.00 0.00 0.00 10.74 5.24 14.79 8.20 27.15 36.24 37.60 23.12
1684257884396378 0.00 0.00 0.00 0.00 13.23 6.49 14.48 7.58 51.67 41.34 38.70 25.62
1684257884414676 0.00 0.00 0.00 0.00 13.23 6.49 14.17 7.11 16.99 34.10 35.31 28.79
1684257884429533 0.00 0.00 0.00 0.00 13.23 5.24 13.86 6.64 20.95 31.49 29.11 30.24
1684257884445634 0.00 0.00 0.00 0.00 13.23 5.24 13.54 6.18 19.33 29.08 26.79 37.43
1684257884469587 0.00 0.00 0.00 0.00 14.48 5.23 13.39 5.86 12.99 19.55 25.96 36.19
1684257884481457 0.00 0.00 0.00 0.00 13.24 3.99 13.23 5.55 13.09 26.31 24.32 34.02
1684257884494794 0.00 0.00 0.00 0.00 13.24 3.99 13.08 5.24 11.65 23.44 21.73 30.19
1684257884510251 0.00 0.00 0.00 0.00 13.24 3.99 13.39 5.08 10.05 20.22 19.59 28.19
1684257884526499 0.00 0.00 0.00 0.00 13.23 5.24 13.39 4.92 -19.23 9.67 10.73 24.23
1684257884543120 0.00 0.00 0.00 0.00 13.24 2.73 13.39 4.45 -0.02 9.41 8.60 21.15
1684257884559736 0.00 0.00 0.00 0.00 11.99 2.74 13.24 4.14 -0.07 28.26 5.98 20.74
1684257884577099 0.00 0.00 0.00 0.00 13.24 2.73 13.24 3.83 8.95 18.02 4.68 19.36
1684257884591628 0.00 0.00 0.00 0.00 13.24 2.73 13.08 3.52 -0.05 21.56 3.05 19.61
1684257884608093 0.00 0.00 0.00 0.00 13.24 3.99 13.08 3.52 9.44 19.00 2.59 18.70
1684257884624168 0.00 0.00 0.00 0.00 13.24 2.73 13.08 3.36 0.00 -0.00 1.13 15.77
1684257884640295 0.00 0.00 0.00 0.00 13.22 10.24 13.08 4.14 -0.02 9.71 -0.13 14.45
1684257884665195 0.00 0.00 0.00 0.00 13.24 2.73 13.08 3.83 0.06 -31.38 2.29 9.32
1684257884678304 0.00 0.00 0.00 0.00 13.24 2.73 13.08 3.83 -0.06 23.89 2.28 11.13
1684257884690421 0.00 0.00 0.00 0.00 13.24 3.99 13.24 3.98 0.00 0.00 2.29 7.60
1684257884705337 0.00 0.00 0.00 0.00 13.24 2.73 13.24 3.98 -10.44 -10.48 -0.13 4.04
1684257884721769 0.00 0.00 0.00 0.00 13.24 3.99 13.24 4.14 0.00 0.00 -0.13 1.34
1684257884739971 0.00 0.00 0.00 0.00 13.24 3.99 13.24 4.14 0.02 -8.61 -1.30 -2.11
1684257884753894 0.00 0.00 0.00 0.00 13.24 3.99 13.24 4.30 0.00 0.00 -1.30 -2.11
1684257884770749 0.00 0.00 0.00 0.00 13.24 3.99 13.24 3.52 0.02 -9.30 -1.30 -4.48
1684257884786698 0.00 0.00 0.00 0.00 13.23 6.49 13.24 3.99 -0.10 48.99 -1.32 5.56
1684257884803004 0.00 0.00 0.00 0.00 13.24 3.99 13.24 4.14 0.07 -28.80 -1.30 -1.02
1684257884821336 0.00 0.00 0.00 0.00 13.24 3.99 13.24 4.14 0.02 -8.55 -1.30 -2.09
1684257884847620 0.00 0.00 0.00 0.00 13.23 6.49 13.24 4.61 0.00 0.00 0.00 -0.78
1684257884859351 0.00 0.00 0.00 0.00 13.24 3.99 13.24 4.61 0.09 -40.03 0.02 -5.79
1684257884872237 0.00 0.00 0.00 0.00 14.49 2.73 13.39 4.45 0.00 0.00 0.01 -4.71
1684257884884619 0.00 0.00 0.00 0.00 13.24 3.99 13.39 4.45 -12.65 12.69 -1.57 -3.12
1684257884900809 0.00 0.00 0.00 0.00 13.24 3.99 13.39 4.45 0.00 0.00 -1.57 -1.96
1684257884917931 0.00 0.00 0.00 0.00 11.99 3.99 13.24 4.14 0.00 0.00 -1.56 -8.09
1684257884932892 0.00 0.00 0.00 0.00 13.24 3.99 13.24 4.14 10.39 20.89 -0.27 -1.87
1684257884949492 0.00 0.00 0.00 0.00 11.99 2.74 13.08 3.99 0.00 0.00 -0.27 -0.81
1684257884965619 0.00 0.00 0.00 0.00 10.74 3.99 12.77 3.67 9.66 9.69 0.94 0.40
1684257884982939 0.00 0.00 0.00 0.00 10.74 2.74 12.46 3.52 17.98 18.03 3.17 7.66
1684257884998584 0.00 0.00 0.00 0.00 10.74 2.74 11.99 3.52 19.93 9.97 5.66 8.91
1684257885014222 0.00 0.00 0.00 0.00 10.74 2.74 11.68 3.36 29.96 -0.07 10.99 7.31
1684257885029366 0.00 0.00 0.00 0.00 9.49 3.99 11.21 3.36 20.59 10.30 13.56 8.60
1684257885050391 0.00 0.00 0.00 0.00 8.25 1.49 10.74 3.05 22.26 -0.04 16.35 8.60
1684257885063516 0.00 0.00 0.00 0.00 8.25 1.49 10.12 2.74 35.62 23.82 19.50 8.96
1684257885078244 0.00 0.00 0.00 0.00 7.00 4.00 9.49 2.90 42.34 21.20 24.79 11.61
1684257885113726 0.00 0.00 0.00 0.00 8.24 3.99 9.18 2.90 17.59 -4.44 25.79 9.84
1684257885125605 0.00 0.00 0.00 0.00 7.00 4.00 8.71 3.05 26.25 -0.04 26.82 7.59
1684257885140372 0.00 0.00 0.00 0.00 8.25 2.74 8.40 3.05 31.70 -10.65 28.29 5.01
1684257885152183 0.00 0.00 0.00 0.00 7.00 2.74 7.93 3.06 26.41 -0.04 27.85 5.01
1684257885164297 0.00 0.00 0.00 0.00 7.00 2.74 7.62 2.90 38.63 -0.05 30.10 3.72
1684257885176085 0.00 0.00 0.00 0.00 8.25 2.74 7.62 3.06 26.44 13.25 30.62 5.38
1684257885192356 0.00 0.00 0.00 0.00 8.25 2.74 7.62 3.21 0.01 -9.63 26.17 1.20
1684257885209990 0.00 0.00 0.00 0.00 5.75 2.74 7.47 3.06 0.01 -8.89 20.88 -2.56
1684257885224209 0.00 0.00 0.00 0.00 8.24 3.99 7.47 3.06 10.95 11.01 20.05 -0.63
1684257885240495 0.00 0.00 0.00 0.00 8.24 3.99 7.62 3.06 0.00 0.00 16.77 -0.63
1684257885257383 0.00 0.00 0.00 0.00 5.75 4.00 7.31 3.21 -9.23 0.01 11.65 0.71
1684257885273817 0.00 0.00 0.00 0.00 8.24 3.99 7.47 3.37 18.98 -9.55 10.72 -0.48
1684257885291419 0.00 0.00 0.00 0.00 7.00 4.00 7.47 3.53 -8.85 -8.89 4.79 -1.59
1684257885305681 0.00 0.00 0.00 0.00 8.24 3.99 7.47 3.68 0.01 -10.98 1.49 -4.62
1684257885321664 0.00 0.00 0.00 0.00 7.00 4.00 7.31 3.84 0.01 -9.80 1.49 -4.64
1684257885338358 0.00 0.00 0.00 0.00 7.00 4.00 7.47 4.00 9.35 -9.39 2.65 -4.70
1684257885354846 0.00 0.00 0.00 0.00 8.24 5.25 7.47 4.15 -9.45 -9.49 0.10 -7.26
1684257885372279 0.00 0.00 0.00 0.00 8.24 5.25 7.46 4.31 0.01 -8.97 0.10 -8.38
1684257885387983 0.00 0.00 0.00 0.00 8.24 5.25 7.78 4.46 0.01 -9.96 1.26 -9.63
1684257885403875 0.00 0.00 0.00 0.00 9.49 5.24 7.93 4.62 -19.60 -9.83 -3.56 -9.66
1684257885419883 0.00 0.00 0.00 0.00 9.49 6.50 8.24 4.93 -9.73 -9.76 -3.67 -9.77
1684257885436487 0.00 0.00 0.00 0.00 8.24 5.25 8.24 5.09 -18.75 -18.82 -6.02 -10.75
1684257885452045 0.00 0.00 0.00 0.00 9.49 5.24 8.55 5.25 0.01 -10.06 -6.02 -10.79
1684257885469646 0.00 0.00 0.00 0.00 8.24 5.25 8.71 5.40 -17.70 -8.87 -9.40 -10.72
1684257885486219 0.00 0.00 0.00 0.00 8.24 5.25 8.71 5.40 -9.39 -9.43 -9.39 -10.71
1684257885501677 0.00 0.00 0.00 0.00 9.49 3.99 8.87 5.25 0.00 0.00 -9.39 -9.59
1684257885517879 0.00 0.00 0.00 0.00 9.49 3.99 9.02 5.09 -9.63 9.67 -10.60 -7.14
1684257885534988 0.00 0.00 0.00 0.00 7.00 4.00 8.71 4.93 -9.12 9.16 -9.29 -4.76
1684257885552339 0.00 0.00 0.00 0.00 9.49 5.24 8.71 4.78 17.96 9.00 -5.83 -2.42
1684257885566402 0.00 0.00 0.00 0.00 9.49 2.74 8.87 4.46 -0.02 11.12 -3.49 1.32
1684257885582618 0.00 0.00 0.00 0.00 9.49 3.99 8.87 4.31 -9.64 19.32 -4.69 4.99
1684257885599050 0.00 0.00 0.00 0.00 9.49 2.74 9.02 3.99 -0.01 9.52 -2.48 7.29
1684257885618710 0.00 0.00 0.00 0.00 7.00 2.74 8.87 3.68 -7.95 15.93 -2.30 10.46
1684257885630837 0.00 0.00 0.00 0.00 8.25 1.49 8.71 3.37 12.83 25.80 -0.70 13.69
1684257885647919 0.00 0.00 0.00 0.00 9.49 2.74 8.71 3.21 9.10 18.33 1.64 14.77
1684257885663364 0.00 0.00 0.00 0.00 5.75 1.49 8.56 2.90 -0.02 10.14 2.78 14.90
1684257885680042 0.00 0.00 0.00 0.00 7.00 1.49 8.25 2.43 9.33 18.78 1.70 16.12
1684257885695963 0.00 0.00 0.00 0.00 9.50 0.23 8.25 2.11 19.55 29.49 4.15 18.41
1684257885712248 0.00 0.00 0.00 0.00 8.25 0.23 8.09 1.64 -0.03 19.26 5.35 18.41
1684257885730720 0.00 0.00 0.00 0.00 8.25 1.49 7.94 1.49 8.41 25.45 6.40 20.40
1684257885745381 0.00 0.00 0.00 0.00 8.25 0.23 8.09 1.17 10.62 10.68 8.73 19.74
1684257885762139 0.00 0.00 0.00 0.00 5.75 0.24 7.78 1.02 -9.33 18.73 5.96 18.86
1684257885777563 0.00 0.00 0.00 0.00 5.75 0.24 7.31 0.70 20.22 10.15 7.35 17.83
1684257885793845 0.00 0.00 0.00 0.00 8.25 0.23 7.62 0.55 28.72 19.23 10.94 18.97
1684257885811917 0.00 0.00 0.00 0.00 9.50 0.23 7.94 0.39 -17.27 8.70 7.61 17.71
1684257885826550 0.00 0.00 0.00 0.00 7.00 1.49 7.62 0.55 -21.34 10.75 2.50 15.37
1684257885843586 0.00 0.00 0.00 0.00 7.00 0.23 7.47 0.55 18.33 -9.23 4.80 11.81
1684257885858415 0.00 0.00 0.00 0.00 7.00 1.49 7.31 0.55 10.52 -0.01 5.06 8.62
1684257885874906 0.00 0.00 0.00 0.00 8.25 1.49 7.31 0.70 9.46 -0.01 4.91 7.29
1684257885891733 0.00 0.00 0.00 0.00 5.75 1.49 7.31 0.86 0.01 -9.32 6.08 3.78
1684257885907578 0.00 0.00 0.00 0.00 7.00 1.49 7.47 1.02 0.01 -9.90 3.55 1.27
1684257885923929 0.00 0.00 0.00 0.00 7.00 2.74 7.31 1.33 -9.53 -9.59 -1.23 -2.33
1684257885940107 0.00 0.00 0.00 0.00 5.75 4.00 6.84 1.80 9.66 -19.40 2.14 -5.84
1684257885957676 0.00 0.00 0.00 0.00 7.00 4.00 6.84 2.12 26.66 -26.80 8.14 -10.53
1684257885973143 0.00 0.00 0.00 0.00 7.00 4.00 6.84 2.59 0.02 -20.26 5.85 -11.91
1684257885988749 0.00 0.00 0.00 0.00 5.75 5.25 6.69 3.06 0.03 -30.13 4.54 -15.68
1684257886003852 0.00 0.00 0.00 0.00 9.49 3.99 6.84 3.37 10.34 -31.11 4.65 -19.56
1684257886023268 0.00 0.00 0.00 0.00 8.24 3.99 7.15 3.68 -8.01 -16.13 3.65 -20.41
1684257886036600 0.00 0.00 0.00 0.00 5.75 5.25 7.00 4.15 -23.37 -23.48 0.72 -22.11
1684257886056669 0.00 0.00 0.00 0.00 7.00 5.25 7.00 4.47 7.78 -23.41 2.89 -23.84
1684257886069324 0.00 0.00 0.00 0.00 9.49 6.50 7.46 4.78 0.02 -24.74 1.68 -24.51
1684257886086249 0.00 0.00 0.00 0.00 5.75 6.50 7.31 5.09 -27.60 -18.45 -5.10 -23.47
1684257886101357 0.00 0.00 0.00 0.00 7.00 6.50 7.31 5.40 10.33 -20.71 -3.81 -23.52
1684257886120440 0.00 0.00 0.00 0.00 8.24 6.50 7.62 5.56 0.01 -16.39 -3.81 -21.80
1684257886134887 0.00 0.00 0.00 0.00 5.75 7.75 7.15 6.03 -21.56 -10.80 -7.80 -19.26
1684257886151278 0.00 0.00 0.00 0.00 7.00 6.50 7.00 6.34 28.54 -28.64 -3.23 -20.83
1684257886168074 0.00 0.00 0.00 0.00 5.75 6.50 7.00 6.50 9.29 -18.63 0.85 -20.22
1684257886182799 0.00 0.00 0.00 0.00 8.24 6.50 7.15 6.65 0.00 -10.61 -0.12 -18.62
1684257886199144 0.00 0.00 0.00 0.00 5.75 7.75 6.68 6.81 -9.52 -9.55 -1.31 -16.72
1684257886215473 0.00 0.00 0.00 0.00 7.00 6.50 6.84 6.81 28.62 -9.59 5.72 -15.62
1684257886231619 0.00 0.00 0.00 0.00 6.99 7.75 6.84 6.97 -9.65 0.01 3.22 -13.03
1684257886248013 0.00 0.00 0.00 0.00 7.00 6.50 6.68 6.97 0.01 -9.53 3.22 -12.17
1684257886265802 0.00 0.00 0.00 0.00 7.00 6.50 6.84 6.81 8.76 -0.01 7.01 -10.82
1684257886281674 0.00 0.00 0.00 0.00 6.99 7.75 6.84 6.97 -9.82 9.84 2.21 -6.01
1684257886296451 0.00 0.00 0.00 0.00 6.99 7.75 7.00 7.12 0.01 -10.57 1.05 -5.00
1684257886312543 0.00 0.00 0.00 0.00 8.24 7.75 7.00 7.28 -9.67 -9.70 -0.16 -4.89
1684257886331173 0.00 0.00 0.00 0.00 8.24 6.50 7.31 7.12 0.01 -8.38 1.03 -4.74
1684257886345468 0.00 0.00 0.00 0.00 5.75 6.50 7.15 7.12 -21.80 10.94 -5.27 -2.17
1684257886361746 0.00 0.00 0.00 0.00 8.24 6.50 7.31 6.97 9.57 -0.01 -2.87 -2.18
1684257886378035 0.00 0.00 0.00 0.00 5.75 7.75 7.15 7.12 -9.57 9.60 -4.06 0.21
1684257886394326 0.00 0.00 0.00 0.00 6.99 7.75 7.15 7.28 9.56 -9.59 -3.96 -0.98
1684257886410675 0.00 0.00 0.00 0.00 7.00 6.50 7.15 7.12 0.01 -9.55 -2.74 -3.41
1684257886428718 0.00 0.00 0.00 0.00 8.24 7.75 7.31 7.12 -0.01 8.66 -2.74 -1.00
1684257886442778 0.00 0.00 0.00 0.00 7.00 6.50 7.15 6.97 -11.08 0.01 -2.91 0.21
1684257886459772 0.00 0.00 0.00 0.00 5.75 6.50 6.84 6.97 9.16 9.18 -1.77 2.40
1684257886475208 0.00 0.00 0.00 0.00 7.00 6.50 7.00 6.97 20.18 -0.01 3.48 1.03
1684257886491327 0.00 0.00 0.00 0.00 6.99 7.75 6.84 7.12 -9.66 0.01 1.07 1.04
1684257886507536 0.00 0.00 0.00 0.00 5.75 7.75 6.84 7.12 9.62 -9.64 3.47 -1.37
1684257886527939 0.00 0.00 0.00 0.00 5.75 7.75 6.68 7.12 0.00 -0.00 2.28 -0.17
1684257886542674 0.00 0.00 0.00 0.00 5.75 7.75 6.53 7.28 10.57 -0.01 3.60 1.02
1684257886556727 0.00 0.00 0.00 0.00 4.50 7.75 6.06 7.28 11.09 -11.12 4.98 -1.45
1684257886573263 0.00 0.00 0.00 0.00 5.75 9.00 5.91 7.59 28.25 -0.01 9.90 -1.45
1684257886589074 0.00 0.00 0.00 0.00 5.75 7.75 5.91 7.75 9.86 -19.75 9.99 -5.07
1684257886605709 0.00 0.00 0.00 0.00 5.75 7.75 5.75 7.90 0.00 -9.39 7.46 -6.24
1684257886621334 0.00 0.00 0.00 0.00 4.50 9.00 5.44 8.06 9.97 -10.00 9.92 -7.49
1684257886638111 0.00 0.00 0.00 0.00 4.50 9.00 5.28 8.22 18.56 -9.31 11.04 -7.45
1684257886654155 0.00 0.00 0.00 0.00 6.99 9.00 5.44 8.37 9.70 -9.73 12.25 -8.66
1684257886670849 0.00 0.00 0.00 0.00 4.50 10.24 5.28 8.68 -9.32 -9.34 9.76 -9.83
1684257886686443 0.00 0.00 0.00 0.00 4.50 9.00 5.28 8.84 9.99 -20.01 9.63 -10.94
1684257886703464 0.00 0.00 0.00 0.00 4.50 9.00 5.13 8.84 0.00 -9.17 6.10 -12.09
1684257886720141 0.00 0.00 0.00 0.00 4.50 10.24 4.97 9.15 9.33 -0.00 6.03 -9.62
1684257886735938 0.00 0.00 0.00 0.00 4.50 10.24 4.81 9.46 9.86 -19.75 7.26 -10.91
1684257886756598 0.00 0.00 0.00 0.00 4.50 10.24 4.81 9.62 7.54 -15.10 6.96 -11.55
1684257886768881 0.00 0.00 0.00 0.00 5.75 9.00 4.97 9.62 0.00 -12.69 4.64 -11.97
1684257886788926 0.00 0.00 0.00 0.00 4.50 11.49 4.66 9.93 -7.76 0.00 2.45 -10.76
1684257886800894 0.00 0.00 0.00 0.00 5.75 10.24 4.81 9.93 26.01 -26.06 6.87 -12.85
1684257886821772 0.00 0.00 0.00 0.00 5.75 4.00 4.97 9.31 -7.45 0.00 4.69 -10.35
1684257886835970 0.00 0.00 0.00 0.00 3.26 9.00 4.82 9.31 -10.98 44.02 3.32 -3.70
1684257886849475 0.00 0.00 0.00 0.00 4.50 11.49 4.82 9.46 11.52 0.00 3.59 -3.70
1684257886870166 0.00 0.00 0.00 0.00 5.75 10.24 4.97 9.46 0.00 -7.53 2.36 -2.17
1684257886881978 0.00 0.00 0.00 0.00 4.50 11.49 4.97 9.62 -13.17 0.00 -0.23 -0.28
1684257886898562 0.00 0.00 0.00 0.00 4.50 10.24 4.82 9.77 0.00 -9.40 -0.23 0.13
1684257886915627 0.00 0.00 0.00 0.00 4.50 10.24 4.82 9.62 9.12 -9.14 1.88 -1.01
1684257886931418 0.00 0.00 0.00 0.00 4.50 10.24 4.66 9.62 -0.00 9.87 -1.37 3.48
1684257886946764 0.00 0.00 0.00 0.00 5.75 10.24 4.66 10.40 10.14 -0.00 0.83 3.48
1684257886963295 0.00 0.00 0.00 0.00 4.50 9.00 4.81 10.40 0.02 -47.24 2.20 -7.93
1684257886980154 0.00 0.00 0.00 0.00 4.50 9.00 4.81 10.09 -9.23 -0.00 -0.39 -7.93
1684257886995375 0.00 0.00 0.00 0.00 4.50 9.00 4.66 9.93 -0.00 20.48 -0.39 -4.43
1684257887011036 0.00 0.00 0.00 0.00 4.50 9.00 4.66 9.62 9.93 9.95 2.50 -3.18
1684257887027295 0.00 0.00 0.00 0.00 4.50 9.00 4.66 9.46 -0.00 19.17 2.50 0.39
1684257887045852 0.00 0.00 0.00 0.00 4.50 9.00 4.66 9.31 -0.00 8.40 1.36 2.58
1684257887059753 0.00 0.00 0.00 0.00 3.26 10.24 4.50 9.31 -0.00 11.22 1.36 2.75
1684257887075579 0.00 0.00 0.00 0.00 4.50 9.00 4.35 9.15 9.83 0.00 1.32 2.75
1684257887091931 0.00 0.00 0.00 0.00 3.26 9.00 4.19 9.15 9.51 9.53 2.51 9.85
1684257887108505 0.00 0.00 0.00 0.00 4.50 9.00 4.19 9.15 9.39 0.00 4.83 9.85
1684257887124454 0.00 0.00 0.00 0.00 3.26 9.00 4.04 9.15 0.00 0.00 4.83 7.29
1684257887141811 0.00 0.00 0.00 0.00 3.26 9.00 3.88 9.15 8.97 0.00 4.71 6.04
1684257887158432 0.00 0.00 0.00 0.00 5.75 9.00 4.04 9.15 9.36 0.00 5.88 3.64
1684257887174866 0.00 0.00 0.00 0.00 4.50 9.00 4.04 9.15 -9.47 0.00 4.70 2.59
1684257887189813 0.00 0.00 0.00 0.00 3.26 9.00 4.04 9.00 0.00 -0.00 4.70 1.19
1684257887207614 0.00 0.00 0.00 0.00 3.26 9.00 3.88 9.00 0.00 8.76 3.47 2.29
1684257887222039 0.00 0.00 0.00 0.00 3.26 9.00 3.88 9.00 10.79 0.00 3.63 1.10
1684257887239085 0.00 0.00 0.00 0.00 4.50 9.00 3.88 9.00 0.00 0.00 2.46 1.10
1684257887254851 0.00 0.00 0.00 0.00 4.50 9.00 4.04 9.00 0.00 -0.00 2.46 1.10
1684257887270689 0.00 0.00 0.00 0.00 2.01 9.00 3.88 9.00 -9.83 -0.00 0.11 1.10
1684257887287301 0.00 0.00 0.00 0.00 4.50 9.00 3.73 9.00 9.37 0.00 0.11 1.10
1684257887304981 0.00 0.00 0.00 0.00 4.50 10.24 3.73 9.15 8.80 -0.00 2.39 1.09
1684257887320475 0.00 0.00 0.00 0.00 4.50 10.24 3.88 9.31 0.00 -10.06 2.39 -0.16
1684257887336017 0.00 0.00 0.00 0.00 4.50 10.24 4.04 9.46 -10.01 -10.03 1.14 -2.51
1684257887353164 0.00 0.00 0.00 0.00 4.50 10.24 4.19 9.62 -9.08 -9.09 -1.34 -3.65
1684257887368787 0.00 0.00 0.00 0.00 4.50 11.49 4.19 9.93 -9.96 -9.98 -2.59 -4.90
1684257887385283 0.00 0.00 0.00 0.00 5.75 11.49 4.35 10.24 0.00 -18.90 -2.59 -7.26
1684257887400990 80.00 0.00 0.00 0.00 5.75 10.24 4.81 10.40 -9.90 -19.85 -2.60 -9.74
1684257887417700 80.00 0.00 0.00 0.00 4.50 11.49 4.81 10.71 -27.94 -9.33 -7.26 -10.91
1684257887433163 80.00 0.00 0.00 0.00 5.75 11.49 4.97 10.87 0.00 -20.16 -8.36 -13.43
1684257887449221 80.00 0.00 0.00 0.00 4.50 11.49 4.97 11.02 -9.69 -9.70 -9.57 -13.38
1684257887466097 80.00 0.00 0.00 0.00 6.99 10.24 5.28 11.02 0.00 -9.23 -8.32 -13.28
1684257887482893 80.00 0.00 0.00 0.00 6.99 10.24 5.59 11.02 -18.53 0.01 -9.50 -12.14
1684257887498784 80.00 0.00 0.00 0.00 5.75 10.24 5.75 10.87 -19.58 0.01 -10.70 -10.90
1684257887515832 80.00 0.00 0.00 0.00 8.24 10.24 6.06 10.71 -9.13 9.14 -11.85 -7.39
1684257887531407 80.00 0.00 0.00 0.00 8.24 10.24 6.37 10.71 -19.99 10.02 -13.11 -3.66
1684257887547784 80.00 0.00 0.00 0.00 9.48 10.24 6.99 10.55 -19.01 0.01 -11.99 -2.49
1684257887563679 80.00 0.00 0.00 0.00 11.98 10.24 7.77 10.40 -39.17 9.82 -16.89 1.26
1684257887581219 80.00 0.00 0.00 0.00 9.49 8.99 8.39 10.09 -44.39 8.92 -21.22 3.59
1684257887596009 80.00 0.00 0.00 0.00 13.22 10.24 9.17 10.09 -42.11 21.10 -26.49 7.38
1684257887612523 80.00 0.00 0.00 0.00 15.72 8.98 10.26 9.93 -47.16 0.05 -30.07 7.38
1684257887629958 80.00 0.00 0.00 0.00 14.47 10.23 11.36 9.93 -62.59 9.03 -35.44 8.51
1684257887644769 80.00 0.00 0.00 0.00 19.48 8.97 12.76 9.77 -73.62 0.08 -43.51 7.38
1684257887661702 80.00 0.00 0.00 0.00 20.73 8.97 14.32 9.61 -82.96 9.37 -51.38 7.30
1684257887678774 80.00 0.00 0.00 0.00 21.98 8.97 15.88 9.45 -91.46 9.32 -60.43 8.46
1684257887693690 80.00 0.00 0.00 0.00 24.50 8.96 17.45 9.29 -104.75 10.68 -68.63 8.57
1684257887710060 80.00 0.00 0.00 0.00 25.75 8.95 19.48 9.28 -95.59 9.77 -75.03 8.68
1684257887726617 80.00 0.00 0.00 0.00 28.28 7.69 21.36 8.97 -122.83 0.30 -85.12 6.08
1684257887744247 80.00 0.00 0.00 0.00 30.81 6.43 23.25 8.65 -106.73 18.04 -92.57 8.32
1684257887759717 80.00 0.00 0.00 0.00 33.33 6.42 25.61 8.17 -121.87 20.65 -99.98 9.78
1684257887775918 80.00 0.00 0.00 0.00 35.86 7.66 27.65 8.01 -145.53 29.45 -108.97 13.45
1684257887792491 80.00 0.00 0.00 0.00 37.11 11.43 29.70 8.31 -123.56 9.88 -114.04 13.51
1684257887807543 80.00 0.00 0.00 0.00 38.39 7.65 31.75 8.15 -136.05 -20.39 -119.61 9.80
1684257887824220 80.00 0.00 0.00 0.00 42.19 7.64 33.96 7.98 -122.97 9.83 -121.89 9.69
1684257887840344 80.00 0.00 0.00 0.00 45.98 8.89 36.49 7.98 -137.15 10.19 -127.09 9.74
1684257887856666 80.00 0.00 0.00 0.00 45.98 7.64 38.71 7.97 -154.89 0.46 -131.09 9.76
1684257887872934 80.00 0.00 0.00 0.00 45.97 13.92 40.60 8.91 -136.01 0.42 -134.76 7.56
1684257887888299 80.00 0.00 0.00 0.00 48.49 17.69 42.50 10.32 -123.39 -60.97 -134.94 -2.64
1684257887905890 80.00 0.00 0.00 0.00 55.94 1.39 45.01 9.53 -107.74 -80.11 -130.22 -16.34
1684257887921131 80.00 0.00 0.00 0.00 57.22 8.91 47.52 9.22 -164.75 51.49 -135.37 -11.13
1684257887937676 80.00 0.00 0.00 0.00 54.74 7.65 49.56 9.22 -151.89 19.01 -137.35 -6.21
1684257887954093 80.00 0.00 0.00 0.00 57.21 7.66 51.44 9.22 -124.52 0.07 -137.54 -7.43
1684257887970362 80.00 0.00 0.00 0.00 59.66 7.67 53.15 9.06 -115.44 -0.09 -134.83 -8.71
1684257887987543 80.00 0.00 0.00 0.00 63.28 8.95 55.31 9.23 -99.53 8.91 -127.91 -7.66
1684257888002075 80.00 0.00 0.00 0.00 63.17 0.23 57.46 7.52 -148.83 -11.28 -129.51 -9.12
1684257888032612 80.00 0.00 0.00 0.00 65.64 7.73 59.61 6.27 -70.40 56.04 -122.89 5.51
1684257888045498 80.00 0.00 0.00 0.00 65.62 6.48 60.82 6.91 -166.31 96.66 -130.21 27.60
1684257888057442 80.00 0.00 0.00 0.00 67.97 7.76 62.16 6.76 -101.30 -53.34 -122.28 14.50
1684257888069746 80.00 0.00 0.00 0.00 69.10 6.54 63.96 6.63 -109.23 11.69 -116.95 13.58
1684257888083144 80.00 0.00 0.00 0.00 69.10 6.54 65.44 6.49 -133.94 10.34 -118.12 14.87
1684257888099343 80.00 0.00 0.00 0.00 70.24 6.56 66.76 6.35 -91.73 8.63 -115.16 15.96
1684257888115936 80.00 0.00 0.00 0.00 71.36 6.58 67.77 6.05 -79.71 8.37 -112.68 15.89
1684257888131717 80.00 0.00 0.00 0.00 71.36 6.58 68.80 6.85 -64.02 18.75 -102.08 19.64
1684257888148385 80.00 0.00 0.00 0.00 70.33 13.99 69.39 7.63 -61.44 -47.62 -100.96 6.69
1684257888174298 80.00 0.00 0.00 0.00 73.58 6.63 70.38 7.65 -22.63 -30.22 -83.00 -9.17
1684257888186305 80.00 0.00 0.00 0.00 75.75 6.69 71.35 7.51 -82.86 -1.54 -80.70 -2.70
1684257888198944 80.00 0.00 0.00 0.00 74.67 6.66 72.05 7.53 -76.98 10.61 -76.66 -2.84
1684257888213362 80.00 0.00 0.00 0.00 75.72 5.46 72.88 7.39 -48.33 -1.04 -65.96 -4.26
1684257888229613 80.00 0.00 0.00 0.00 75.72 5.46 73.56 7.26 -50.94 8.26 -60.86 -4.30
1684257888245348 80.00 0.00 0.00 0.00 77.84 5.53 74.37 7.13 -43.57 8.70 -56.35 -4.26
1684257888261802 80.00 0.00 0.00 0.00 76.82 6.72 75.05 7.14 -49.19 7.99 -54.49 -5.61
1684257888278687 80.00 0.00 0.00 0.00 77.84 5.53 75.99 6.08 -40.38 -0.99 -51.86 0.22
1684257888294231 80.00 0.00 0.00 0.00 78.91 6.78 76.66 6.10 -60.39 68.05 -56.58 12.50
1684257888310405 80.00 0.00 0.00 0.00 78.88 5.57 77.05 5.96 -41.19 -1.14 -51.37 12.55
1684257888327064 80.00 0.00 0.00 0.00 78.88 5.57 77.58 5.83 -23.45 8.41 -44.68 12.28
1684257888343169 80.00 0.00 0.00 0.00 79.94 6.81 78.10 5.99 -32.63 8.48 -42.72 13.47
1684257888359160 80.00 0.00 0.00 0.00 78.91 6.78 78.50 6.16 -32.97 -10.54 -40.47 11.12
1684257888387479 80.00 0.00 0.00 0.00 79.90 5.60 78.76 6.17 -14.08 -5.81 -36.78 9.30
1684257888399634 80.00 0.00 0.00 0.00 80.95 6.85 79.28 6.18 -21.23 -0.74 -33.29 8.21
1684257888411780 80.00 0.00 0.00 0.00 80.95 6.85 79.67 6.35 -42.55 -1.35 -33.56 8.17
1684257888424111 80.00 0.00 0.00 0.00 81.73 0.89 80.02 5.61 -31.57 -13.35 -29.96 -2.01
1684257888441879 80.00 0.00 0.00 0.00 80.95 6.85 80.28 5.77 -19.80 41.45 -27.29 3.32
1684257888457043 80.00 0.00 0.00 0.00 81.99 8.09 80.67 6.09 -17.11 -10.56 -26.49 0.95
1684257888477640 80.00 0.00 0.00 0.00 82.71 0.94 81.01 5.35 -18.88 -15.31 -24.77 -2.03
1684257888489897 80.00 0.00 0.00 0.00 81.95 6.88 81.39 5.37 -28.23 59.87 -24.18 6.78
1684257888509528 80.00 0.00 0.00 0.00 83.04 10.53 81.78 5.98 -19.36 -0.66 -24.84 7.42
1684257888521969 80.00 0.00 0.00 0.00 83.01 9.32 82.04 6.29 -31.48 -49.50 -26.12 1.32
1684257888538026 80.00 0.00 0.00 0.00 82.98 8.12 82.29 6.45 -16.00 -19.29 -22.80 -0.92
1684257888554392 80.00 0.00 0.00 0.00 83.01 9.32 82.45 7.51 -15.45 -9.73 -20.79 -0.47
1684257888571196 80.00 0.00 0.00 0.00 82.98 8.12 82.71 7.67 -9.53 -62.77 -19.51 -13.49
1684257888588230 80.00 0.00 0.00 0.00 83.95 8.16 82.95 7.67 -14.85 -9.35 -19.22 -13.34
1684257888605266 80.00 0.00 0.00 0.00 84.98 10.58 83.24 8.88 -14.40 -0.50 -18.66 -11.49
1684257888620168 80.00 0.00 0.00 0.00 84.94 9.39 83.61 9.19 -19.03 -80.89 -17.51 -29.09
1684257888636020 80.00 0.00 0.00 0.00 85.92 10.61 83.97 9.20 -23.60 -19.75 -18.04 -31.47
1684257888652105 80.00 0.00 0.00 0.00 85.92 10.61 84.33 9.37 -22.44 -0.66 -16.91 -25.37
1684257888668294 80.00 0.00 0.00 0.00 85.89 9.42 84.70 9.53 -22.52 -9.95 -17.73 -24.20
1684257888684754 80.00 0.00 0.00 0.00 86.04 19.00 85.08 10.74 -22.16 -9.86 -18.56 -24.22
1684257888700831 80.00 0.00 0.00 0.00 86.86 10.64 85.56 11.05 -23.56 -75.19 -20.32 -25.77
1684257888718259 80.00 0.00 0.00 0.00 89.43 6.03 86.25 10.79 -27.86 -18.09 -21.94 -26.86
1684257888733485 80.00 0.00 0.00 0.00 88.69 10.70 86.71 10.80 -44.95 17.42 -25.76 -24.62
1684257888759427 80.00 0.00 0.00 0.00 88.69 10.70 87.18 10.97 -17.90 -0.58 -25.62 -14.58
1684257888771439 80.00 0.00 0.00 0.00 88.72 11.89 87.53 11.13 -38.97 -13.71 -27.54 -13.83
1684257888783768 80.00 0.00 0.00 0.00 87.78 10.67 87.76 11.13 -28.34 -12.92 -28.28 -15.36
1684257888798325 80.00 0.00 0.00 0.00 89.70 17.82 88.24 12.18 -15.95 -0.51 -27.46 -14.18
1684257888814889 80.00 0.00 0.00 0.00 89.55 9.56 88.68 11.00 -28.75 -63.43 -28.28 -20.88
1684257888831458 80.00 0.00 0.00 0.00 91.92 3.87 89.31 10.16 -26.51 71.20 -28.65 -2.58
1684257888847579 80.00 0.00 0.00 0.00 89.47 7.21 89.32 10.30 -39.20 52.54 -30.07 6.25
1684257888863434 80.00 0.00 0.00 0.00 90.30 6.08 89.52 9.73 -0.36 -9.25 -24.50 2.92
1684257888879635 80.00 0.00 0.00 0.00 88.77 14.26 89.53 10.17 -12.46 35.66 -23.82 7.45
1684257888895778 80.00 0.00 0.00 0.00 89.43 6.03 89.61 9.44 -0.59 -27.51 -19.02 5.72
1684257888912442 80.00 0.00 0.00 0.00 91.22 7.30 90.04 9.02 -5.30 43.91 -16.14 12.83
1684257888928935 80.00 0.00 0.00 0.00 90.55 14.30 90.15 8.57 -26.05 25.60 -17.40 16.09
1684257888944914 80.00 0.00 0.00 0.00 91.17 6.13 90.35 8.15 -6.59 27.60 -14.63 27.47
1684257888963407 80.00 0.00 0.00 0.00 91.17 6.13 90.26 8.43 -10.95 23.16 -12.69 21.46
1684257888977990 80.00 0.00 0.00 0.00 91.72 0.41 90.54 7.58 6.38 -19.41 -6.99 12.47
1684257888997238 80.00 0.00 0.00 0.00 92.87 6.23 90.86 7.60 -14.61 44.12 -8.77 19.14
1684257889008777 80.00 0.00 0.00 0.00 92.87 6.23 91.37 6.60 -27.74 -1.62 -10.68 14.48
1684257889028099 80.00 0.00 0.00 0.00 93.64 5.13 91.90 6.48 -26.52 51.92 -13.92 24.41
1684257889041543 80.00 0.00 0.00 0.00 92.81 5.08 92.10 6.21 -39.19 8.37 -18.16 19.97
1684257889057626 80.00 0.00 0.00 0.00 94.40 4.05 92.58 4.92 -12.39 17.24 -16.45 18.92
1684257889075398 80.00 0.00 0.00 0.00 94.46 5.19 92.99 4.81 -27.10 72.10 -19.01 24.48
1684257889090579 80.00 0.00 0.00 0.00 94.72 12.09 93.43 5.55 -27.05 7.76 -21.03 22.56
1684257889105871 80.00 0.00 0.00 0.00 94.40 4.05 93.77 6.01 -28.97 -48.70 -25.45 18.90
1684257889123593 80.00 0.00 0.00 0.00 95.26 5.25 94.07 5.88 -18.88 -25.63 -25.98 10.18
1684257889139284 80.00 0.00 0.00 0.00 95.14 2.97 94.35 5.47 -19.07 7.86 -24.90 11.36
1684257889154994 80.00 0.00 0.00 0.00 95.99 4.17 94.65 5.35 -18.08 25.95 -23.84 8.12
1684257889172000 80.00 0.00 0.00 0.00 95.99 4.17 95.04 5.24 -17.29 7.09 -21.10 7.96
1684257889187525 80.00 0.00 0.00 0.00 95.99 4.17 95.24 5.26 -25.60 7.32 -22.76 6.72
1684257889203177 80.00 0.00 0.00 0.00 95.99 4.17 95.44 5.13 -12.73 -0.98 -20.96 -2.42
1684257889228911 80.00 0.00 0.00 0.00 96.71 3.10 95.68 4.00 -7.46 4.96 -18.51 -2.76
1684257889241190 80.00 0.00 0.00 0.00 96.71 3.10 95.97 3.89 -20.28 91.48 -17.42 14.76
1684257889253520 80.00 0.00 0.00 0.00 96.71 3.10 96.15 3.62 -23.42 9.57 -17.99 19.16
1684257889268467 80.00 0.00 0.00 0.00 97.48 3.17 96.45 3.64 -12.11 17.93 -17.12 20.42
1684257889285110 80.00 0.00 0.00 0.00 97.41 2.05 96.62 3.38 -17.56 -1.49 -17.06 16.98
1684257889301411 80.00 0.00 0.00 0.00 97.48 3.17 96.81 3.25 -10.84 16.26 -16.25 18.13
1684257889317749 80.00 0.00 0.00 0.00 98.23 3.24 97.09 3.14 -11.35 7.64 -14.47 18.17
1684257889333976 80.00 0.00 0.00 0.00 98.16 2.12 97.36 2.88 -17.25 7.18 -15.03 19.19
1684257889350133 80.00 0.00 0.00 0.00 98.98 3.30 97.64 2.91 -16.79 15.85 -16.20 20.55
1684257889366465 80.00 0.00 0.00 0.00 97.41 2.05 97.73 2.77 -17.38 -1.54 -15.84 8.92
1684257889382387 80.00 0.00 0.00 0.00 98.98 3.30 98.01 2.80 -5.49 8.28 -13.60 8.76
1684257889399134 80.00 0.00 0.00 0.00 99.71 3.37 98.29 2.82 -16.95 -1.50 -14.20 6.33
1684257889419949 80.00 0.00 0.00 0.00 98.91 2.19 98.48 2.84 -13.44 -1.22 -13.69 6.37
1684257889431770 80.00 0.00 0.00 0.00 98.98 3.30 98.67 2.86 -15.88 -1.52 -14.31 4.15
1684257889448307 80.00 0.00 0.00 0.00 98.83 1.08 98.74 2.59 -11.36 -1.02 -14.32 3.06
1684257889463523 80.00 0.00 0.00 0.00 99.64 2.26 98.93 2.61 -4.94 17.70 -12.78 4.38
1684257889479283 80.00 0.00 0.00 0.00 100.37 2.34 99.10 2.49 -11.74 -1.14 -12.14 2.25
1684257889496120 80.00 0.00 0.00 0.00 100.37 2.34 99.47 2.52 -10.31 7.18 -11.26 3.34
1684257889512341 80.00 0.00 0.00 0.00 100.44 3.44 99.66 2.54 -22.81 -2.22 -13.43 2.03
1684257889530115 80.00 0.00 0.00 0.00 100.44 3.44 99.75 2.55 -10.26 -0.96 -12.59 2.10
1684257889545451 80.00 0.00 0.00 0.00 100.37 2.34 99.93 2.57 -5.90 -0.55 -11.65 2.18
1684257889560737 80.00 0.00 0.00 0.00 100.37 2.34 100.10 2.45 -11.93 -1.18 -11.16 2.22
1684257889578598 80.00 0.00 0.00 0.00 99.41 -1.04 100.17 2.18 -9.72 6.77 -10.95 3.20
1684257889596192 80.00 0.00 0.00 0.00 99.41 -1.04 100.14 1.77 -4.06 15.10 -10.84 2.87
1684257889610428 80.00 0.00 0.00 0.00 100.29 1.24 100.13 1.63 2.08 29.04 -9.11 6.65
1684257889626073 80.00 0.00 0.00 0.00 100.93 0.22 100.20 1.36 0.60 8.79 -7.75 6.85
1684257889642319 80.00 0.00 0.00 0.00 100.29 1.24 100.19 1.09 -4.30 16.29 -5.44 9.16
1684257889658910 80.00 0.00 0.00 0.00 100.56 -4.13 100.20 0.14 1.09 16.60 -4.02 11.36
1684257889674863 80.00 0.00 0.00 0.00 100.21 0.14 100.18 -0.13 -0.99 59.29 -3.40 18.84
1684257889691068 80.00 0.00 0.00 0.00 100.21 0.14 100.16 -0.41 1.19 16.96 -1.76 21.11
1684257889707520 80.00 0.00 0.00 0.00 98.75 -0.03 100.08 -0.28 1.17 16.71 -0.40 22.35
1684257889723694 80.00 0.00 0.00 0.00 100.21 0.14 100.18 -0.13 5.03 -7.87 0.73 19.48
1684257889740316 80.00 0.00 0.00 0.00 101.39 7.92 100.32 0.71 -6.07 -8.88 -0.28 14.74
1684257889756344 80.00 0.00 0.00 0.00 100.84 -0.87 100.31 0.57 -8.55 -52.17 -1.43 7.12
1684257889772726 80.00 0.00 0.00 0.00 100.93 0.22 100.39 0.44 0.64 8.32 -0.81 6.12
1684257889789139 80.00 0.00 0.00 0.00 100.21 0.14 100.35 0.97 -4.83 7.74 -1.55 5.01
1684257889805317 80.00 0.00 0.00 0.00 100.29 1.24 100.36 1.11 2.71 -32.94 -1.09 -6.52
1684257889821994 80.00 0.00 0.00 0.00 101.01 1.31 100.45 1.26 -0.59 -8.23 -1.31 -9.67
1684257889837847 80.00 0.00 0.00 0.00 100.93 0.22 100.73 1.29 -6.25 -9.27 -2.24 -12.91
1684257889854122 80.00 0.00 0.00 0.00 100.21 0.14 100.73 1.29 -16.67 -1.88 -4.95 -12.16
1684257889870555 80.00 0.00 0.00 0.00 99.49 0.06 100.49 0.31 0.00 0.00 -4.19 -11.05
1684257889887660 80.00 0.00 0.00 0.00 100.13 -8.42 100.40 -0.64 13.88 57.50 -1.39 2.66
1684257889902837 80.00 0.00 0.00 0.00 100.13 -0.96 100.30 -0.78 5.84 62.15 -0.74 9.38
1684257889918745 80.00 0.00 0.00 0.00 99.49 0.06 100.21 -0.79 6.26 9.25 0.65 9.57
1684257889935179 80.00 0.00 0.00 0.00 100.21 0.14 100.20 -0.93 5.50 0.62 1.00 13.77
1684257889951822 80.00 0.00 0.00 0.00 100.13 -0.96 100.09 -1.22 0.60 8.25 1.15 15.83
1684257889967798 80.00 0.00 0.00 0.00 99.57 1.16 99.92 -1.10 6.86 17.77 2.78 19.21
1684257889984494 80.00 0.00 0.00 0.00 100.29 1.24 99.93 -0.96 10.17 -7.03 6.14 18.56
1684257890000117 80.00 0.00 0.00 0.00 99.57 1.16 99.94 -0.82 -0.63 -8.79 6.06 17.46
1684257890016147 80.00 0.00 0.00 0.00 100.13 -0.96 99.94 0.11 -0.62 -8.60 4.25 9.20
1684257890031196 80.00 0.00 0.00 0.00 100.21 0.14 99.95 0.25 0.03 -61.96 3.52 -6.31
1684257890047952 80.00 0.00 0.00 0.00 100.29 1.24 100.05 0.39 -0.62 -8.17 2.66 -8.49
1684257890067057 80.00 0.00 0.00 0.00 98.09 1.01 99.78 0.50 -5.25 -7.72 1.32 -9.53
1684257890081211 80.00 0.00 0.00 0.00 98.75 -0.03 99.61 0.62 18.76 -7.67 3.59 -11.52
1684257890096794 80.00 0.00 0.00 0.00 98.09 1.01 99.43 0.60 11.02 -7.48 4.11 -14.68
1684257890113793 80.00 0.00 0.00 0.00 98.30 4.36 99.18 0.99 10.88 1.13 4.19 -13.66
1684257890129153 80.00 0.00 0.00 0.00 98.16 2.12 99.00 1.11 16.23 -25.39 6.30 -15.73
1684257890145611 80.00 0.00 0.00 0.00 98.09 1.01 98.75 1.35 10.67 -7.30 7.71 -15.57
1684257890161792 80.00 0.00 0.00 0.00 98.09 1.01 98.48 1.46 15.76 -15.17 9.68 -9.72
1684257890180024 80.00 0.00 0.00 0.00 96.49 -0.27 98.01 1.28 14.56 -5.95 11.58 -9.44
1684257890194006 80.00 0.00 0.00 0.00 97.41 2.05 97.92 1.41 34.01 13.43 16.49 -6.80
1684257890210591 80.00 0.00 0.00 0.00 97.33 0.93 97.74 1.53 5.14 -7.86 14.78 -6.82
1684257890227384 80.00 0.00 0.00 0.00 97.33 0.93 97.65 1.52 10.59 -7.10 14.73 -6.78
1684257890243230 80.00 0.00 0.00 0.00 97.33 0.93 97.53 1.09 5.96 0.60 14.12 -6.84
1684257890259982 80.00 0.00 0.00 0.00 97.17 -1.30 97.41 0.66 7.20 25.56 12.99 -0.47
1684257890276007 80.00 0.00 0.00 0.00 96.11 6.44 97.16 1.34 7.73 26.67 12.62 3.77
1684257890291736 80.00 0.00 0.00 0.00 96.57 0.85 96.97 1.32 15.75 -43.18 12.62 0.27
1684257890308079 80.00 0.00 0.00 0.00 98.40 -4.42 97.21 0.80 11.65 1.16 12.25 1.16
1684257890326466 80.00 0.00 0.00 0.00 96.83 5.36 97.13 1.22 -12.97 28.26 6.38 3.01
1684257890340775 80.00 0.00 0.00 0.00 95.71 -0.35 96.93 1.06 5.02 -28.94 6.36 0.38
1684257890356877 80.00 0.00 0.00 0.00 95.93 3.04 96.76 1.32 12.60 9.90 6.62 2.50
1684257890375534 80.00 0.00 0.00 0.00 95.45 -3.70 96.52 0.74 9.41 -14.11 7.05 0.66
1684257890389973 80.00 0.00 0.00 0.00 95.86 1.91 96.36 1.14 16.27 40.09 8.18 2.48
1684257890404909 80.00 0.00 0.00 0.00 95.86 1.91 96.33 0.57 10.98 -26.82 8.59 -4.21
1684257890421913 80.00 0.00 0.00 0.00 95.86 1.91 96.24 0.71 1.81 33.33 6.85 5.36
1684257890438272 80.00 0.00 0.00 0.00 95.99 4.17 95.94 1.78 5.39 -8.04 6.06 4.21
1684257890454131 80.00 0.00 0.00 0.00 95.79 0.78 95.81 1.21 18.94 -67.71 10.05 -7.79
1684257890470588 80.00 0.00 0.00 0.00 95.20 4.11 95.74 1.76 7.93 34.80 10.42 0.18
1684257890487149 80.00 0.00 0.00 0.00 95.86 1.91 95.73 1.62 3.84 -33.61 9.32 -5.26
1684257890505673 80.00 0.00 0.00 0.00 94.76 -2.67 95.65 1.75 0.46 7.62 8.21 -2.54
1684257890524548 80.00 0.00 0.00 0.00 94.27 1.77 95.45 1.73 4.62 -6.81 6.75 -8.40
1684257890536710 80.00 0.00 0.00 0.00 94.20 0.63 95.24 1.57 16.37 1.44 7.42 -4.87
1684257890552412 80.00 0.00 0.00 0.00 95.79 0.78 95.23 1.43 13.25 10.16 8.85 -7.77
1684257890569780 80.00 0.00 0.00 0.00 95.07 1.84 95.12 1.14 0.52 8.11 8.24 -5.75
1684257890584571 80.00 0.00 0.00 0.00 94.20 0.63 94.92 1.12 7.80 19.71 6.85 5.18
1684257890600441 80.00 0.00 0.00 0.00 95.26 5.25 94.92 1.26 12.53 1.17 7.42 0.98
1684257890617360 80.00 0.00 0.00 0.00 94.46 5.19 94.75 1.68 -0.44 -8.42 6.89 4.12
1684257890633483 80.00 0.00 0.00 0.00 94.20 0.63 94.68 2.09 10.88 -25.45 8.19 -0.01
1684257890649197 80.00 0.00 0.00 0.00 94.20 0.63 94.67 1.95 4.45 -26.28 8.17 -2.44
1684257890665288 80.00 0.00 0.00 0.00 95.07 1.84 94.78 2.10 0.56 8.82 6.19 -1.52
1684257890682209 80.00 0.00 0.00 0.00 94.20 0.63 94.58 2.08 -6.45 -8.91 3.73 -3.90
1684257890697769 80.00 0.00 0.00 0.00 94.27 1.77 94.48 2.07 12.78 1.19 5.26 -4.77
1684257890714166 80.00 0.00 0.00 0.00 94.20 0.63 94.48 2.07 6.11 0.53 5.05 -7.17
1684257890730801 80.00 0.00 0.00 0.00 94.12 -0.50 94.34 1.35 -0.00 0.00 3.49 -7.31
1684257890747707 80.00 0.00 0.00 0.00 94.12 -0.50 94.30 0.64 8.43 42.51 4.59 -0.95
1684257890764887 80.00 0.00 0.00 0.00 94.92 -0.42 94.39 0.51 2.44 41.42 3.54 7.41
1684257890779641 80.00 0.00 0.00 0.00 92.48 -0.66 94.17 0.35 -6.14 8.94 2.22 11.81
1684257890796119 80.00 0.00 0.00 0.00 94.12 -0.50 94.05 0.05 12.99 9.77 3.77 11.93
1684257890811934 80.00 0.00 0.00 0.00 93.38 0.56 93.95 0.05 7.50 18.49 5.52 15.35
1684257890828367 80.00 0.00 0.00 0.00 93.38 0.56 93.84 -0.11 6.19 0.56 4.69 15.28
1684257890844967 80.00 0.00 0.00 0.00 93.23 -1.72 93.72 -0.40 6.66 9.11 4.76 16.35
1684257890860832 80.00 0.00 0.00 0.00 94.27 1.77 93.74 -0.12 7.63 18.48 5.71 18.66
1684257890877051 80.00 0.00 0.00 0.00 92.40 -1.80 93.52 -0.28 -1.14 -17.49 4.52 11.16
1684257890895241 80.00 0.00 0.00 0.00 94.04 -1.63 93.41 -0.43 11.79 8.89 5.69 7.09
1684257890910091 80.00 0.00 0.00 0.00 93.14 -2.85 93.50 -0.70 7.41 10.17 7.38 7.25
1684257890926504 80.00 0.00 0.00 0.00 93.64 5.13 93.44 0.00 -5.04 16.67 5.13 8.11
1684257890942025 80.00 0.00 0.00 0.00 93.23 -1.72 93.42 -0.28 3.86 -45.39 4.67 0.12
1684257890958278 80.00 0.00 0.00 0.00 94.40 4.05 93.54 0.15 1.19 17.47 4.05 2.24
1684257890974435 80.00 0.00 0.00 0.00 91.57 -1.88 93.34 0.13 -7.85 -26.99 2.23 -2.27
1684257890991231 80.00 0.00 0.00 0.00 93.14 -2.85 93.20 -0.44 12.35 1.20 2.82 -4.43
1684257891006182 80.00 0.00 0.00 0.00 92.40 -1.80 93.20 -0.44 9.39 38.56 4.14 2.57
1684257891022549 80.00 0.00 0.00 0.00 93.64 5.13 93.15 0.40 0.00 0.00 2.66 1.46
1684257891038374 80.00 0.00 0.00 0.00 92.40 -1.80 93.05 0.54 3.16 -53.45 2.13 -6.49
1684257891054602 80.00 0.00 0.00 0.00 94.04 -1.63 93.10 -0.31 5.70 -8.09 3.47 -9.59
1684257891070682 80.00 0.00 0.00 0.00 92.40 -1.80 93.00 -0.32 -3.11 52.60 2.60 2.66
1684257891090679 80.00 0.00 0.00 0.00 92.40 -1.80 92.75 -1.05 5.15 0.51 3.10 0.54
1684257891103506 80.00 0.00 0.00 0.00 92.32 -2.93 92.85 -1.18 19.42 56.94 6.51 11.03
1684257891120124 80.00 0.00 0.00 0.00 91.79 1.56 92.68 -0.63 -5.66 7.94 4.26 11.88
1684257891136121 80.00 0.00 0.00 0.00 90.64 -3.10 92.46 -0.79 10.59 -34.44 4.41 2.75
1684257891153321 80.00 0.00 0.00 0.00 90.72 -1.96 92.09 -1.68 12.82 9.47 6.01 3.93
1684257891169681 80.00 0.00 0.00 0.00 90.25 4.92 91.82 -0.84 22.31 54.17 8.40 17.39
1684257891185986 80.00 0.00 0.00 0.00 90.64 -3.10 91.40 -1.03 16.49 -51.46 9.75 11.97
1684257891201275 80.00 0.00 0.00 0.00 90.64 -3.10 91.18 -1.19 27.80 11.99 13.61 6.89
1684257891219534 80.00 0.00 0.00 0.00 91.49 -3.02 91.06 -1.34 12.08 8.92 14.48 7.94
1684257891235357 80.00 0.00 0.00 0.00 92.32 -2.93 91.06 -1.34 7.25 9.64 12.96 2.03
1684257891250061 80.00 0.00 0.00 0.00 91.72 0.41 91.05 -1.48 0.00 0.00 13.67 1.04
1684257891267132 80.00 0.00 0.00 0.00 90.64 -3.10 91.05 -1.48 0.51 8.41 12.41 6.39
1684257891283245 80.00 0.00 0.00 0.00 91.06 3.81 91.10 -0.76 0.00 0.00 10.80 5.21
1684257891308236 80.00 0.00 0.00 0.00 90.64 -3.10 91.14 -1.77 -1.71 -28.83 7.80 -5.17
1684257891320119 80.00 0.00 0.00 0.00 90.72 -1.96 91.15 -1.62 -4.07 84.31 5.23 11.81
1684257891332265 80.00 0.00 0.00 0.00 91.06 3.81 91.21 -0.76 -0.83 -11.77 1.65 8.84
1684257891347932 80.00 0.00 0.00 0.00 90.72 -1.96 91.11 -0.63 -3.38 -55.12 -0.28 0.83
1684257891363439 80.00 0.00 0.00 0.00 89.78 -3.18 90.79 -0.66 6.17 -8.55 -0.41 -1.44
1684257891379894 80.00 0.00 0.00 0.00 90.25 4.92 90.61 -0.10 19.30 1.90 2.00 -1.21
1684257891396775 80.00 0.00 0.00 0.00 89.78 -3.18 90.50 -0.11 10.86 -33.35 3.29 -6.42
1684257891412679 80.00 0.00 0.00 0.00 89.86 -2.03 90.35 -0.84 6.75 0.65 4.14 -6.34
1684257891428803 80.00 0.00 0.00 0.00 90.64 -3.10 90.35 -0.84 9.32 45.29 5.52 2.92
1684257891449675 80.00 0.00 0.00 0.00 89.94 -0.88 90.26 -0.70 0.00 0.00 6.02 -7.62
1684257891461702 80.00 0.00 0.00 0.00 90.80 -0.81 90.22 -1.28 8.15 -11.15 7.15 -7.54
1684257891477658 80.00 0.00 0.00 0.00 89.86 -2.03 90.11 -1.29 2.08 36.17 7.83 3.87
1684257891494150 80.00 0.00 0.00 0.00 90.72 -1.96 90.23 -1.14 6.52 0.59 7.87 5.01
1684257891510446 80.00 0.00 0.00 0.00 90.64 -3.10 90.28 -2.14 -7.21 -9.41 4.56 3.60
1684257891527365 80.00 0.00 0.00 0.00 89.94 -0.88 90.30 -1.85 -2.86 59.22 2.84 15.17
1684257891542404 80.00 0.00 0.00 0.00 89.86 -2.03 90.30 -1.85 -1.29 -19.11 1.84 12.70
1684257891560054 80.00 0.00 0.00 0.00 87.63 5.94 89.92 -0.72 0.00 0.00 0.67 7.04
1684257891574839 80.00 0.00 0.00 0.00 89.86 -2.03 89.91 -0.86 25.47 -76.42 3.86 -2.51
1684257891591768 80.00 0.00 0.00 0.00 89.06 -0.96 89.70 -0.88 0.56 8.50 2.91 -0.06
1684257891607951 80.00 0.00 0.00 0.00 89.13 0.20 89.61 -0.60 13.40 1.14 4.32 -4.44
1684257891623656 80.00 0.00 0.00 0.00 89.06 -0.96 89.40 -0.48 5.79 -17.80 4.23 -6.74
1684257891640399 80.00 0.00 0.00 0.00 88.99 -2.11 89.19 -0.35 12.38 -7.46 6.68 -6.49
1684257891656392 80.00 0.00 0.00 0.00 88.99 -2.11 89.07 -0.51 12.91 -7.72 8.65 -14.86
1684257891672529 80.00 0.00 0.00 0.00 89.06 -0.96 88.97 -0.37 7.35 9.52 9.73 -11.28
1684257891689294 80.00 0.00 0.00 0.00 88.99 -2.11 89.14 -1.38 5.95 -8.04 10.48 -12.29
1684257891704693 80.00 0.00 0.00 0.00 89.43 6.03 89.09 -0.37 -11.05 65.36 5.91 5.44
1684257891721182 80.00 0.00 0.00 0.00 89.06 -0.96 89.09 -0.37 3.30 -61.16 6.25 -3.27
1684257891737552 80.00 0.00 0.00 0.00 88.03 -3.34 88.95 -0.81 0.00 0.00 4.58 -3.41
1684257891754132 80.00 0.00 0.00 0.00 88.10 -2.19 88.83 -0.97 8.35 26.74 4.90 2.15
1684257891771001 80.00 0.00 0.00 0.00 88.10 -2.19 88.72 -0.98 7.11 9.13 4.24 4.23
1684257891787455 80.00 0.00 0.00 0.00 88.03 -3.34 88.60 -1.13 6.72 0.58 3.47 5.26
1684257891802620 80.00 0.00 0.00 0.00 88.37 2.47 88.51 -0.70 7.94 10.16 3.54 5.34
1684257891819447 80.00 0.00 0.00 0.00 87.13 -3.42 88.28 -0.87 5.13 -25.43 3.44 3.17
1684257891835063 80.00 0.00 0.00 0.00 87.21 -2.26 88.00 -1.90 14.88 10.50 6.68 -3.69
1684257891853233 80.00 0.00 0.00 0.00 87.21 -2.26 87.77 -2.07 15.27 57.08 8.18 11.09
1684257891867994 80.00 0.00 0.00 0.00 87.13 -3.42 87.66 -2.08 15.73 11.06 10.14 12.48
1684257891884955 80.00 0.00 0.00 0.00 87.21 -2.26 87.55 -2.09 6.61 0.58 9.92 9.21
1684257891900507 80.00 0.00 0.00 0.00 87.53 3.58 87.48 -1.37 7.22 0.60 9.94 8.14
1684257891918535 80.00 0.00 0.00 0.00 87.21 -2.26 87.37 -1.23 4.00 -40.01 9.60 3.07
1684257891932755 80.00 0.00 0.00 0.00 87.13 -3.42 87.22 -1.97 7.21 -9.51 9.51 0.61
1684257891949320 80.00 0.00 0.00 0.00 86.22 -3.50 87.10 -1.98 9.39 44.45 10.04 9.34
1684257891965684 80.00 0.00 0.00 0.00 86.22 -3.50 86.98 -2.13 6.95 0.59 9.05 8.11
1684257891981713 80.00 0.00 0.00 0.00 86.61 3.53 86.91 -1.41 7.69 9.65 8.10 2.18
1684257891998308 80.00 0.00 0.00 0.00 85.30 -3.58 86.68 -1.43 4.48 -43.63 6.69 -4.66
1684257892013227 80.00 0.00 0.00 0.00 85.37 -2.41 86.45 -1.44 15.34 1.29 7.78 -4.57
1684257892031525 80.00 0.00 0.00 0.00 83.78 3.38 85.98 -1.47 12.53 1.00 8.45 -4.52
1684257892045194 80.00 0.00 0.00 0.00 85.68 3.48 85.79 -0.75 34.26 1.90 12.23 0.72
1684257892063112 80.00 0.00 0.00 0.00 84.74 3.43 85.49 0.10 10.64 -40.04 12.66 -3.10
1684257892079210 80.00 0.00 0.00 0.00 84.68 2.24 85.30 0.82 18.57 -53.18 13.81 -15.30
1684257892094702 80.00 0.00 0.00 0.00 84.44 -2.48 85.07 0.95 12.39 -46.32 14.49 -21.16
1684257892111222 80.00 0.00 0.00 0.00 84.68 2.24 84.83 0.79 13.51 -7.73 15.22 -23.34
1684257892127107 80.00 0.00 0.00 0.00 84.50 -1.30 84.73 1.07 15.15 10.15 16.55 -16.61
1684257892143216 80.00 0.00 0.00 0.00 80.88 4.43 84.17 1.93 6.17 -17.64 15.40 -18.98
1684257892160810 80.00 0.00 0.00 0.00 84.57 -0.13 84.27 1.49 31.95 -48.62 17.83 -25.18
1684257892177688 80.00 0.00 0.00 0.00 82.81 3.33 83.91 1.47 -5.83 25.93 12.82 -22.18
1684257892194589 80.00 0.00 0.00 0.00 84.44 -2.48 83.87 0.73 21.22 1.12 14.14 -17.04
1684257892207673 80.00 0.00 0.00 0.00 84.44 -2.48 83.84 0.14 2.89 56.41 12.18 -3.34
1684257892224820 80.00 0.00 0.00 0.00 82.71 0.94 83.63 0.57 1.82 34.40 10.86 6.75
1684257892240605 80.00 0.00 0.00 0.00 83.49 -2.55 83.48 -0.03 13.69 -27.09 10.88 4.33
1684257892256787 80.00 0.00 0.00 0.00 82.45 -3.80 83.22 -0.34 9.26 36.98 10.15 7.69
1684257892272773 80.00 0.00 0.00 0.00 84.79 4.61 83.71 -0.32 16.02 19.49 11.38 12.33
1684257892289966 80.00 0.00 0.00 0.00 83.42 -3.72 83.57 -0.77 -28.44 -1.30 3.83 18.24
1684257892305950 80.00 0.00 0.00 0.00 82.38 -4.97 83.51 -1.81 9.01 28.14 5.68 18.52
1684257892322738 80.00 0.00 0.00 0.00 81.48 -3.87 83.14 -1.98 3.19 61.79 3.43 26.10
1684257892338154 80.00 0.00 0.00 0.00 83.34 -4.90 83.01 -2.28 23.95 11.24 6.06 20.46
1684257892355006 80.00 0.00 0.00 0.00 82.31 -6.15 82.96 -3.17 8.11 17.94 6.85 18.40
1684257892370767 80.00 0.00 0.00 0.00 83.34 -4.90 82.94 -3.46 3.18 56.21 5.54 28.81
1684257892387258 80.00 0.00 0.00 0.00 82.38 -4.97 82.93 -3.61 1.09 17.80 4.51 26.41
1684257892402893 80.00 0.00 0.00 0.00 83.49 -2.55 82.77 -4.50 0.58 9.41 2.58 25.15
1684257892419426 80.00 0.00 0.00 0.00 83.42 -3.72 82.77 -4.50 9.83 54.15 7.37 32.08
1684257892436625 80.00 0.00 0.00 0.00 83.26 -6.07 82.88 -4.64 0.00 0.00 6.24 28.57
1684257892452807 80.00 0.00 0.00 0.00 82.31 -6.15 82.98 -4.92 -6.80 8.45 4.99 21.90
1684257892468388 80.00 0.00 0.00 0.00 82.38 -4.97 82.86 -4.93 -6.62 18.29 1.17 22.78
1684257892485018 80.00 0.00 0.00 0.00 82.38 -4.97 82.87 -4.79 7.21 0.56 1.06 20.61
1684257892500820 80.00 0.00 0.00 0.00 83.26 -6.07 82.86 -4.93 -0.60 -9.28 0.59 12.42
1684257892517923 80.00 0.00 0.00 0.00 82.31 -6.15 82.85 -5.08 0.57 8.55 0.52 11.27
1684257892533220 80.00 0.00 0.00 0.00 83.34 -4.90 82.83 -5.37 0.62 9.59 0.53 11.29
1684257892549709 80.00 0.00 0.00 0.00 82.45 -3.80 82.71 -5.38 1.09 17.80 -0.57 6.75
1684257892565590 80.00 0.00 0.00 0.00 83.34 -4.90 82.72 -5.24 7.56 0.56 0.38 6.82
1684257892581822 80.00 0.00 0.00 0.00 83.34 -4.90 82.85 -5.08 -0.60 -9.00 1.15 4.63
1684257892598026 80.00 0.00 0.00 0.00 82.38 -4.97 82.85 -5.08 -7.98 -9.63 0.98 1.14
1684257892618790 80.00 0.00 0.00 0.00 82.45 -3.80 82.86 -4.93 0.00 0.00 0.08 1.07
1684257892630600 80.00 0.00 0.00 0.00 83.55 -1.37 82.90 -4.35 -0.77 -12.45 0.06 0.68
1684257892647276 80.00 0.00 0.00 0.00 82.45 -3.80 82.92 -4.05 -2.17 -35.21 -0.28 -4.79
1684257892668321 80.00 0.00 0.00 0.00 82.45 -3.80 82.80 -3.91 -0.88 -13.96 -0.47 -7.74
1684257892681477 80.00 0.00 0.00 0.00 83.42 -3.72 82.92 -3.91 8.42 -10.46 0.45 -11.27
1684257892696264 80.00 0.00 0.00 0.00 82.45 -3.80 82.81 -3.77 -8.12 -0.60 -1.51 -11.41
1684257892712556 80.00 0.00 0.00 0.00 82.52 -2.62 82.71 -3.48 6.80 -8.45 -0.59 -11.35
1684257892728229 80.00 0.00 0.00 0.00 82.52 -2.62 82.73 -3.19 6.52 -18.19 1.23 -12.42
1684257892745082 80.00 0.00 0.00 0.00 87.28 -1.10 83.33 -2.85 -1.05 -17.48 1.10 -14.60
1684257892761156 80.00 0.00 0.00 0.00 82.59 -1.43 83.21 -2.86 -37.51 -20.97 -3.50 -15.67
1684257892777774 80.00 0.00 0.00 0.00 81.83 3.28 83.13 -1.98 7.25 0.48 -2.32 -11.20
1684257892793442 80.00 0.00 0.00 0.00 82.59 -1.43 83.15 -1.68 5.00 -56.44 -1.58 -16.51
1684257892810114 80.00 0.00 0.00 0.00 82.59 -1.43 83.05 -1.39 -1.00 -17.71 -2.76 -17.42
1684257892830795 80.00 0.00 0.00 0.00 81.83 3.28 82.97 -0.51 5.00 -13.85 -1.12 -19.08
1684257892842791 80.00 0.00 0.00 0.00 79.62 -1.61 82.61 -0.38 6.53 -73.71 -1.16 -27.23
1684257892858570 80.00 0.00 0.00 0.00 81.61 -1.50 82.49 -0.24 23.02 -7.93 0.91 -25.95
1684257892874898 80.00 0.00 0.00 0.00 81.83 3.28 81.81 0.30 6.98 -8.58 1.91 -24.84
1684257892891232 80.00 0.00 0.00 0.00 81.61 -1.50 81.69 0.30 41.71 -33.50 11.81 -26.41
1684257892908084 80.00 0.00 0.00 0.00 81.55 -2.68 81.65 -0.45 7.25 0.46 11.81 -26.41
1684257892923180 80.00 0.00 0.00 0.00 81.61 -1.50 81.53 -0.46 2.32 49.35 11.48 -13.18
1684257892940314 80.00 0.00 0.00 0.00 81.67 -0.31 81.42 -0.32 7.13 0.45 12.49 -10.91
1684257892959564 80.00 0.00 0.00 0.00 81.55 -2.68 81.38 -1.06 5.96 -7.32 12.61 -10.10
1684257892976188 80.00 0.00 0.00 0.00 81.67 -0.31 81.64 -0.90 2.10 44.82 12.06 4.72
1684257892988823 80.00 0.00 0.00 0.00 80.62 -1.56 81.51 -0.91 -20.31 -12.95 6.64 4.09
1684257893003938 80.00 0.00 0.00 0.00 81.61 -1.50 81.49 -1.50 8.19 0.50 6.79 5.23
1684257893019875 80.00 0.00 0.00 0.00 81.61 -1.50 81.49 -1.50 1.70 37.44 1.79 14.10
1684257893036541 80.00 0.00 0.00 0.00 80.62 -1.56 81.37 -1.36 0.00 0.00 0.89 14.04
1684257893052721 80.00 0.00 0.00 0.00 81.61 -1.50 81.37 -1.36 7.16 -8.70 1.49 6.78
1684257893069498 80.00 0.00 0.00 0.00 80.62 -1.56 81.24 -1.52 0.00 0.00 0.60 6.72
1684257893085466 80.00 0.00 0.00 0.00 80.56 -2.75 81.12 -1.53 8.22 9.79 0.88 8.86
1684257893102033 80.00 0.00 0.00 0.00 80.56 -2.75 80.98 -1.83 7.46 0.48 1.55 3.32
1684257893118381 80.00 0.00 0.00 0.00 81.61 -1.50 81.10 -1.82 8.50 18.66 5.15 7.27
1684257893134907 80.00 0.00 0.00 0.00 80.62 -1.56 80.98 -1.83 -7.49 -0.46 3.19 7.15
1684257893150180 80.00 0.00 0.00 0.00 80.49 -3.93 80.84 -2.14 8.10 0.49 3.99 2.53
1684257893166318 80.00 0.00 0.00 0.00 79.50 -4.00 80.70 -2.44 8.65 18.88 5.07 4.89
1684257893182293 80.00 0.00 0.00 0.00 80.56 -2.75 80.57 -2.60 8.81 19.12 5.28 8.37
1684257893199045 80.00 0.00 0.00 0.00 79.56 -2.81 80.43 -2.75 7.85 9.33 6.26 9.54
1684257893215142 80.00 0.00 0.00 0.00 80.62 -1.56 80.44 -2.60 8.25 9.73 6.27 9.53
1684257893231283 80.00 0.00 0.00 0.00 81.61 -1.50 80.57 -2.45 -0.48 -9.22 5.27 8.32
1684257893247987 80.00 0.00 0.00 0.00 77.46 -4.12 80.05 -2.78 -7.87 -9.36 3.23 4.81
1684257893264115 80.00 0.00 0.00 0.00 80.62 -1.56 80.05 -2.78 32.19 20.38 8.19 7.42
1684257893280362 80.00 0.00 0.00 0.00 78.54 -2.87 79.81 -2.64 0.00 0.00 7.17 7.36
1684257893296546 80.00 0.00 0.00 0.00 79.50 -4.00 79.81 -2.64 15.07 -8.22 7.98 3.97
1684257893312796 80.00 0.00 0.00 0.00 78.48 -4.06 79.55 -2.81 0.00 0.00 6.88 1.58
1684257893328871 80.00 0.00 0.00 0.00 79.56 -2.81 79.55 -2.81 16.15 10.24 7.91 1.69
1684257893345289 80.00 0.00 0.00 0.00 79.56 -2.81 79.42 -2.97 -0.00 0.00 6.88 0.48
1684257893361498 80.00 0.00 0.00 0.00 78.60 -1.67 79.04 -2.99 8.19 9.66 7.97 2.84
1684257893377847 80.00 0.00 0.00 0.00 79.56 -2.81 79.30 -2.82 23.01 1.35 11.83 4.18
1684257893393973 80.00 0.00 0.00 0.00 78.60 -1.67 79.05 -2.84 -16.28 -10.20 5.77 0.35
1684257893410151 80.00 0.00 0.00 0.00 76.48 -2.98 78.79 -2.85 15.60 0.89 7.72 0.46
1684257893426594 80.00 0.00 0.00 0.00 77.57 -1.73 78.55 -2.57 15.71 0.87 7.80 1.60
1684257893442880 80.00 0.00 0.00 0.00 80.62 -1.56 78.82 -2.25 14.75 -17.44 9.64 -0.58
1684257893458916 80.00 0.00 0.00 0.00 78.66 -0.47 78.71 -1.96 -16.66 -19.54 5.54 -4.30
1684257893475112 80.00 0.00 0.00 0.00 78.60 -1.67 78.59 -1.82 6.96 -18.04 6.41 -6.56
1684257893491431 80.00 0.00 0.00 0.00 78.28 -7.63 78.55 -2.56 7.33 -8.71 6.30 -8.85
1684257893507488 80.00 0.00 0.00 0.00 78.66 -0.47 78.43 -2.27 2.52 46.35 3.74 -3.23
1684257893525150 80.00 0.00 0.00 0.00 78.66 -0.47 78.44 -2.12 6.39 -16.54 6.57 -4.02
1684257893539886 80.00 0.00 0.00 0.00 79.67 -0.42 78.84 -1.80 -0.46 -10.18 4.57 -5.40
1684257893556423 80.00 0.00 0.00 0.00 78.66 -0.47 78.98 -1.64 -24.16 -19.39 -0.42 -7.94
1684257893572960 80.00 0.00 0.00 0.00 78.66 -0.47 78.73 -1.51 -8.19 -9.49 -3.28 -6.94
1684257893589508 80.00 0.00 0.00 0.00 78.71 0.73 78.74 -1.36 14.84 -8.19 0.65 -5.52
1684257893605770 80.00 0.00 0.00 0.00 78.66 -0.47 78.74 -1.21 -0.39 -9.24 -0.27 -4.42
1684257893621739 80.00 0.00 0.00 0.00 78.75 1.94 78.80 -0.01 -0.42 -9.39 -1.23 -4.51
1684257893639902 80.00 0.00 0.00 0.00 78.71 0.73 78.81 0.14 -3.27 -65.81 -1.96 -18.53
1684257893654455 80.00 0.00 0.00 0.00 78.75 1.94 78.82 0.44 -0.44 -10.33 -2.81 -17.75
1684257893669706 80.00 0.00 0.00 0.00 78.75 1.94 78.71 0.73 -0.81 -19.74 -2.85 -18.95
1684257893686017 80.00 0.00 0.00 0.00 75.83 10.36 78.35 2.09 7.05 -18.04 1.05 -18.78
1684257893703158 80.00 0.00 0.00 0.00 78.80 3.14 78.37 2.54 20.64 -79.00 4.65 -27.47
1684257893719078 80.00 0.00 0.00 0.00 79.86 4.39 78.51 3.00 -1.12 -28.39 2.65 -29.99
1684257893735838 80.00 0.00 0.00 0.00 76.71 3.06 78.27 3.44 -8.63 -27.31 1.62 -32.25
1684257893752162 80.00 0.00 0.00 0.00 76.71 3.06 78.02 3.58 14.87 -27.06 3.54 -34.46
1684257893768395 80.00 0.00 0.00 0.00 76.71 3.06 77.77 3.87 15.72 -8.67 5.91 -27.32
1684257893784079 80.00 0.00 0.00 0.00 76.71 3.06 77.51 4.01 15.89 -18.58 7.95 -28.35
1684257893801048 80.00 0.00 0.00 0.00 77.76 3.10 77.39 4.16 15.03 -8.29 9.93 -26.92
1684257893816333 80.00 0.00 0.00 0.00 76.82 6.72 77.51 3.70 8.11 -9.53 10.06 -25.85
1684257893837529 80.00 0.00 0.00 0.00 77.76 3.10 77.38 3.70 -5.85 21.50 6.75 -13.29
1684257893849845 80.00 0.00 0.00 0.00 77.72 1.89 77.11 3.38 10.52 0.42 8.21 -9.69
1684257893865954 80.00 0.00 0.00 0.00 77.76 3.10 77.25 3.39 16.63 19.41 11.37 -3.85
1684257893882127 80.00 0.00 0.00 0.00 76.67 1.85 77.24 3.24 -8.11 -0.31 8.49 -0.51
1684257893900459 80.00 0.00 0.00 0.00 77.72 1.89 77.37 3.09 0.28 8.28 6.56 1.61
1684257893914218 80.00 0.00 0.00 0.00 77.67 0.68 77.49 2.79 -9.14 10.63 3.43 5.26
1684257893930190 80.00 0.00 0.00 0.00 76.58 -0.57 77.34 2.33 -7.52 18.62 0.62 8.63
1684257893947261 80.00 0.00 0.00 0.00 77.67 0.68 77.45 1.58 8.65 26.91 0.68 13.18
1684257893964051 80.00 0.00 0.00 0.00 77.57 -1.73 77.42 0.98 -6.38 44.91 0.62 16.11
1684257893979211 80.00 0.00 0.00 0.00 74.70 7.88 77.04 1.72 1.56 39.81 -0.50 21.03
1684257893996215 80.00 0.00 0.00 0.00 77.57 -1.73 77.02 1.12 22.21 -44.05 0.19 13.10
1684257894013196 80.00 0.00 0.00 0.00 77.57 -1.73 77.13 0.67 1.40 35.55 1.38 17.58
1684257894026705 80.00 0.00 0.00 0.00 77.57 -1.73 77.12 0.22 -8.33 33.08 0.31 20.68
1684257894043161 80.00 0.00 0.00 0.00 78.54 -2.87 77.22 -0.22 1.12 27.48 1.59 22.79
1684257894059443 80.00 0.00 0.00 0.00 77.57 -1.73 77.35 -0.37 -6.68 27.27 1.69 23.87
1684257894078924 80.00 0.00 0.00 0.00 76.48 -2.98 77.20 -0.82 -6.36 7.40 -0.18 21.43
1684257894091573 80.00 0.00 0.00 0.00 76.48 -2.98 77.06 -0.98 11.82 36.23 2.09 20.35
1684257894107929 80.00 0.00 0.00 0.00 76.58 -0.57 77.30 -2.04 8.37 9.61 2.94 16.57
1684257894124319 80.00 0.00 0.00 0.00 76.48 -2.98 77.16 -2.20 -14.36 64.50 -1.63 30.14
1684257894140775 80.00 0.00 0.00 0.00 76.48 -2.98 77.02 -2.35 8.32 9.55 -0.76 26.89
1684257894156862 80.00 0.00 0.00 0.00 75.48 -1.83 76.76 -2.37 8.51 9.77 1.34 23.98
1684257894173500 80.00 0.00 0.00 0.00 75.48 -1.83 76.38 -2.24 15.75 0.78 3.17 20.64
1684257894189964 80.00 0.00 0.00 0.00 76.53 -1.78 76.25 -2.24 23.29 -7.88 6.92 16.24
1684257894205773 80.00 0.00 0.00 0.00 77.57 -1.73 76.38 -2.09 8.24 0.42 8.74 15.37
1684257894221769 80.00 0.00 0.00 0.00 77.52 -2.93 76.51 -2.08 -8.56 -9.82 6.19 9.61
1684257894241147 80.00 0.00 0.00 0.00 76.53 -1.78 76.51 -2.23 -6.71 -0.36 4.31 8.37
1684257894254665 80.00 0.00 0.00 0.00 76.53 -1.78 76.51 -2.08 0.47 11.16 6.16 1.70
1684257894272002 80.00 0.00 0.00 0.00 76.58 -0.57 76.53 -1.78 -0.39 -8.68 5.07 -0.58
1684257894287059 80.00 0.00 0.00 0.00 76.58 -0.57 76.67 -1.62 -0.86 -20.01 3.90 -4.30
1684257894304691 80.00 0.00 0.00 0.00 76.58 -0.57 76.80 -1.46 -7.83 -8.92 0.96 -5.51
1684257894319548 80.00 0.00 0.00 0.00 75.53 -0.62 76.68 -1.32 -9.29 -10.58 -3.12 -5.85
1684257894337981 80.00 0.00 0.00 0.00 75.53 -0.62 76.42 -1.18 6.82 -7.86 -3.29 -6.88
1684257894351849 80.00 0.00 0.00 0.00 75.57 0.59 76.18 -0.74 18.46 -9.97 0.08 -6.90
1684257894368403 80.00 0.00 0.00 0.00 74.61 4.21 75.94 0.01 14.70 -26.57 2.76 -10.18
1684257894384719 80.00 0.00 0.00 0.00 76.67 1.85 75.96 0.46 14.70 -45.87 4.54 -17.31
1684257894400669 80.00 0.00 0.00 0.00 76.67 1.85 75.97 0.76 -1.11 -28.43 4.45 -19.78
1684257894416795 80.00 0.00 0.00 0.00 75.61 1.81 75.85 1.06 -0.71 -18.77 4.47 -19.62
1684257894434054 80.00 0.00 0.00 0.00 76.67 1.85 75.86 1.36 7.02 -17.23 6.32 -20.66
1684257894453851 80.00 0.00 0.00 0.00 76.71 3.06 76.01 1.82 -0.58 -15.29 7.41 -21.25
1684257894466235 80.00 0.00 0.00 0.00 75.65 3.02 76.02 2.28 -11.99 -37.17 5.06 -24.91
1684257894482489 80.00 0.00 0.00 0.00 76.71 3.06 76.17 2.59 -0.97 -28.02 2.63 -27.17
1684257894498401 80.00 0.00 0.00 0.00 75.65 3.02 76.30 2.44 -8.98 -19.40 -0.33 -26.27
1684257894514534 80.00 0.00 0.00 0.00 75.65 3.02 76.17 2.59 -8.06 9.18 -3.17 -19.39
1684257894531503 80.00 0.00 0.00 0.00 73.67 11.55 75.79 3.80 7.52 -8.66 -2.09 -16.92
1684257894547131 80.00 0.00 0.00 0.00 75.69 4.24 75.80 4.11 24.05 -77.64 1.00 -24.28
1684257894564261 80.00 0.00 0.00 0.00 74.61 4.21 75.54 4.40 -0.55 -17.78 0.06 -24.35
1684257894579851 80.00 0.00 0.00 0.00 75.69 4.24 75.42 4.55 16.52 -18.93 2.19 -24.80
1684257894596356 80.00 0.00 0.00 0.00 74.58 2.99 75.28 4.54 7.77 -8.94 4.66 -21.27
1684257894612485 80.00 0.00 0.00 0.00 71.42 10.29 74.62 5.45 8.33 0.29 5.83 -17.73
1684257894628972 80.00 0.00 0.00 0.00 74.61 4.21 74.49 5.59 40.11 -54.78 11.96 -22.16
1684257894645260 80.00 0.00 0.00 0.00 74.61 4.21 74.36 5.74 7.98 -9.09 13.97 -24.44
1684257894661252 80.00 0.00 0.00 0.00 75.69 4.24 74.61 4.83 8.13 -9.26 14.04 -24.52
1684257894677668 80.00 0.00 0.00 0.00 74.61 4.21 74.48 4.82 -15.40 55.68 9.11 -7.85
1684257894694455 80.00 0.00 0.00 0.00 74.67 6.66 74.49 5.13 8.01 0.25 10.18 -5.60
1684257894709974 80.00 0.00 0.00 0.00 75.65 3.02 74.48 4.98 -0.49 -19.72 8.05 -5.70
1684257894727035 80.00 0.00 0.00 0.00 73.46 1.73 74.34 4.82 0.26 8.93 7.12 -3.46
1684257894743195 80.00 0.00 0.00 0.00 74.54 1.77 74.73 3.76 8.68 9.73 7.16 -2.28
1684257894758629 80.00 0.00 0.00 0.00 74.58 2.99 74.73 3.60 -25.25 69.01 -1.01 13.19
1684257894779871 80.00 0.00 0.00 0.00 75.75 6.69 74.87 3.91 0.20 7.19 -1.98 15.23
1684257894791820 80.00 0.00 0.00 0.00 74.50 0.55 74.72 3.45 -11.92 -25.91 -4.49 13.14
1684257894811642 80.00 0.00 0.00 0.00 74.67 6.66 74.73 3.76 7.49 23.29 -1.63 9.10
1684257894825137 80.00 0.00 0.00 0.00 75.78 7.91 74.87 3.91 -0.56 -22.68 -2.70 6.23
1684257894841262 80.00 0.00 0.00 0.00 74.54 1.77 74.73 3.76 -8.58 -9.71 -3.71 7.48
1684257894856394 80.00 0.00 0.00 0.00 75.57 0.59 74.99 3.61 9.18 10.38 -2.59 7.66
1684257894872199 80.00 0.00 0.00 0.00 74.46 -0.67 74.98 3.31 -16.73 8.99 -5.77 7.57
1684257894889298 80.00 0.00 0.00 0.00 75.72 5.46 75.12 3.62 0.61 17.79 -2.54 1.17
1684257894904656 80.00 0.00 0.00 0.00 75.72 5.46 75.12 3.47 -9.31 -20.16 -3.73 -2.25
1684257894921115 80.00 0.00 0.00 0.00 75.48 -1.83 75.24 3.17 0.23 9.28 -2.21 2.15
1684257894939364 80.00 0.00 0.00 0.00 76.53 -1.78 75.48 2.11 -6.69 16.30 -3.98 1.27
1684257894953407 80.00 0.00 0.00 0.00 76.58 -0.57 75.58 1.05 -16.54 75.10 -5.98 13.50
1684257894971204 80.00 0.00 0.00 0.00 76.48 -2.98 75.82 0.46 -5.64 59.58 -5.61 22.16
1684257894987007 80.00 0.00 0.00 0.00 77.80 4.32 76.10 0.93 -15.33 37.58 -8.67 25.56
1684257895001619 80.00 0.00 0.00 0.00 77.57 -1.73 76.49 0.79 -19.09 -31.85 -8.97 20.45
1684257895017640 80.00 0.00 0.00 0.00 77.57 -1.73 76.72 -0.10 -24.31 8.27 -12.08 19.26
1684257895033961 80.00 0.00 0.00 0.00 75.48 -1.83 76.69 -1.02 -14.18 55.06 -12.69 28.66
1684257895052532 80.00 0.00 0.00 0.00 77.57 -1.73 76.95 -1.00 1.64 49.09 -12.52 33.64
1684257895068277 80.00 0.00 0.00 0.00 77.57 -1.73 77.08 -1.00 -16.64 -0.82 -13.76 31.50
1684257895083268 80.00 0.00 0.00 0.00 77.52 -2.93 77.20 -1.29 -8.69 -0.44 -12.78 22.06
1684257895098859 80.00 0.00 0.00 0.00 77.67 0.68 77.35 -0.83 -7.50 18.88 -13.01 16.97
1684257895114864 80.00 0.00 0.00 0.00 76.71 3.06 77.21 -0.99 -9.34 -28.63 -12.26 8.69
1684257895131318 80.00 0.00 0.00 0.00 76.58 -0.57 77.09 -0.85 8.27 9.52 -8.84 13.87
1684257895148086 80.00 0.00 0.00 0.00 75.75 6.69 76.86 0.21 7.39 -8.60 -4.88 11.76
1684257895166008 80.00 0.00 0.00 0.00 76.58 -0.57 77.00 0.36 12.70 -58.67 -1.52 -2.46
1684257895180561 80.00 0.00 0.00 0.00 78.88 5.57 77.16 1.27 -9.49 -10.80 -2.91 -9.95
1684257895196183 80.00 0.00 0.00 0.00 78.71 0.73 77.30 1.58 -10.43 -58.34 -2.14 -17.14
1684257895212652 80.00 0.00 0.00 0.00 77.67 0.68 77.32 2.03 -8.61 -18.65 -2.13 -19.41
1684257895230737 80.00 0.00 0.00 0.00 76.71 3.06 77.20 2.33 -1.08 -24.95 -1.32 -24.89
1684257895245800 80.00 0.00 0.00 0.00 77.63 -0.52 77.31 1.88 7.97 -19.74 0.84 -23.78
1684257895261879 80.00 0.00 0.00 0.00 75.75 6.69 77.21 2.79 -7.09 27.87 -1.08 -21.49
1684257895277748 80.00 0.00 0.00 0.00 75.61 1.81 77.19 2.18 6.54 -57.17 -1.19 -27.56
1684257895294396 80.00 0.00 0.00 0.00 77.72 1.89 77.34 2.49 1.04 36.63 -2.64 -15.65
1684257895309860 80.00 0.00 0.00 0.00 76.67 1.85 77.06 2.02 -9.20 -19.92 -2.61 -16.78
1684257895326237 80.00 0.00 0.00 0.00 77.72 1.89 76.94 2.17 16.82 28.37 0.80 -5.95
1684257895344913 80.00 0.00 0.00 0.00 75.83 10.36 76.71 3.38 6.61 -7.77 2.70 -4.58
1684257895359013 80.00 0.00 0.00 0.00 77.72 1.89 76.83 3.23 16.39 -85.81 4.88 -12.19
1684257895375199 80.00 0.00 0.00 0.00 76.75 4.28 76.72 3.83 -7.77 9.04 2.92 -8.59
1684257895392550 80.00 0.00 0.00 0.00 78.42 -5.25 77.06 2.34 6.30 -34.59 4.59 -16.40
1684257895411346 80.00 0.00 0.00 0.00 78.75 1.94 77.45 2.36 -17.74 79.40 1.56 0.67
1684257895423869 80.00 0.00 0.00 0.00 76.67 1.85 77.32 2.35 -31.36 -1.30 -2.49 -4.07
1684257895440299 80.00 0.00 0.00 0.00 79.78 1.98 77.71 2.37 7.97 0.33 -0.35 -1.54
1684257895457266 80.00 0.00 0.00 0.00 77.67 0.68 77.70 2.22 -22.86 -0.99 -5.31 -5.21
1684257895473109 80.00 0.00 0.00 0.00 78.75 1.94 78.07 1.16 0.36 9.53 -6.09 -3.05
1684257895488964 80.00 0.00 0.00 0.00 78.71 0.73 78.19 1.02 -23.09 66.42 -11.02 15.98
1684257895505103 80.00 0.00 0.00 0.00 78.84 4.35 78.45 1.03 -7.64 8.99 -11.01 15.97
1684257895521121 80.00 0.00 0.00 0.00 79.73 0.78 78.61 1.78 -16.29 -0.59 -13.83 20.22
1684257895538552 80.00 0.00 0.00 0.00 78.71 0.73 78.61 1.63 -9.38 -43.28 -12.79 4.89
1684257895553913 80.00 0.00 0.00 0.00 79.82 3.19 79.00 1.80 0.39 9.81 -8.82 6.28
1684257895569821 80.00 0.00 0.00 0.00 77.67 0.68 78.74 1.64 -24.74 -10.52 -12.91 4.92
1684257895586445 80.00 0.00 0.00 0.00 78.66 -0.47 78.86 1.49 15.80 9.78 -8.07 6.27
1684257895604392 80.00 0.00 0.00 0.00 78.66 -0.47 78.85 1.19 -6.84 8.04 -8.97 6.08
1684257895619120 80.00 0.00 0.00 0.00 78.71 0.73 78.85 1.19 0.83 20.44 -5.98 0.33
1684257895635427 80.00 0.00 0.00 0.00 78.66 -0.47 78.83 0.59 0.00 0.00 -5.03 -0.79
1684257895651772 80.00 0.00 0.00 0.00 78.71 0.73 78.70 0.58 1.40 36.90 -2.82 3.89
1684257895669600 80.00 0.00 0.00 0.00 78.75 1.94 78.70 0.73 7.15 0.35 -0.75 9.35
1684257895684360 80.00 0.00 0.00 0.00 79.67 -0.42 78.69 0.28 -0.40 -10.21 -0.85 6.85
1684257895706368 80.00 0.00 0.00 0.00 78.60 -1.67 78.80 -0.01 0.84 20.48 2.35 10.72
1684257895718903 80.00 0.00 0.00 0.00 79.67 -0.42 78.93 -0.01 -9.25 23.48 -0.78 12.43
1684257895733694 80.00 0.00 0.00 0.00 77.63 -0.52 78.80 -0.01 -8.60 -0.45 -1.00 11.37
1684257895748993 80.00 0.00 0.00 0.00 78.66 -0.47 78.79 -0.16 8.42 0.42 -0.06 8.87
1684257895765608 80.00 0.00 0.00 0.00 78.66 -0.47 78.79 -0.16 0.38 9.05 -0.01 10.00
1684257895781910 80.00 0.00 0.00 0.00 78.66 -0.47 78.79 -0.31 0.00 0.00 -0.18 5.39
1684257895798161 80.00 0.00 0.00 0.00 78.66 -0.47 78.78 -0.61 0.39 9.25 -1.03 6.50
1684257895814430 80.00 0.00 0.00 0.00 78.71 0.73 78.65 -0.47 0.76 18.50 -0.88 10.09
1684257895830507 80.00 0.00 0.00 0.00 78.66 -0.47 78.66 -0.32 7.52 -8.94 -0.05 6.41
1684257895846864 80.00 0.00 0.00 0.00 78.60 -1.67 78.53 -0.48 -0.41 -9.17 1.06 2.33
1684257895866456 80.00 0.00 0.00 0.00 75.31 -5.44 78.24 -1.09 6.84 8.00 2.99 3.39
1684257895878919 80.00 0.00 0.00 0.00 78.66 -0.47 78.24 -1.09 23.19 49.35 4.83 9.51
1684257895896574 80.00 0.00 0.00 0.00 77.67 0.68 78.12 -0.95 0.00 0.00 4.79 8.37
1684257895911897 80.00 0.00 0.00 0.00 78.71 0.73 78.12 -0.80 8.01 -9.42 5.79 7.20
1684257895928195 80.00 0.00 0.00 0.00 78.35 -6.44 78.08 -1.54 -0.39 -9.22 5.69 4.89
1684257895943699 80.00 0.00 0.00 0.00 77.67 0.68 77.95 -1.55 2.46 48.14 5.90 8.59
1684257895960489 80.00 0.00 0.00 0.00 76.63 0.64 77.70 -1.41 7.69 0.36 5.92 9.75
1684257895976617 80.00 0.00 0.00 0.00 77.67 0.68 77.58 -1.12 15.71 -8.59 7.94 9.83
1684257895993794 80.00 0.00 0.00 0.00 77.33 -6.51 77.84 -1.25 6.75 -17.13 7.93 6.69
1684257896012220 80.00 0.00 0.00 0.00 76.67 1.85 77.59 -0.96 -13.68 7.24 3.32 1.42
1684257896024804 80.00 0.00 0.00 0.00 75.61 1.81 77.33 -0.82 19.70 -23.04 5.78 -1.46
1684257896041386 80.00 0.00 0.00 0.00 76.87 9.16 77.10 0.23 15.54 -8.47 6.72 -1.34
1684257896057146 80.00 0.00 0.00 0.00 76.67 1.85 76.89 1.27 14.55 -66.84 8.59 -8.54
1684257896076123 80.00 0.00 0.00 0.00 77.72 1.89 76.90 1.42 11.05 -54.61 9.66 -21.39
1684257896089451 80.00 0.00 0.00 0.00 76.67 1.85 76.90 1.57 -0.43 -11.33 8.65 -22.85
1684257896105756 80.00 0.00 0.00 0.00 76.79 5.50 76.79 2.17 -0.34 -9.29 6.64 -22.93
1684257896123688 80.00 0.00 0.00 0.00 76.71 3.06 76.72 3.37 6.19 -33.55 6.57 -24.99
1684257896139435 80.00 0.00 0.00 0.00 76.67 1.85 76.72 3.37 4.89 -75.99 8.89 -35.39
1684257896155695 80.00 0.00 0.00 0.00 77.63 -0.52 76.97 3.08 -0.00 0.00 6.43 -32.51
1684257896170954 80.00 0.00 0.00 0.00 76.67 1.85 76.94 2.16 -16.49 19.09 2.43 -29.07
1684257896186741 80.00 0.00 0.00 0.00 76.71 3.06 76.95 2.32 1.58 57.88 0.81 -13.47
1684257896203847 80.00 0.00 0.00 0.00 76.71 3.06 76.82 2.46 -0.30 -8.87 -0.61 -7.76
1684257896219591 80.00 0.00 0.00 0.00 75.78 7.91 76.71 3.22 7.99 -9.29 0.44 -7.50
1684257896235724 80.00 0.00 0.00 0.00 76.63 0.64 76.69 2.61 6.92 -46.96 1.35 -12.21
1684257896253970 80.00 0.00 0.00 0.00 76.63 0.64 76.68 2.31 1.08 33.29 0.71 -3.86
1684257896268671 80.00 0.00 0.00 0.00 78.66 -0.47 76.93 2.02 0.72 20.62 0.19 8.22
1684257896284905 80.00 0.00 0.00 0.00 74.64 5.43 76.55 2.76 -15.27 17.86 -1.72 10.45
1684257896301427 80.00 0.00 0.00 0.00 78.71 0.73 76.81 2.62 22.56 -45.06 3.16 2.43
1684257896317059 80.00 0.00 0.00 0.00 78.66 -0.47 77.05 2.18 -16.27 8.93 0.93 -3.68
1684257896335952 80.00 0.00 0.00 0.00 77.57 -1.73 77.16 1.58 -12.85 23.38 -0.64 0.35
1684257896354127 80.00 0.00 0.00 0.00 79.67 -0.42 77.65 0.54 -5.91 32.93 -2.38 5.62
1684257896369888 80.00 0.00 0.00 0.00 78.60 -1.67 77.89 0.26 -30.89 66.04 -7.10 19.75
1684257896382283 80.00 0.00 0.00 0.00 78.60 -1.67 78.14 -0.03 -19.90 23.28 -9.73 18.50
1684257896399562 80.00 0.00 0.00 0.00 78.60 -1.67 78.13 -0.18 -14.27 16.70 -11.60 18.01
1684257896415018 80.00 0.00 0.00 0.00 79.73 0.78 78.77 -0.76 0.44 9.71 -9.64 16.99
1684257896431553 80.00 0.00 0.00 0.00 78.54 -2.87 78.75 -1.21 -38.42 35.16 -17.26 27.02
1684257896447155 80.00 0.00 0.00 0.00 78.60 -1.67 78.74 -1.36 1.30 28.84 -15.06 29.51
1684257896463285 80.00 0.00 0.00 0.00 79.82 3.19 79.02 -0.75 0.42 9.30 -13.40 27.75
1684257896479458 80.00 0.00 0.00 0.00 79.56 -2.81 79.01 -1.05 -17.38 -37.98 -14.84 18.88
1684257896496557 80.00 0.00 0.00 0.00 78.60 -1.67 79.01 -1.05 0.84 17.47 -10.87 12.81
1684257896512141 80.00 0.00 0.00 0.00 77.46 -4.12 78.86 -1.36 0.00 0.00 -8.38 9.90
1684257896528535 80.00 0.00 0.00 0.00 77.46 -4.12 78.72 -1.66 8.72 18.71 -5.51 10.15
1684257896545252 80.00 0.00 0.00 0.00 78.28 -7.63 78.54 -2.71 8.55 18.34 -4.50 11.23
1684257896561750 80.00 0.00 0.00 0.00 79.56 -2.81 78.67 -2.71 10.97 63.70 1.68 14.80
1684257896577979 80.00 0.00 0.00 0.00 78.28 -7.63 78.63 -3.45 -7.81 -0.46 0.54 11.14
1684257896593266 80.00 0.00 0.00 0.00 78.54 -2.87 78.47 -4.21 2.64 48.69 0.82 16.06
1684257896610335 80.00 0.00 0.00 0.00 80.73 0.83 78.61 -3.75 9.35 44.35 4.16 26.35
1684257896626688 80.00 0.00 0.00 0.00 79.56 -2.81 78.73 -3.89 -8.98 -27.83 2.93 20.69
1684257896644076 80.00 0.00 0.00 0.00 78.60 -1.67 78.88 -3.59 -6.88 8.17 2.07 21.71
1684257896658807 80.00 0.00 0.00 0.00 80.62 -1.56 79.27 -3.27 -9.70 -20.82 -0.23 16.77
1684257896677238 80.00 0.00 0.00 0.00 81.55 -2.68 79.68 -2.65 -21.45 -17.42 -3.98 12.30
1684257896691368 80.00 0.00 0.00 0.00 81.61 -1.50 79.94 -2.48 -28.92 -43.74 -8.97 -1.13
1684257896708221 80.00 0.00 0.00 0.00 80.62 -1.56 80.23 -1.73 -15.23 -9.74 -9.90 -2.29
1684257896723251 80.00 0.00 0.00 0.00 81.61 -1.50 80.61 -1.55 -19.48 -50.48 -12.66 -14.69
1684257896740015 80.00 0.00 0.00 0.00 80.68 -0.36 80.61 -1.70 -22.87 -10.24 -16.69 -21.51
1684257896755830 80.00 0.00 0.00 0.00 80.73 0.83 80.75 -1.25 0.43 9.45 -15.51 -16.85
1684257896772008 80.00 0.00 0.00 0.00 80.68 -0.36 81.01 -1.08 -9.08 -28.14 -15.79 -21.39
1684257896788210 80.00 0.00 0.00 0.00 80.68 -0.36 81.02 -0.94 -16.03 -10.10 -16.58 -20.05
1684257896804490 80.00 0.00 0.00 0.00 80.62 -1.56 80.90 -0.79 -0.44 -9.16 -13.95 -19.02
1684257896820964 80.00 0.00 0.00 0.00 80.68 -0.36 80.79 -0.65 7.03 -8.54 -9.46 -14.62
1684257896837696 80.00 0.00 0.00 0.00 80.83 3.23 80.81 -0.05 6.96 -8.46 -6.68 -14.46
1684257896853566 80.00 0.00 0.00 0.00 80.68 -0.36 80.70 0.09 -1.65 -37.71 -4.46 -12.86
