#Task Selector: 5
#PID Parameters: kp: 0.03, kd: 0.04, ki: 0.02
#n_pos: 8
#n_vel: 8
t x_ref y_ref vx_ref vy_ref x_raw y_raw x y vx_raw vy_raw vx vy
1684258697416932 0.00 0.00 0.00 0.00 0.77 7.75 0.10 0.97 0.00 0.00 0.00 0.00
1684258697416933 0.00 0.00 0.00 0.00 0.77 7.75 0.19 1.94 -5.67 -57.27 -0.71 -7.16
1684258697433463 0.00 0.00 0.00 0.00 0.77 7.75 0.29 2.91 -5.80 -58.59 -1.43 -14.48
1684258697451561 0.00 0.00 0.00 0.00 0.77 7.75 0.38 3.87 -5.30 -53.51 -2.10 -21.17
1684258697466700 0.00 0.00 0.00 0.00 2.01 6.50 0.64 4.69 -6.34 -63.97 -2.89 -29.17
1684258697481810 0.00 0.00 0.00 0.00 2.01 7.75 0.89 5.65 -16.65 -53.76 -4.97 -35.89
1684258697498739 0.00 0.00 0.00 0.00 2.01 7.75 1.14 6.62 -14.86 -57.21 -6.83 -43.04
1684258697514400 0.00 0.00 0.00 0.00 0.77 7.75 1.23 7.59 -16.07 -61.84 -8.84 -50.77
1684258697530484 0.00 0.00 0.00 0.00 3.26 7.75 1.55 7.59 -5.96 -60.21 -9.58 -58.29
1684258697546916 0.00 0.00 0.00 0.00 2.01 7.75 1.70 7.59 -18.95 -0.01 -11.24 -51.14
1684258697563596 0.00 0.00 0.00 0.00 0.77 6.50 1.70 7.44 -9.33 -0.01 -11.68 -43.81
1684258697581048 0.00 0.00 0.00 0.00 0.77 7.75 1.70 7.44 0.01 8.95 -11.02 -36.01
1684258697596142 0.00 0.00 0.00 0.00 0.77 6.50 1.55 7.44 0.00 -0.00 -10.23 -28.01
1684258697611792 0.00 0.00 0.00 0.00 2.01 7.75 1.55 7.44 9.95 0.01 -6.90 -21.29
1684258697628425 0.00 0.00 0.00 0.00 2.01 9.00 1.55 7.59 0.00 0.00 -5.04 -14.14
1684258697645198 0.00 0.00 0.00 0.00 2.01 7.75 1.70 7.59 -0.00 -9.30 -3.04 -7.57
1684258697660742 0.00 0.00 0.00 0.00 2.01 7.75 1.55 7.59 -10.02 -0.01 -3.54 -0.05
1684258697683260 0.00 0.00 0.00 0.00 3.26 7.75 1.70 7.59 6.91 0.00 -0.31 -0.04
1684258697695453 0.00 0.00 0.00 0.00 3.26 6.50 2.01 7.59 -12.77 -0.00 -0.74 -0.04
1684258697710251 0.00 0.00 0.00 0.00 2.01 6.50 2.17 7.44 -21.05 -0.01 -3.37 -1.16
1684258697727183 0.00 0.00 0.00 0.00 0.77 5.25 2.17 7.28 -9.19 9.22 -4.52 -0.01
1684258697741934 0.00 0.00 0.00 0.00 0.76 4.00 2.01 6.81 0.01 10.60 -5.76 1.31
1684258697758528 0.00 0.00 0.00 0.00 -0.48 2.74 1.70 6.03 9.41 28.26 -4.59 4.84
1684258697775258 0.00 0.00 0.00 0.00 -1.73 3.99 1.23 5.56 18.66 46.73 -2.25 11.85
1684258697791838 0.00 0.00 0.00 0.00 -2.98 3.99 0.61 5.09 28.22 28.31 2.53 15.39
1684258697809386 0.00 0.00 0.00 0.00 -2.98 1.48 -0.17 4.31 35.55 26.76 6.10 18.73
1684258697823474 0.00 0.00 0.00 0.00 -2.98 2.74 -0.95 3.84 55.38 55.59 14.62 25.68
1684258697839753 0.00 0.00 0.00 0.00 -2.98 2.74 -1.58 3.37 47.90 28.88 23.24 29.30
1684258697856760 0.00 0.00 0.00 0.00 -1.73 1.49 -1.89 2.90 36.70 27.65 28.98 31.60
1684258697871733 0.00 0.00 0.00 0.00 -1.73 2.74 -2.20 2.74 20.87 31.40 31.59 34.20
1684258697888826 0.00 0.00 0.00 0.00 -2.98 1.48 -2.51 2.58 18.26 9.18 32.69 31.81
1684258697907961 0.00 0.00 0.00 0.00 -1.73 1.49 -2.51 2.27 16.32 8.22 32.40 27.00
1684258697920771 0.00 0.00 0.00 0.00 -0.49 1.49 -2.20 1.96 0.04 24.46 28.88 26.52
1684258697936826 0.00 0.00 0.00 0.00 -0.49 1.49 -1.89 1.96 -19.40 19.49 22.01 25.61
1684258697953379 0.00 0.00 0.00 0.00 0.76 1.49 -1.42 1.80 -18.86 -0.03 12.73 18.66
1684258697969395 0.00 0.00 0.00 0.00 0.76 1.49 -0.95 1.64 -29.21 9.74 3.09 16.26
1684258697989052 0.00 0.00 0.00 0.00 2.01 1.49 -0.49 1.64 -23.80 7.94 -4.47 13.80
1684258698001063 0.00 0.00 0.00 0.00 3.26 4.00 0.14 1.80 -38.96 -0.05 -11.95 9.87
1684258698017003 0.00 0.00 0.00 0.00 3.26 1.49 0.92 1.80 -39.13 -9.86 -19.12 7.49
1684258698034879 0.00 0.00 0.00 0.00 5.75 2.74 1.85 1.96 -43.64 -0.05 -26.62 6.46
1684258698050217 0.00 0.00 0.00 0.00 8.25 2.74 2.95 2.12 -61.01 -10.26 -34.25 2.12
1684258698065786 0.00 0.00 0.00 0.00 8.25 2.74 4.04 2.27 -70.11 -10.07 -40.59 -1.58
1684258698082684 0.00 0.00 0.00 0.00 8.25 2.74 4.97 2.43 -64.60 -9.28 -46.31 -2.74
1684258698098342 0.00 0.00 0.00 0.00 10.74 3.99 6.22 2.74 -59.75 -10.00 -50.12 -5.20
1684258698115041 0.00 0.00 0.00 0.00 13.24 3.99 7.62 3.05 -74.69 -18.73 -56.49 -8.54
1684258698131285 0.00 0.00 0.00 0.00 13.24 2.73 8.87 2.90 -86.40 -19.21 -62.41 -10.93
1684258698148747 0.00 0.00 0.00 0.00 16.99 2.72 10.59 3.05 -71.46 9.05 -66.46 -8.57
1684258698163573 0.00 0.00 0.00 0.00 15.74 2.73 11.84 3.05 -115.80 -10.37 -75.48 -9.86
1684258698179999 0.00 0.00 0.00 0.00 15.77 -4.82 12.78 2.10 -76.02 0.14 -77.35 -8.56
1684258698200532 0.00 0.00 0.00 0.00 22.01 2.70 14.50 2.10 -45.79 46.04 -74.31 -1.54
1684258698213084 0.00 0.00 0.00 0.00 23.26 2.70 16.37 2.09 -137.04 0.41 -83.37 -0.33
1684258698228721 0.00 0.00 0.00 0.00 24.53 1.43 18.10 1.77 -120.05 0.37 -90.90 0.96
1684258698245023 0.00 0.00 0.00 0.00 24.53 1.43 19.51 1.45 -105.72 19.61 -94.78 5.76
1684258698261455 0.00 0.00 0.00 0.00 23.27 1.44 20.76 1.29 -85.89 19.42 -94.72 10.58
1684258698278783 0.00 0.00 0.00 0.00 25.79 1.43 21.86 1.13 -72.36 9.33 -94.83 10.62
1684258698293398 0.00 0.00 0.00 0.00 27.05 1.42 23.27 0.97 -75.21 11.06 -89.76 13.30
1684258698310476 0.00 0.00 0.00 0.00 29.61 -7.41 25.00 0.64 -82.74 9.55 -90.60 14.47
1684258698326788 0.00 0.00 0.00 0.00 28.31 1.41 25.79 0.48 -106.10 19.85 -98.14 11.20
1684258698345160 0.00 0.00 0.00 0.00 28.31 0.16 26.42 0.16 -42.85 8.75 -86.37 12.24
1684258698358759 0.00 0.00 0.00 0.00 30.84 0.14 27.21 0.00 -46.40 23.34 -77.16 15.11
1684258698375595 0.00 0.00 0.00 0.00 30.83 1.40 28.00 -0.00 -46.84 9.57 -69.80 13.86
1684258698391336 0.00 0.00 0.00 0.00 32.10 0.14 29.10 -0.16 -50.04 0.25 -65.32 11.46
1684258698407615 0.00 0.00 0.00 0.00 30.84 -1.11 29.73 -0.48 -67.79 10.00 -64.75 11.55
1684258698429596 0.00 0.00 0.00 0.00 32.10 0.14 30.37 -0.64 -28.75 14.46 -58.94 11.97
1684258698441925 0.00 0.00 0.00 0.00 32.10 -1.12 30.68 0.14 -51.23 13.01 -55.00 12.40
1684258698455953 0.00 0.00 0.00 0.00 33.37 -1.13 31.31 -0.17 -22.21 -56.05 -44.51 2.92
1684258698473877 0.00 0.00 0.00 0.00 33.37 -1.13 31.94 -0.33 -35.30 17.73 -43.57 4.04
1684258698490255 0.00 0.00 0.00 0.00 32.10 -1.12 32.10 -0.49 -38.58 9.80 -42.59 2.35
1684258698506106 0.00 0.00 0.00 0.00 33.37 -2.39 32.42 -0.97 -10.01 9.98 -37.99 2.40
1684258698521464 0.00 0.00 0.00 0.00 32.11 -2.38 32.42 -1.28 -20.71 30.84 -34.32 6.22
1684258698537567 0.00 0.00 0.00 0.00 32.10 0.14 32.58 -1.12 -0.10 19.55 -25.86 7.41
1684258698553624 0.00 0.00 0.00 0.00 32.11 -2.38 32.58 -1.44 -9.78 -9.75 -23.49 4.39
1684258698570448 0.00 0.00 0.00 0.00 30.85 -2.37 32.42 -1.60 -0.09 18.71 -17.10 5.10
1684258698587390 0.00 0.00 0.00 0.00 33.37 -2.39 32.42 -1.75 9.27 9.25 -13.16 13.26
1684258698602539 0.00 0.00 0.00 0.00 35.90 -3.66 32.74 -2.07 -0.05 10.39 -8.76 12.35
1684258698621454 0.00 0.00 0.00 0.00 30.85 -3.63 32.58 -2.38 -16.77 16.72 -6.03 13.21
1684258698634669 0.00 0.00 0.00 0.00 30.85 -3.63 32.27 -2.54 11.82 23.77 -3.30 14.93
1684258698651177 0.00 0.00 0.00 0.00 32.12 -4.90 32.27 -2.85 19.07 9.45 1.67 12.26
1684258698667488 0.00 0.00 0.00 0.00 30.86 -4.89 32.12 -3.48 -0.09 19.32 1.67 12.23
1684258698684277 0.00 0.00 0.00 0.00 32.12 -4.90 32.12 -3.80 9.21 37.47 4.05 18.13
1684258698700258 0.00 0.00 0.00 0.00 30.86 -4.89 32.12 -4.11 -0.10 19.71 4.04 18.26
1684258698716764 0.00 0.00 0.00 0.00 32.12 -4.90 31.96 -4.43 -0.10 19.09 2.87 19.49
1684258698732955 0.00 0.00 0.00 0.00 30.87 -6.16 31.33 -4.74 9.65 19.41 4.09 20.62
1684258698749108 0.00 0.00 0.00 0.00 30.87 -6.16 31.34 -5.05 38.98 19.33 11.06 20.94
1684258698764840 0.00 0.00 0.00 0.00 32.13 -6.16 31.49 -5.37 -0.10 20.03 9.57 20.48
1684258698781550 0.00 0.00 0.00 0.00 30.87 -6.16 31.34 -5.53 -9.53 18.91 5.99 21.66
1684258698798570 0.00 0.00 0.00 0.00 30.87 -6.16 31.34 -5.69 9.22 9.22 7.16 20.40
1684258698816122 0.00 0.00 0.00 0.00 30.87 -7.42 31.18 -6.00 -0.04 8.98 6.00 16.84
1684258698829891 0.00 0.00 0.00 0.00 30.87 -7.42 31.18 -6.31 11.35 22.84 7.43 17.23
1684258698846504 0.00 0.00 0.00 0.00 30.87 -7.42 31.03 -6.63 -0.09 18.98 7.43 17.21
1684258698863537 0.00 0.00 0.00 0.00 30.87 -7.42 31.03 -6.79 9.17 18.46 7.37 17.09
1684258698882130 0.00 0.00 0.00 0.00 33.40 -7.43 31.34 -6.95 -0.04 8.48 2.49 15.74
1684258698895618 0.00 0.00 0.00 0.00 30.87 -7.42 31.19 -7.10 -23.43 11.79 -0.43 14.71
1684258698912116 0.00 0.00 0.00 0.00 30.87 -7.42 31.19 -7.26 9.51 9.51 1.96 13.53
1684258698928743 0.00 0.00 0.00 0.00 30.87 -6.16 31.19 -7.26 -0.04 9.48 0.80 13.57
1684258698944005 0.00 0.00 0.00 0.00 30.87 -7.42 31.19 -7.26 0.00 0.00 0.80 12.44
1684258698962664 0.00 0.00 0.00 0.00 30.87 -7.42 31.19 -7.26 0.00 0.00 -0.62 9.59
1684258698976485 0.00 0.00 0.00 0.00 30.87 -7.42 31.19 -7.26 0.00 -0.00 -0.60 7.22
1684258698998415 0.00 0.00 0.00 0.00 29.61 -6.15 31.03 -7.10 0.00 0.00 -1.75 4.91
1684258699009945 0.00 0.00 0.00 0.00 30.87 -6.16 30.71 -6.94 13.74 -13.74 -0.03 2.13
1684258699025142 0.00 0.00 0.00 0.00 30.87 -6.16 30.71 -6.79 20.80 -10.46 5.50 -0.65
1684258699042688 0.00 0.00 0.00 0.00 30.87 -6.16 30.71 -6.63 0.04 -8.99 4.32 -2.96
1684258699058902 0.00 0.00 0.00 0.00 30.87 -6.16 30.71 -6.63 0.05 -9.72 4.33 -5.36
1684258699073234 0.00 0.00 0.00 0.00 27.04 2.68 30.23 -5.37 0.00 0.00 4.33 -5.36
1684258699089791 0.00 0.00 0.00 0.00 30.85 -3.63 30.23 -4.89 28.95 -76.21 7.95 -14.89
1684258699105390 0.00 0.00 0.00 0.00 32.12 -4.90 30.39 -4.58 0.15 -30.31 7.97 -18.68
1684258699121430 0.00 0.00 0.00 0.00 32.13 -6.16 30.70 -4.58 -9.74 -19.61 6.75 -21.13
1684258699138899 0.00 0.00 0.00 0.00 32.13 -6.16 30.86 -4.58 -18.05 0.09 2.77 -19.40
1684258699156839 0.00 0.00 0.00 0.00 32.12 -4.90 31.02 -4.42 -8.79 0.04 -0.92 -18.09
1684258699170611 0.00 0.00 0.00 0.00 33.39 -4.91 31.33 -4.27 -11.40 -11.39 -2.35 -18.39
1684258699188105 0.00 0.00 0.00 0.00 33.39 -6.17 31.65 -4.27 -17.99 -8.92 -4.61 -18.29
1684258699203485 0.00 0.00 0.00 0.00 33.39 -4.91 32.44 -5.22 -20.51 0.09 -7.17 -18.28
1684258699219332 0.00 0.00 0.00 0.00 33.39 -4.91 32.76 -5.38 -50.06 59.83 -17.05 -1.27
1684258699235972 0.00 0.00 0.00 0.00 33.39 -4.91 32.91 -5.38 -19.01 9.56 -19.44 3.71
1684258699252563 0.00 0.00 0.00 0.00 33.39 -6.17 33.07 -5.38 -9.51 0.04 -19.42 6.17
1684258699268654 0.00 0.00 0.00 0.00 33.39 -6.17 33.23 -5.38 -9.80 0.04 -18.38 6.16
1684258699285497 0.00 0.00 0.00 0.00 33.39 -4.91 33.39 -5.38 -9.36 0.04 -18.46 6.16
1684258699305028 0.00 0.00 0.00 0.00 32.13 -6.16 33.23 -5.54 -8.08 0.04 -18.04 7.59
1684258699317025 0.00 0.00 0.00 0.00 37.17 -4.92 33.70 -5.38 13.09 13.07 -14.16 10.34
1684258699333496 0.00 0.00 0.00 0.00 34.65 -6.17 33.86 -5.54 -28.69 -9.45 -15.18 9.15
1684258699351090 0.00 0.00 0.00 0.00 35.91 -4.92 34.18 -5.54 -9.00 8.99 -10.05 2.79
1684258699365923 0.00 0.00 0.00 0.00 34.63 -1.13 34.33 -5.07 -21.27 0.09 -10.33 1.61
1684258699382226 0.00 0.00 0.00 0.00 34.65 -4.91 34.49 -4.91 -9.55 -28.93 -10.33 -2.01
1684258699400383 0.00 0.00 0.00 0.00 35.91 -4.92 34.80 -4.76 -8.65 -8.64 -10.19 -3.10
1684258699418888 0.00 0.00 0.00 0.00 35.89 -1.14 35.12 -4.28 -17.02 -8.44 -11.15 -4.16
1684258699433219 0.00 0.00 0.00 0.00 35.91 -4.92 35.59 -4.13 -21.89 -32.87 -12.87 -8.27
1684258699451266 0.00 0.00 0.00 0.00 38.43 -4.93 35.75 -4.13 -26.19 -8.62 -17.78 -10.98
1684258699463323 0.00 0.00 0.00 0.00 35.91 -4.92 35.91 -3.97 -13.08 0.04 -15.83 -9.80
1684258699480443 0.00 0.00 0.00 0.00 35.91 -4.92 35.91 -3.97 -9.18 -9.16 -15.85 -12.07
1684258699495484 0.00 0.00 0.00 0.00 35.91 -4.92 36.07 -4.45 0.00 0.00 -13.19 -12.08
1684258699512053 0.00 0.00 0.00 0.00 35.91 -6.18 36.22 -4.60 -9.65 28.55 -13.21 -4.89
1684258699527913 0.00 0.00 0.00 0.00 34.65 -6.17 36.07 -4.76 -9.98 9.97 -13.37 -2.57
1684258699552392 0.00 0.00 0.00 0.00 35.91 -4.92 36.07 -5.23 6.42 6.41 -10.44 -0.71
1684258699564922 0.00 0.00 0.00 0.00 34.65 -6.17 35.91 -5.39 -0.15 37.70 -7.73 8.11
1684258699578118 0.00 0.00 0.00 0.00 34.65 -6.17 35.44 -5.55 11.91 11.89 -2.96 10.67
1684258699593171 0.00 0.00 0.00 0.00 33.39 -6.17 35.12 -5.70 31.40 10.35 2.60 11.96
1684258699609838 0.00 0.00 0.00 0.00 33.40 -7.43 34.81 -6.02 18.89 9.37 6.10 14.28
1684258699627303 0.00 0.00 0.00 0.00 33.39 -6.17 34.49 -6.17 17.99 17.97 8.35 16.53
1684258699644110 0.00 0.00 0.00 0.00 33.39 -6.17 34.18 -6.17 18.74 9.30 11.90 14.12
1684258699660352 0.00 0.00 0.00 0.00 34.66 -7.43 34.18 -6.33 19.42 -0.08 15.58 12.86
1684258699674979 0.00 0.00 0.00 0.00 34.66 -7.43 34.02 -6.64 -0.04 10.77 14.77 13.41
1684258699691499 0.00 0.00 0.00 0.00 34.66 -7.43 34.02 -6.80 9.48 19.03 15.97 11.08
1684258699708050 0.00 0.00 0.00 0.00 34.66 -7.43 34.02 -6.96 -0.04 9.52 14.48 10.78
1684258699723167 0.00 0.00 0.00 0.00 34.66 -7.43 34.18 -7.12 -0.04 10.42 10.55 10.79
1684258699740287 0.00 0.00 0.00 0.00 34.66 -7.43 34.34 -7.12 -9.25 9.24 7.03 10.77
1684258699762113 0.00 0.00 0.00 0.00 34.66 -7.43 34.50 -7.27 -7.22 0.03 3.88 8.53
1684258699775493 0.00 0.00 0.00 0.00 35.91 -6.18 34.81 -7.28 -11.83 11.82 0.06 8.84
1684258699788239 0.00 0.00 0.00 0.00 35.92 -7.44 34.97 -7.28 -24.75 0.10 -5.46 8.87
1684258699805965 0.00 0.00 0.00 0.00 34.65 -6.17 34.97 -7.12 -8.89 0.03 -6.57 7.52
1684258699821132 0.00 0.00 0.00 0.00 35.91 -6.18 35.13 -6.96 0.04 -10.39 -7.75 3.85
1684258699838094 0.00 0.00 0.00 0.00 35.91 -6.18 35.29 -6.80 -9.26 -9.25 -8.90 1.50
1684258699853227 0.00 0.00 0.00 0.00 35.90 -2.40 35.44 -6.18 -10.38 -10.37 -10.19 -1.10
1684258699871189 0.00 0.00 0.00 0.00 37.18 -6.18 35.76 -6.02 -8.65 -35.04 -10.12 -6.63
1684258699886632 0.00 0.00 0.00 0.00 35.91 -6.18 35.91 -5.86 -20.38 -10.13 -11.76 -7.90
1684258699902648 0.00 0.00 0.00 0.00 35.91 -6.18 35.91 -5.86 -9.81 -9.80 -11.51 -10.61
1684258699918589 0.00 0.00 0.00 0.00 35.92 -7.44 35.91 -5.86 0.00 0.00 -8.42 -10.62
1684258699934719 0.00 0.00 0.00 0.00 34.66 -7.43 35.91 -6.02 0.00 0.00 -7.31 -10.62
1684258699953357 0.00 0.00 0.00 0.00 35.92 -7.44 35.91 -6.18 -0.03 8.45 -7.31 -8.27
1684258699967178 0.00 0.00 0.00 0.00 35.91 -6.18 35.91 -6.18 -0.04 11.39 -6.16 -5.69
1684258699983610 0.00 0.00 0.00 0.00 35.92 -7.44 35.92 -6.81 0.00 0.00 -4.86 -4.39
1684258700000257 0.00 0.00 0.00 0.00 35.92 -7.44 35.76 -6.96 -0.14 37.84 -3.80 4.72
1684258700015190 0.00 0.00 0.00 0.00 35.92 -7.44 35.76 -7.12 10.52 10.51 0.06 7.30
1684258700031500 0.00 0.00 0.00 0.00 35.92 -7.44 35.76 -7.28 -0.03 9.66 1.29 9.73
1684258700047172 0.00 0.00 0.00 0.00 38.44 -7.44 36.08 -7.28 -0.03 10.05 1.28 10.99
1684258700064929 0.00 0.00 0.00 0.00 35.93 -16.24 36.23 -8.38 -17.74 0.04 -0.94 10.99
1684258700079969 0.00 0.00 0.00 0.00 34.66 -8.69 36.08 -8.54 -10.55 73.21 -2.25 19.09
1684258700098832 0.00 0.00 0.00 0.00 34.66 -7.43 35.92 -8.69 8.33 8.32 -1.21 18.70
1684258700112612 0.00 0.00 0.00 0.00 35.92 -7.44 35.92 -8.69 11.40 11.39 0.22 20.13
1684258700128897 0.00 0.00 0.00 0.00 34.66 -7.43 35.76 -8.69 0.00 0.00 0.24 15.40
1684258700145018 0.00 0.00 0.00 0.00 33.40 -8.69 35.45 -8.85 9.78 -0.03 0.14 14.08
1684258700161244 0.00 0.00 0.00 0.00 33.40 -8.69 35.13 -9.01 19.39 9.64 2.57 14.08
1684258700177667 0.00 0.00 0.00 0.00 37.18 -8.70 34.98 -9.16 19.16 9.53 4.97 14.01
1684258700194247 0.00 0.00 0.00 0.00 33.40 -8.69 34.66 -8.22 9.48 9.47 8.37 15.19
1684258700209788 0.00 0.00 0.00 0.00 33.40 -7.43 34.50 -8.06 20.32 -60.75 12.23 -1.55
1684258700228611 0.00 0.00 0.00 0.00 33.40 -8.69 34.34 -8.22 8.40 -8.40 12.24 -3.64
1684258700243291 0.00 0.00 0.00 0.00 33.40 -8.69 34.03 -8.38 10.70 10.69 12.15 -3.73
1684258700260691 0.00 0.00 0.00 0.00 32.14 -8.68 33.72 -8.53 18.09 8.99 14.42 -2.61
1684258700275086 0.00 0.00 0.00 0.00 32.14 -8.68 33.56 -8.53 21.86 10.86 15.93 -1.24
1684258700291737 0.00 0.00 0.00 0.00 32.14 -8.68 33.40 -8.53 9.47 -0.04 14.68 -2.45
1684258700309026 0.00 0.00 0.00 0.00 33.40 -8.69 32.93 -8.53 9.12 -0.03 13.43 -3.65
1684258700323894 0.00 0.00 0.00 0.00 32.14 -8.68 32.77 -8.53 31.79 -0.09 16.22 -4.85
1684258700341807 0.00 0.00 0.00 0.00 30.88 -8.68 32.46 -8.68 8.80 -0.03 14.78 2.74
1684258700356871 0.00 0.00 0.00 0.00 30.87 -7.42 32.14 -8.53 20.89 10.38 16.34 5.09
1684258700372612 0.00 0.00 0.00 0.00 30.88 -9.94 31.82 -8.68 20.07 -10.10 17.51 2.49
1684258700389906 0.00 0.00 0.00 0.00 30.88 -8.68 31.67 -8.68 18.19 9.05 17.52 2.50
1684258700405076 0.00 0.00 0.00 0.00 30.88 -8.68 31.51 -8.68 10.39 -0.04 16.09 1.14
1684258700422042 0.00 0.00 0.00 0.00 30.88 -8.68 31.35 -8.68 9.29 -0.04 16.07 1.14
1684258700437689 0.00 0.00 0.00 0.00 29.61 -7.41 30.88 -8.52 10.07 -0.04 16.19 1.13
1684258700454196 0.00 0.00 0.00 0.00 28.36 -8.67 30.41 -8.52 28.69 -9.67 15.80 -0.06
1684258700472952 0.00 0.00 0.00 0.00 29.61 -7.41 30.25 -8.36 25.21 -0.11 17.85 -0.07
1684258700486299 0.00 0.00 0.00 0.00 29.62 -8.67 30.09 -8.52 11.86 -11.87 16.72 -2.85
1684258700503397 0.00 0.00 0.00 0.00 28.35 -7.40 29.77 -8.20 9.18 9.18 15.36 -0.44
1684258700519076 0.00 0.00 0.00 0.00 28.36 -8.67 29.46 -8.20 20.19 -20.21 15.61 -4.10
1684258700535608 0.00 0.00 0.00 0.00 29.62 -8.67 29.30 -8.20 19.06 -0.09 16.69 -4.11
1684258700551426 0.00 0.00 0.00 0.00 28.36 -8.67 28.99 -8.20 9.96 -0.04 16.78 -4.11
1684258700567499 0.00 0.00 0.00 0.00 28.35 -7.40 28.83 -8.20 19.61 -0.09 17.97 -4.11
1684258700585267 0.00 0.00 0.00 0.00 29.61 -7.41 28.98 -8.04 8.87 -0.04 15.49 -2.91
1684258700601965 0.00 0.00 0.00 0.00 28.35 -6.14 28.83 -7.88 -9.39 -9.40 11.17 -4.07
1684258700617390 0.00 0.00 0.00 0.00 28.35 -7.40 28.67 -7.72 10.27 -10.28 10.97 -3.87
1684258700633552 0.00 0.00 0.00 0.00 29.61 -7.41 28.83 -7.72 9.80 -9.81 11.05 -6.25
1684258700649183 0.00 0.00 0.00 0.00 29.61 -7.41 28.98 -7.57 -10.08 0.05 7.26 -3.71
1684258700665242 0.00 0.00 0.00 0.00 28.35 -7.40 28.82 -7.41 -9.77 -9.78 3.66 -4.92
1684258700681434 0.00 0.00 0.00 0.00 25.83 -7.39 28.51 -7.25 9.78 -9.79 3.64 -6.14
1684258700698157 0.00 0.00 0.00 0.00 25.83 -6.13 28.19 -7.09 18.88 -9.53 3.54 -7.32
1684258700716756 0.00 0.00 0.00 0.00 25.83 -7.39 27.72 -7.09 16.98 -8.57 4.56 -8.39
1684258700730853 0.00 0.00 0.00 0.00 27.08 -6.14 27.56 -7.09 33.53 -0.17 9.92 -7.23
1684258700746544 0.00 0.00 0.00 0.00 25.83 -6.13 27.25 -6.93 10.04 -0.05 9.89 -5.96
1684258700763213 0.00 0.00 0.00 0.00 25.83 -6.13 26.77 -6.77 18.95 -9.56 11.04 -5.92
1684258700778814 0.00 0.00 0.00 0.00 25.83 -6.13 26.30 -6.61 30.35 -10.26 16.09 -7.21
1684258700796674 0.00 0.00 0.00 0.00 25.83 -7.39 25.98 -6.60 26.51 -8.97 20.63 -7.11
1684258700811418 0.00 0.00 0.00 0.00 25.83 -6.13 25.98 -6.45 21.36 -0.11 22.07 -5.90
1684258700828380 0.00 0.00 0.00 0.00 24.57 -6.12 25.83 -6.45 0.05 -9.30 19.72 -5.87
1684258700843612 0.00 0.00 0.00 0.00 23.31 -6.12 25.51 -6.29 10.33 -0.05 18.89 -4.81
1684258700860517 0.00 0.00 0.00 0.00 24.57 -6.12 25.20 -6.28 18.66 -9.43 17.03 -5.97
1684258700876170 0.00 0.00 0.00 0.00 23.31 -6.12 24.88 -6.28 20.12 -0.10 18.29 -5.97
1684258700893020 0.00 0.00 0.00 0.00 23.31 -6.12 24.57 -6.28 18.68 -0.10 18.26 -4.79
1684258700910529 0.00 0.00 0.00 0.00 25.83 -6.13 24.57 -6.28 17.97 -0.09 16.71 -3.52
1684258700925650 0.00 0.00 0.00 0.00 23.31 -6.12 24.25 -6.12 0.00 -0.00 13.40 -2.40
1684258700948944 0.00 0.00 0.00 0.00 24.57 -6.12 24.09 -6.12 13.54 -6.84 12.42 -3.24
1684258700962674 0.00 0.00 0.00 0.00 22.05 -6.11 23.78 -6.12 11.46 -0.06 13.85 -2.09
1684258700976778 0.00 0.00 0.00 0.00 20.79 -6.10 23.47 -6.12 22.30 -0.11 15.34 -2.09
1684258700990226 0.00 0.00 0.00 0.00 20.79 -6.10 22.99 -6.12 23.37 -0.12 15.93 -0.93
1684258701007299 0.00 0.00 0.00 0.00 22.06 -7.37 22.84 -6.27 27.63 -0.14 16.87 -0.93
1684258701021973 0.00 0.00 0.00 0.00 20.79 -6.10 22.52 -6.27 10.66 10.70 15.87 0.42
1684258701038446 0.00 0.00 0.00 0.00 20.80 -7.37 21.89 -6.43 19.08 -0.09 16.01 0.42
1684258701055012 0.00 0.00 0.00 0.00 18.29 -7.36 21.27 -6.58 37.93 9.33 20.75 1.58
1684258701071741 0.00 0.00 0.00 0.00 18.29 -7.36 20.48 -6.73 37.52 9.26 23.74 3.60
1684258701087169 0.00 0.00 0.00 0.00 17.03 -6.09 19.85 -6.73 50.88 9.98 28.67 4.85
1684258701105106 0.00 0.00 0.00 0.00 15.77 -6.08 19.23 -6.73 35.01 -0.16 30.26 4.85
1684258701119666 0.00 0.00 0.00 0.00 15.77 -6.08 18.60 -6.73 43.11 -0.19 32.73 4.84
1684258701136812 0.00 0.00 0.00 0.00 15.78 -7.35 17.81 -6.72 36.60 -0.16 33.85 4.83
1684258701152135 0.00 0.00 0.00 0.00 17.03 -7.35 17.34 -6.88 51.22 -0.23 38.92 3.47
1684258701168935 0.00 0.00 0.00 0.00 14.52 -7.34 16.56 -6.88 27.99 9.27 40.03 4.64
1684258701186754 0.00 0.00 0.00 0.00 13.27 -7.34 15.93 -6.87 44.03 -0.18 40.80 3.45
1684258701201507 0.00 0.00 0.00 0.00 14.52 -7.34 15.46 -6.87 42.51 -0.16 41.42 2.27
1684258701217241 0.00 0.00 0.00 0.00 15.78 -7.35 15.31 -7.03 29.90 -0.12 38.80 1.01
1684258701235217 0.00 0.00 0.00 0.00 13.27 -7.34 14.99 -7.19 8.69 8.75 35.51 2.12
1684258701249518 0.00 0.00 0.00 0.00 14.52 -6.08 14.84 -7.18 21.88 10.96 32.85 3.52
1684258701266607 0.00 0.00 0.00 0.00 13.27 -6.07 14.52 -7.03 9.17 -0.03 29.42 3.53
1684258701281942 0.00 0.00 0.00 0.00 13.27 -7.34 14.05 -7.02 20.47 -10.36 25.58 2.27
1684258701302542 0.00 0.00 0.00 0.00 13.27 -6.07 13.89 -6.87 22.83 -0.08 24.93 1.10
1684258701314702 0.00 0.00 0.00 0.00 13.27 -6.07 13.89 -6.71 12.93 -13.02 21.05 -0.51
1684258701334158 0.00 0.00 0.00 0.00 13.27 -6.07 13.74 -6.55 0.02 -8.11 15.74 -1.50
1684258701346804 0.00 0.00 0.00 0.00 15.77 -6.08 13.74 -6.39 12.43 -12.52 13.55 -3.05
1684258701364152 0.00 0.00 0.00 0.00 15.77 -6.08 14.05 -6.23 0.03 -9.10 12.47 -5.28
1684258701379522 0.00 0.00 0.00 0.00 15.77 -6.08 14.21 -6.24 -20.35 -10.20 7.19 -7.93
1684258701396222 0.00 0.00 0.00 0.00 17.03 -7.35 14.68 -6.39 -9.38 0.03 4.87 -7.92
1684258701412274 0.00 0.00 0.00 0.00 15.77 -6.08 14.99 -6.24 -29.32 9.94 -1.35 -5.38
1684258701431647 0.00 0.00 0.00 0.00 15.74 1.47 15.30 -5.29 -16.15 -8.09 -6.22 -6.38
1684258701447045 0.00 0.00 0.00 0.00 18.28 -4.83 15.93 -5.14 -20.13 -61.25 -10.36 -12.41
1684258701462043 0.00 0.00 0.00 0.00 18.28 -4.83 16.55 -4.98 -41.76 -10.36 -15.58 -12.69
1684258701479273 0.00 0.00 0.00 0.00 19.54 -6.10 17.02 -4.99 -36.35 -9.02 -21.68 -12.26
1684258701493288 0.00 0.00 0.00 0.00 19.54 -7.36 17.49 -5.15 -33.58 0.14 -25.88 -11.10
1684258701511836 0.00 0.00 0.00 0.00 20.79 -4.84 18.12 -4.99 -25.41 8.62 -26.51 -8.75
1684258701525948 0.00 0.00 0.00 0.00 20.79 -6.10 18.59 -4.84 -44.42 -10.98 -30.89 -10.13
1684258701542223 0.00 0.00 0.00 0.00 19.53 -4.84 19.06 -4.68 -28.89 -9.57 -30.83 -12.56
1684258701559326 0.00 0.00 0.00 0.00 20.79 -4.84 19.69 -5.47 -27.47 -9.11 -32.25 -12.69
1684258701574797 0.00 0.00 0.00 0.00 22.05 -6.11 20.16 -5.63 -40.74 51.01 -34.83 1.34
1684258701590868 0.00 0.00 0.00 0.00 20.79 -6.10 20.48 -5.79 -29.36 9.95 -33.28 3.88
1684258701608057 0.00 0.00 0.00 0.00 20.79 -6.10 20.63 -5.79 -18.31 9.26 -31.02 6.16
1684258701623903 0.00 0.00 0.00 0.00 19.53 -4.84 20.63 -5.47 -9.91 0.05 -28.06 6.15
1684258701640970 0.00 0.00 0.00 0.00 20.79 -6.10 20.63 -5.63 0.08 -18.49 -24.88 2.76
1684258701656012 0.00 0.00 0.00 0.00 20.79 -6.10 20.63 -5.63 -0.05 10.49 -19.33 5.45
1684258701673757 0.00 0.00 0.00 0.00 19.54 -6.10 20.63 -5.79 0.00 0.00 -15.72 6.64
1684258701688348 0.00 0.00 0.00 0.00 18.28 -4.83 20.32 -5.79 -0.05 10.81 -12.29 9.13
1684258701705486 0.00 0.00 0.00 0.00 15.77 -6.08 19.54 -5.78 18.32 -0.08 -4.91 2.75
1684258701720956 0.00 0.00 0.00 0.00 15.77 -4.82 18.91 -5.62 50.73 -0.23 5.10 1.48
1684258701737657 0.00 0.00 0.00 0.00 15.77 -4.82 18.28 -5.46 37.61 -9.61 12.09 -0.88
1684258701753319 0.00 0.00 0.00 0.00 14.52 -6.08 17.65 -5.62 40.11 -10.24 18.34 -2.17
1684258701770336 0.00 0.00 0.00 0.00 13.27 -6.07 16.71 -5.61 36.82 9.12 22.94 1.28
1684258701786410 0.00 0.00 0.00 0.00 13.27 -6.07 15.77 -5.61 58.54 -0.24 30.26 -0.06
1684258701802451 0.00 0.00 0.00 0.00 13.27 -6.07 14.99 -5.61 58.66 -0.24 37.59 -0.09
1684258701818681 0.00 0.00 0.00 0.00 13.26 -4.81 14.36 -5.60 48.30 -0.19 43.64 -1.46
1684258701835607 0.00 0.00 0.00 0.00 10.76 -6.07 13.73 -5.60 37.03 -0.14 45.97 -1.47
1684258701850980 0.00 0.00 0.00 0.00 10.76 -6.07 13.11 -5.76 40.74 -0.13 44.73 -1.46
1684258701867723 0.00 0.00 0.00 0.00 8.26 -7.33 12.17 -6.07 37.37 9.30 44.70 0.91
1684258701883212 0.00 0.00 0.00 0.00 10.76 -6.07 11.70 -6.07 60.58 20.21 47.26 4.71
1684258701900025 0.00 0.00 0.00 0.00 9.51 -6.06 11.23 -6.07 27.93 -0.08 46.15 3.56
1684258701918577 0.00 0.00 0.00 0.00 8.26 -4.80 10.60 -5.91 25.31 -0.06 41.99 3.59
1684258701932839 0.00 0.00 0.00 0.00 9.51 -6.06 10.13 -5.91 43.90 -11.16 40.15 2.22
1684258701950095 0.00 0.00 0.00 0.00 8.26 -6.06 9.51 -6.07 27.21 -0.07 37.51 2.23
1684258701964722 0.00 0.00 0.00 0.00 8.26 -6.06 9.20 -6.06 42.76 10.68 38.23 3.59
1684258701984101 0.00 0.00 0.00 0.00 8.26 -6.06 8.88 -6.06 16.14 -0.03 35.15 3.60
1684258701999536 0.00 0.00 0.00 0.00 8.26 -6.06 8.88 -5.91 20.27 -0.04 33.01 2.43
1684258702012734 0.00 0.00 0.00 0.00 8.26 -6.06 8.57 -5.91 0.02 -11.96 25.44 -1.59
1684258702029042 0.00 0.00 0.00 0.00 7.01 -6.06 8.26 -5.91 19.18 -0.04 24.35 -1.58
1684258702045636 0.00 0.00 0.00 0.00 10.76 -6.07 8.57 -6.06 18.85 -0.03 23.54 -1.58
1684258702061294 0.00 0.00 0.00 0.00 10.76 -6.07 8.73 -6.06 -19.99 10.11 15.55 1.08
1684258702078364 0.00 0.00 0.00 0.00 10.76 -6.07 9.04 -6.06 -9.16 0.02 11.01 1.09
1684258702094025 0.00 0.00 0.00 0.00 9.51 -6.06 9.20 -6.06 -19.98 0.04 3.17 -0.24
1684258702114586 0.00 0.00 0.00 0.00 10.76 -6.07 9.51 -6.07 -7.61 0.01 0.20 -0.24
1684258702126581 0.00 0.00 0.00 0.00 12.01 -6.07 9.98 -6.07 -26.08 0.05 -5.60 -0.22
1684258702143629 0.00 0.00 0.00 0.00 13.27 -6.07 10.60 -6.07 -27.53 0.06 -9.04 1.28
1684258702159426 0.00 0.00 0.00 0.00 13.27 -6.07 11.39 -6.07 -39.62 0.09 -16.39 1.29
1684258702176135 0.00 0.00 0.00 0.00 13.26 -4.81 11.70 -5.91 -46.82 0.10 -24.60 1.31
1684258702191362 0.00 0.00 0.00 0.00 15.77 -4.82 12.33 -5.76 -20.53 -10.30 -24.67 -1.24
1684258702214144 0.00 0.00 0.00 0.00 15.77 -4.82 12.95 -5.60 -27.47 -6.84 -26.95 -2.10
1684258702225858 0.00 0.00 0.00 0.00 18.28 -4.83 14.05 -5.45 -53.42 -13.30 -31.13 -3.77
1684258702240655 0.00 0.00 0.00 0.00 18.28 -4.83 14.99 -5.29 -74.05 -10.42 -39.44 -5.07
1684258702256424 0.00 0.00 0.00 0.00 15.77 -4.82 15.46 -5.14 -59.57 -9.80 -43.63 -6.30
1684258702273264 0.00 0.00 0.00 0.00 19.54 -6.10 16.24 -5.14 -27.87 -9.27 -43.67 -7.47
1684258702289101 0.00 0.00 0.00 0.00 20.79 -4.84 17.18 -4.99 -49.50 0.19 -44.90 -7.45
1684258702305641 0.00 0.00 0.00 0.00 18.28 -4.83 17.81 -4.99 -56.85 -9.31 -46.16 -8.63
1684258702322572 0.00 0.00 0.00 0.00 18.28 -6.09 18.12 -5.15 -37.02 0.14 -48.22 -7.33
1684258702338266 0.00 0.00 0.00 0.00 18.28 -4.83 18.43 -5.15 -20.02 10.13 -47.29 -5.20
1684258702353761 0.00 0.00 0.00 0.00 19.53 -4.84 18.59 -5.15 -20.23 0.08 -43.14 -3.53
1684258702369780 0.00 0.00 0.00 0.00 20.79 -6.10 18.91 -5.31 -9.79 0.04 -35.11 -2.22
1684258702386296 80.00 0.00 0.00 0.00 17.03 -6.09 19.06 -5.47 -19.05 9.64 -30.04 0.21
1684258702403904 80.00 0.00 0.00 0.00 18.28 -6.09 18.91 -5.47 -8.94 8.99 -27.67 2.49
1684258702418476 80.00 0.00 0.00 0.00 18.28 -6.09 18.59 -5.62 10.77 -0.05 -20.14 2.46
1684258702436528 80.00 0.00 0.00 0.00 15.77 -6.08 18.28 -5.78 17.35 8.66 -10.87 4.70
1684258702451549 80.00 0.00 0.00 0.00 15.77 -6.08 17.97 -5.78 20.84 10.42 -3.64 5.99
1684258702468054 80.00 0.00 0.00 0.00 15.77 -6.08 17.65 -5.93 19.00 -0.08 1.24 4.71
1684258702486307 80.00 0.00 0.00 0.00 14.52 -6.08 17.03 -6.09 17.14 8.57 5.92 5.77
1684258702500178 80.00 0.00 0.00 0.00 14.52 -6.08 16.24 -6.08 45.17 11.19 12.79 7.17
1684258702517727 80.00 0.00 0.00 0.00 14.52 -6.08 15.93 -6.08 44.69 -0.19 20.75 5.94
1684258702533033 80.00 0.00 0.00 0.00 13.27 -6.07 15.30 -6.08 20.48 -0.08 24.43 4.80
1684258702558064 80.00 0.00 0.00 0.00 13.27 -6.07 14.68 -6.08 25.05 -0.09 26.22 4.80
1684258702572528 80.00 0.00 0.00 0.00 13.27 -6.07 14.36 -6.08 43.34 -0.16 29.46 3.70
1684258702585047 80.00 0.00 0.00 0.00 13.27 -6.07 14.05 -6.08 25.03 -0.09 29.99 2.38
1684258702599668 80.00 0.00 0.00 0.00 15.77 -6.08 14.05 -6.08 21.43 -0.07 30.29 2.38
1684258702614096 80.00 0.00 0.00 0.00 14.52 -6.08 14.05 -6.08 -0.00 0.00 28.15 1.31
1684258702630166 80.00 0.00 0.00 0.00 15.77 -6.08 14.21 -6.08 0.00 0.00 22.50 -0.09
1684258702647239 80.00 0.00 0.00 0.00 15.77 -6.08 14.36 -6.08 -9.18 0.03 15.77 -0.06
1684258702662485 80.00 0.00 0.00 0.00 17.03 -6.09 14.83 -6.08 -10.28 0.04 11.92 -0.04
1684258702679577 80.00 0.00 0.00 0.00 18.29 -7.36 15.46 -6.24 -27.50 0.10 5.36 -0.02
1684258702695321 80.00 0.00 0.00 0.00 20.79 -4.84 16.40 -6.09 -39.86 10.17 -5.05 1.27
1684258702713840 80.00 0.00 0.00 0.00 20.79 -6.10 17.34 -6.09 -50.77 -8.31 -14.52 0.24
1684258702730592 80.00 0.00 0.00 0.00 22.05 -6.11 18.13 -6.09 -56.17 0.23 -24.22 0.28
1684258702748069 80.00 0.00 0.00 0.00 23.31 -6.12 19.22 -6.10 -44.90 0.20 -29.83 0.31
1684258702760630 80.00 0.00 0.00 0.00 23.31 -6.12 20.17 -6.10 -87.46 0.39 -40.77 0.36
1684258702777033 80.00 0.00 0.00 0.00 24.57 -6.12 21.27 -6.11 -57.43 0.26 -46.80 0.38
1684258702793087 80.00 0.00 0.00 0.00 25.83 -6.13 22.37 -6.11 -68.47 0.32 -54.07 0.42
1684258702808876 80.00 0.00 0.00 0.00 28.35 -6.14 23.62 -5.96 -69.67 0.34 -59.34 0.45
1684258702825975 80.00 0.00 0.00 0.00 28.35 -6.14 24.57 -6.12 -73.53 -8.86 -63.55 -1.93
1684258702843202 80.00 0.00 0.00 0.00 30.86 -4.89 25.83 -5.97 -54.85 9.44 -64.06 0.29
1684258702858762 80.00 0.00 0.00 0.00 32.12 -4.90 27.09 -5.82 -80.88 -9.72 -67.15 -0.96
1684258702873899 80.00 0.00 0.00 0.00 32.12 -4.90 28.19 -5.67 -83.19 -9.99 -71.94 -2.23
1684258702893695 80.00 0.00 0.00 0.00 33.38 -3.65 29.45 -5.36 -55.67 -7.68 -67.96 -3.24
1684258702911708 80.00 0.00 0.00 0.00 37.17 -3.66 31.02 -5.05 -69.89 -17.14 -69.52 -5.41
1684258702923545 80.00 0.00 0.00 0.00 35.91 -4.92 32.28 -4.90 -133.08 -25.99 -77.59 -8.70
1684258702939267 80.00 0.00 0.00 0.00 38.43 -3.67 33.54 -4.59 -80.18 -9.64 -78.91 -9.95
1684258702955234 80.00 0.00 0.00 0.00 40.95 -3.67 35.12 -4.28 -78.95 -19.39 -79.59 -11.26
1684258702972054 80.00 0.00 0.00 0.00 39.69 -3.67 36.22 -4.13 -93.69 -18.36 -84.44 -14.74
1684258702987921 80.00 0.00 0.00 0.00 39.69 -3.67 37.17 -3.98 -69.57 -9.65 -83.03 -14.73
1684258703007702 80.00 0.00 0.00 0.00 43.47 -3.68 38.59 -3.82 -47.83 -7.78 -78.61 -14.45
1684258703020560 80.00 0.00 0.00 0.00 40.95 -3.67 39.53 -3.83 -110.31 -11.91 -85.44 -14.98
1684258703036943 80.00 0.00 0.00 0.00 47.24 3.87 40.79 -2.88 -57.78 0.20 -83.92 -12.82
1684258703052116 80.00 0.00 0.00 0.00 45.98 -2.42 42.05 -2.57 -82.99 -62.02 -77.66 -17.32
1684258703068978 80.00 0.00 0.00 0.00 44.72 5.12 42.84 -1.47 -74.67 -18.53 -76.97 -18.43
1684258703084463 80.00 0.00 0.00 0.00 47.24 -1.16 43.62 -1.16 -50.78 -70.97 -73.45 -24.88
1684258703101751 80.00 0.00 0.00 0.00 49.74 -1.15 44.88 -0.85 -45.45 -18.16 -67.42 -24.85
1684258703117300 80.00 0.00 0.00 0.00 48.49 -1.16 45.98 -0.53 -80.77 -20.22 -68.82 -26.17
1684258703133558 80.00 0.00 0.00 0.00 47.22 -7.43 46.45 -1.00 -67.65 -19.31 -71.30 -27.61
1684258703149877 80.00 0.00 0.00 0.00 48.49 0.10 47.39 -0.53 -28.72 28.78 -61.10 -22.53
1684258703167999 80.00 0.00 0.00 0.00 50.98 -1.15 47.86 -1.16 -52.01 -26.00 -60.38 -25.80
1684258703183791 80.00 0.00 0.00 0.00 52.18 -7.39 48.63 -1.78 -29.63 39.70 -53.71 -13.09
1684258703198509 80.00 0.00 0.00 0.00 49.75 7.64 49.26 -1.46 -52.59 42.25 -50.95 -5.49
1684258703215887 80.00 0.00 0.00 0.00 52.25 5.13 49.89 -0.68 -36.21 -18.06 -49.13 1.12
1684258703233339 80.00 0.00 0.00 0.00 50.99 0.10 50.04 -0.52 -35.91 -45.04 -47.94 -2.24
1684258703247419 80.00 0.00 0.00 0.00 52.23 -1.14 50.51 -0.52 -11.10 -11.18 -39.23 -1.11
1684258703263862 80.00 0.00 0.00 0.00 53.39 -8.62 51.28 -0.67 -28.40 -0.11 -34.32 1.29
1684258703279333 80.00 0.00 0.00 0.00 50.99 0.10 51.59 -0.67 -49.84 9.62 -36.96 -1.10
1684258703296872 80.00 0.00 0.00 0.00 54.59 -9.85 52.04 -1.75 -17.80 -0.05 -32.68 2.14
1684258703312661 80.00 0.00 0.00 0.00 53.49 5.13 52.21 -0.19 -28.52 68.84 -32.55 5.78
1684258703336209 80.00 0.00 0.00 0.00 52.25 5.13 52.52 -0.50 -7.00 -66.49 -26.85 -7.81
1684258703349038 80.00 0.00 0.00 0.00 53.46 -1.14 52.67 -1.29 -24.33 24.44 -25.36 -2.50
1684258703361119 80.00 0.00 0.00 0.00 53.47 0.12 52.98 -1.28 -12.55 64.82 -22.44 11.24
1684258703377034 80.00 0.00 0.00 0.00 55.84 -7.34 53.44 -2.06 -19.49 -0.10 -23.49 12.62
1684258703393880 80.00 0.00 0.00 0.00 49.75 7.64 52.98 -0.03 -26.85 46.00 -23.30 18.39
1684258703409557 80.00 0.00 0.00 0.00 54.73 5.14 53.45 0.60 28.97 -129.64 -13.45 0.98
1684258703425921 80.00 0.00 0.00 0.00 55.97 5.14 53.62 2.48 -28.61 -38.44 -14.80 -3.82
1684258703442963 80.00 0.00 0.00 0.00 54.70 -1.13 53.77 1.69 -10.13 -109.94 -12.50 -26.17
1684258703458159 80.00 0.00 0.00 0.00 54.59 -9.85 54.06 -0.18 -9.88 51.47 -12.86 -11.42
1684258703474780 80.00 0.00 0.00 0.00 54.70 -1.13 54.22 -0.18 -17.57 112.60 -12.01 -0.40
1684258703490639 80.00 0.00 0.00 0.00 54.70 -1.13 54.37 -0.33 -9.71 -0.08 -11.66 -8.51
1684258703508237 80.00 0.00 0.00 0.00 55.92 -1.11 54.38 0.45 -8.70 8.83 -10.31 -7.40
1684258703523143 80.00 0.00 0.00 0.00 54.70 -1.13 55.00 -0.65 -0.66 -52.23 -7.04 -19.68
1684258703539883 80.00 0.00 0.00 0.00 52.26 7.64 54.69 -0.34 -36.90 65.43 -15.27 4.71
1684258703557838 80.00 0.00 0.00 0.00 55.94 1.39 54.69 -0.80 17.25 -17.42 -9.54 7.33
1684258703572690 80.00 0.00 0.00 0.00 53.50 8.90 54.54 0.45 0.20 31.62 -8.25 25.03
1684258703590224 80.00 0.00 0.00 0.00 54.70 -1.13 54.55 1.54 8.49 -71.46 -5.95 9.66
1684258703604930 80.00 0.00 0.00 0.00 56.98 -11.03 54.84 0.30 -0.92 -74.11 -3.87 -13.68
1684258703622115 80.00 0.00 0.00 0.00 55.80 -9.82 54.97 -0.79 -16.61 72.05 -4.73 -4.66
1684258703639164 80.00 0.00 0.00 0.00 55.98 7.65 54.98 0.31 -8.10 63.76 -4.66 2.20
1684258703653336 80.00 0.00 0.00 0.00 52.26 8.89 54.68 1.56 -0.51 -77.30 -4.64 -0.93
1684258703670541 80.00 0.00 0.00 0.00 58.37 0.16 55.44 0.63 17.71 -72.81 2.19 -18.21
1684258703685914 80.00 0.00 0.00 0.00 55.97 6.40 55.45 1.25 -49.75 60.81 -6.18 -8.43
1684258703702213 80.00 0.00 0.00 0.00 55.91 -2.36 55.75 -0.16 -0.23 -38.43 -6.24 -17.19
1684258703718980 80.00 0.00 0.00 0.00 55.93 0.13 55.90 0.00 -17.93 83.95 -9.54 2.24
1684258703735366 80.00 0.00 0.00 0.00 55.93 0.13 55.77 1.40 -9.45 -9.62 -10.61 10.30
1684258703751987 80.00 0.00 0.00 0.00 55.93 0.13 55.79 2.64 7.86 -83.98 -7.55 -9.20
1684258703767527 80.00 0.00 0.00 0.00 54.71 1.38 55.63 1.86 -1.08 -80.10 -6.67 -27.18
1684258703785790 80.00 0.00 0.00 0.00 55.96 3.89 56.09 1.23 8.67 42.94 -5.53 -12.15
1684258703801790 80.00 0.00 0.00 0.00 55.94 1.39 55.79 1.39 -28.93 39.11 -11.36 1.84
1684258703815705 80.00 0.00 0.00 0.00 55.97 6.40 55.79 1.39 21.83 -11.01 -2.41 -7.14
1684258703833113 80.00 0.00 0.00 0.00 54.71 1.38 55.64 1.85 0.00 0.00 -2.38 -2.34
1684258703848855 80.00 0.00 0.00 0.00 55.95 2.64 55.64 2.17 9.50 -29.70 1.05 -16.54
1684258703864895 80.00 0.00 0.00 0.00 55.95 2.64 55.64 2.48 -0.15 -19.50 2.21 -17.78
1684258703883641 80.00 0.00 0.00 0.00 53.50 8.90 55.34 3.57 -0.13 -16.68 1.21 -9.37
1684258703897158 80.00 0.00 0.00 0.00 55.94 1.39 55.49 3.58 22.46 -81.04 4.16 -9.49
1684258708521344 80.00 0.00 0.00 0.00 53.50 8.90 55.19 4.20 -0.03 -0.00 3.07 -14.85
1684258703932432 80.00 0.00 0.00 0.00 55.98 8.90 55.19 5.14 -0.07 0.14 6.68 -19.72
1684258703947340 80.00 0.00 0.00 0.00 55.86 -6.10 55.18 3.58 -0.34 -63.04 3.91 -26.23
1684258703963399 80.00 0.00 0.00 0.00 55.86 -6.10 55.32 2.64 0.87 97.28 4.01 -14.07
1684258703981563 80.00 0.00 0.00 0.00 57.22 8.91 55.48 3.43 -7.91 51.46 1.84 -3.92
1684258703996025 80.00 0.00 0.00 0.00 58.39 1.41 55.78 3.27 -10.93 -54.21 0.49 -8.26
1684258704012061 80.00 0.00 0.00 0.00 55.94 1.39 56.09 2.34 -18.98 9.58 -1.86 -4.98
1684258704028413 80.00 0.00 0.00 0.00 58.26 -7.30 56.38 1.25 -18.65 57.42 -7.00 12.33
1684258704045575 80.00 0.00 0.00 0.00 57.20 5.15 56.84 0.78 -16.86 63.25 -9.11 20.23
1684258704061582 80.00 0.00 0.00 0.00 54.75 8.90 56.68 0.78 -28.84 29.27 -12.70 23.87
1684258704082585 80.00 0.00 0.00 0.00 55.92 -1.11 56.69 1.40 7.37 0.02 -11.74 31.76
1684258704094486 80.00 0.00 0.00 0.00 55.93 0.13 56.70 2.18 -0.63 -52.37 -11.93 13.05
1684258704109281 80.00 0.00 0.00 0.00 58.36 -1.09 56.84 0.93 -0.60 -52.68 -11.01 0.03
1684258704124835 80.00 0.00 0.00 0.00 55.92 -1.11 56.54 0.62 -9.18 80.33 -10.80 16.85
1684258704141947 80.00 0.00 0.00 0.00 57.14 -1.10 56.69 0.31 18.01 18.43 -6.17 17.96
1684258704161658 80.00 0.00 0.00 0.00 57.19 3.90 56.55 1.71 -7.61 15.77 -4.79 12.75
1684258704174055 80.00 0.00 0.00 0.00 54.74 7.65 56.25 2.02 10.79 -112.89 -1.34 -9.27
1684258704190415 80.00 0.00 0.00 0.00 57.14 -1.10 56.54 0.77 18.75 -19.07 4.61 -15.31
1684258704209376 80.00 0.00 0.00 0.00 54.75 8.90 56.40 2.02 -15.80 65.94 1.72 -7.07
1684258704222771 80.00 0.00 0.00 0.00 58.37 0.16 56.70 2.02 10.97 -93.46 3.17 -12.20
1684258704240487 80.00 0.00 0.00 0.00 57.20 6.40 56.56 2.96 -17.22 -0.18 1.09 -5.64
1684258704254870 80.00 0.00 0.00 0.00 57.14 -1.10 56.71 2.96 10.03 -65.09 3.49 -23.82
1684258704272896 80.00 0.00 0.00 0.00 58.44 7.66 56.87 4.06 -8.47 -0.09 0.18 -26.13
1684258704288718 80.00 0.00 0.00 0.00 57.10 -4.84 56.86 2.97 -10.22 -69.24 -0.15 -36.76
1684258704303891 80.00 0.00 0.00 0.00 58.37 0.16 57.31 2.03 0.77 71.97 -1.40 -13.65
1684258704320507 80.00 0.00 0.00 0.00 57.20 5.15 57.32 2.81 -27.31 56.31 -7.16 -4.23
1684258704337129 80.00 0.00 0.00 0.00 54.75 11.41 57.32 3.13 -0.40 -47.01 -5.23 -18.35
1684258704353115 80.00 0.00 0.00 0.00 58.45 10.17 57.33 4.38 -0.05 -19.64 -6.61 -9.12
1684258704370248 80.00 0.00 0.00 0.00 57.16 0.15 57.33 3.59 -0.55 -73.02 -4.52 -18.22
1684258704385495 80.00 0.00 0.00 0.00 57.21 7.66 57.33 4.69 0.39 51.29 -5.73 -3.68
1684258704405320 80.00 0.00 0.00 0.00 57.20 6.40 57.18 4.53 -0.43 -55.22 -4.72 -10.57
1684258704418317 80.00 0.00 0.00 0.00 58.36 -1.09 57.34 5.00 11.85 12.12 -1.97 -0.40
1684258704434504 80.00 0.00 0.00 0.00 57.18 2.65 57.19 5.31 -9.76 -28.97 -3.28 -13.02
1684258704451469 80.00 0.00 0.00 0.00 60.62 -8.48 57.62 3.61 8.80 -18.32 1.23 -22.35
1684258704467084 80.00 0.00 0.00 0.00 55.98 8.90 57.77 3.29 -27.37 109.08 -2.14 -2.84
1684258704484107 80.00 0.00 0.00 0.00 57.21 7.66 57.62 2.98 -9.04 18.41 -3.26 1.92
1684258704499242 80.00 0.00 0.00 0.00 60.86 6.43 58.08 3.77 10.23 20.75 -1.92 13.64
1684258704516590 80.00 0.00 0.00 0.00 60.87 7.68 58.54 3.77 -26.67 -45.27 -5.30 1.57
1684258704536355 80.00 0.00 0.00 0.00 57.22 8.91 58.54 4.08 -23.13 -0.15 -8.14 8.46
1684258704548414 80.00 0.00 0.00 0.00 59.55 -2.31 58.69 3.93 -0.13 -25.99 -9.63 3.69
1684258704564699 80.00 0.00 0.00 0.00 58.43 6.41 58.84 4.40 -9.13 9.42 -9.56 8.49
1684258704581079 80.00 0.00 0.00 0.00 59.55 -2.31 58.71 5.17 -9.54 -28.72 -11.85 7.19
1684258704596260 80.00 0.00 0.00 0.00 58.43 6.41 59.01 4.86 8.79 -50.74 -7.33 -12.78
1684258704613471 80.00 0.00 0.00 0.00 62.93 -9.63 59.73 2.70 -17.75 18.12 -8.42 -12.82
1684258704628823 80.00 0.00 0.00 0.00 60.85 5.18 59.73 2.54 -46.55 140.77 -15.51 2.18
1684258704648855 80.00 0.00 0.00 0.00 62.97 -8.41 59.99 0.53 0.07 7.80 -12.17 8.81
1684258704661505 80.00 0.00 0.00 0.00 62.97 -8.41 60.71 -1.63 -20.74 158.97 -11.87 28.70
1684258704679564 80.00 0.00 0.00 0.00 60.85 5.18 60.87 -0.70 -39.80 119.86 -16.83 46.93
1684258704694624 80.00 0.00 0.00 0.00 63.12 -2.25 61.46 -1.78 -10.77 -62.20 -17.04 37.98
1684258704711034 80.00 0.00 0.00 0.00 60.85 5.18 61.62 -0.84 -35.76 65.94 -20.31 49.81
1684258704730776 80.00 0.00 0.00 0.00 61.94 -2.27 62.06 -1.93 -8.22 -47.45 -22.44 50.23
1684258704742699 80.00 0.00 0.00 0.00 65.46 -2.19 62.37 -1.00 -36.80 91.01 -24.82 59.34
1684258704761066 80.00 0.00 0.00 0.00 62.97 -8.41 62.64 -2.70 -17.25 -50.64 -21.16 35.41
1684258704775670 80.00 0.00 0.00 0.00 61.94 -2.27 62.51 -1.93 -18.15 116.30 -23.44 48.97
1684258704791737 80.00 0.00 0.00 0.00 64.30 -2.22 62.68 -1.16 7.99 -47.74 -19.84 23.14
1684258704808616 80.00 0.00 0.00 0.00 62.93 -9.63 62.94 -3.01 -9.85 -45.83 -16.10 2.42
1684258704826923 80.00 0.00 0.00 0.00 64.32 -0.98 63.09 -2.85 -14.21 101.14 -16.53 22.84
1684258704840579 80.00 0.00 0.00 0.00 66.65 -0.93 63.81 -3.61 -11.00 -11.56 -13.44 13.15
1684258704856964 80.00 0.00 0.00 0.00 65.61 5.24 64.27 -2.67 -44.27 46.59 -17.94 24.91
1684258704873367 80.00 0.00 0.00 0.00 65.64 7.73 64.29 -1.43 -27.94 -57.23 -16.83 6.38
1684258704889065 80.00 0.00 0.00 0.00 66.28 -11.92 64.71 -1.87 -1.39 -78.97 -14.85 2.84
1684258704905687 80.00 0.00 0.00 0.00 67.86 1.57 65.45 -1.39 -24.89 26.44 -15.70 -8.40
1684258704923233 80.00 0.00 0.00 0.00 69.00 1.60 66.03 -0.92 -42.16 -27.35 -21.97 -5.85
1684258704937990 80.00 0.00 0.00 0.00 66.71 1.54 66.51 0.48 -39.83 -32.33 -25.71 -4.16
1684258704955327 80.00 0.00 0.00 0.00 67.88 2.80 66.95 0.95 -27.23 -80.56 -27.34 -26.87
