#Task Selector: 5
#PID Parameters: kp: 0.05, kd: 0.04, ki: 0.02
#n_pos: 8
#n_vel: 8
t x_ref y_ref vx_ref vy_ref x_raw y_raw x y vx_raw vy_raw vx vy
1684259171690067 0.00 0.00 0.00 0.00 4.50 5.25 0.56 0.66 0.00 0.00 0.00 0.00
1684259171690069 0.00 0.00 0.00 0.00 4.50 4.00 1.13 1.16 -26.73 -31.15 -3.34 -3.89
1684259171703159 0.00 0.00 0.00 0.00 4.50 4.00 1.69 1.66 -43.02 -38.17 -8.72 -8.67
1684259171722040 0.00 0.00 0.00 0.00 4.50 5.25 2.25 2.31 -29.82 -26.46 -12.45 -11.97
1684259171733897 0.00 0.00 0.00 0.00 4.50 1.49 2.82 2.50 -47.49 -55.34 -18.38 -18.89
1684259171749792 0.00 0.00 0.00 0.00 4.50 4.00 3.38 3.00 -35.43 -11.72 -22.81 -20.36
1684259171764538 0.00 0.00 0.00 0.00 4.50 2.74 3.94 3.34 -38.18 -33.89 -27.58 -24.59
1684259171784375 0.00 0.00 0.00 0.00 4.50 2.74 4.50 3.68 -28.38 -17.29 -31.13 -26.75
1684259171796880 0.00 0.00 0.00 0.00 5.75 1.49 4.66 3.21 -45.03 -27.44 -36.76 -30.18
1684259171814038 0.00 0.00 0.00 0.00 4.50 1.49 4.66 2.90 -9.09 27.38 -34.55 -22.87
1684259171829690 0.00 0.00 0.00 0.00 4.50 6.50 4.66 3.21 -0.00 20.02 -29.18 -15.59
1684259171848007 0.00 0.00 0.00 0.00 4.50 0.24 4.66 2.59 0.00 -17.07 -25.45 -14.42
1684259171862799 0.00 0.00 0.00 0.00 5.75 1.49 4.82 2.59 -0.01 42.36 -19.52 -2.21
1684259171878059 0.00 0.00 0.00 0.00 7.00 1.49 5.13 2.27 -10.22 0.00 -16.36 -0.74
1684259171894911 0.00 0.00 0.00 0.00 5.75 0.24 5.28 1.96 -18.51 18.60 -13.91 5.82
1684259171911688 0.00 0.00 0.00 0.00 5.75 4.00 5.44 2.12 -9.30 18.70 -11.52 10.32
1684259171927293 0.00 0.00 0.00 0.00 7.00 1.49 5.60 2.12 -9.98 -10.03 -7.14 12.50
1684259171943474 0.00 0.00 0.00 0.00 8.25 1.49 6.06 2.12 -9.64 0.01 -7.21 9.07
1684259171959592 0.00 0.00 0.00 0.00 8.24 3.99 6.53 1.80 -29.03 0.02 -10.84 6.57
1684259171977260 0.00 0.00 0.00 0.00 10.74 1.48 7.31 1.96 -26.46 17.72 -14.14 10.92
1684259171992124 0.00 0.00 0.00 0.00 8.24 5.25 7.62 2.43 -52.47 -10.50 -20.70 4.32
1684259172007701 0.00 0.00 0.00 0.00 9.49 2.74 7.93 2.58 -19.99 -30.14 -21.92 0.55
1684259172023598 0.00 0.00 0.00 0.00 10.74 3.99 8.56 3.05 -19.61 -9.84 -22.06 -3.01
1684259172040666 0.00 0.00 0.00 0.00 8.25 2.74 8.87 2.90 -36.52 -27.51 -25.46 -8.78
1684259172056443 0.00 0.00 0.00 0.00 10.74 2.74 9.34 3.05 -19.77 9.94 -26.69 -6.29
1684259172072930 0.00 0.00 0.00 0.00 10.74 6.49 9.65 3.68 -28.37 -9.47 -29.03 -7.47
1684259172088638 0.00 0.00 0.00 0.00 10.74 5.24 9.96 3.83 -19.80 -39.83 -27.87 -12.45
1684259172106733 0.00 0.00 0.00 0.00 13.23 5.24 10.27 4.30 -17.22 -8.62 -26.72 -15.75
1684259172122486 0.00 0.00 0.00 0.00 11.98 8.99 10.74 4.77 -19.75 -29.79 -22.63 -18.16
1684259172139314 0.00 0.00 0.00 0.00 13.24 3.99 11.21 4.93 -27.75 -27.81 -23.60 -17.87
1684259172158536 0.00 0.00 0.00 0.00 14.48 6.49 11.67 5.24 -24.34 -8.10 -24.19 -17.65
1684259172170874 0.00 0.00 0.00 0.00 13.24 3.99 12.30 5.40 -37.89 -25.28 -24.36 -17.37
1684259172186258 0.00 0.00 0.00 0.00 15.73 5.23 12.92 5.71 -40.55 -10.11 -26.96 -19.88
1684259172202455 0.00 0.00 0.00 0.00 16.98 5.23 13.70 5.55 -38.52 -19.24 -28.23 -21.10
1684259172218869 0.00 0.00 0.00 0.00 18.24 5.22 14.64 5.55 -47.59 9.64 -31.70 -14.91
1684259172234631 0.00 0.00 0.00 0.00 15.73 6.48 14.95 5.70 -59.46 0.15 -36.98 -13.82
1684259172251325 0.00 0.00 0.00 0.00 16.98 5.23 15.58 5.23 -18.69 -9.32 -36.85 -11.26
1684259172270158 0.00 0.00 0.00 0.00 15.73 5.23 15.89 5.39 -33.22 24.97 -37.53 -4.66
1684259172283583 0.00 0.00 0.00 0.00 16.99 3.97 16.20 5.07 -23.24 -11.60 -37.40 -5.10
1684259172300187 0.00 0.00 0.00 0.00 15.74 3.98 16.52 5.07 -18.88 18.91 -35.02 0.43
1684259172316099 0.00 0.00 0.00 0.00 19.49 3.97 16.99 4.91 -19.64 0.05 -32.41 1.70
1684259172334407 0.00 0.00 0.00 0.00 19.49 3.97 17.30 4.76 -25.67 8.64 -30.80 5.18
1684259172349020 0.00 0.00 0.00 0.00 20.75 2.71 17.61 4.44 -21.46 10.79 -27.53 5.32
1684259172365212 0.00 0.00 0.00 0.00 20.75 3.96 18.24 4.13 -19.43 19.43 -22.53 7.73
1684259172381718 0.00 0.00 0.00 0.00 22.01 1.45 18.87 3.65 -38.00 19.10 -24.94 11.29
1684259172398685 0.00 0.00 0.00 0.00 22.01 1.45 19.65 3.18 -37.05 27.87 -25.42 11.65
1684259172413759 0.00 0.00 0.00 0.00 22.01 2.70 20.28 3.02 -52.08 31.40 -29.03 17.02
1684259172431537 0.00 0.00 0.00 0.00 22.01 1.45 21.07 2.70 -35.30 8.96 -31.08 15.78
1684259172446224 0.00 0.00 0.00 0.00 22.02 0.19 21.38 2.23 -53.42 21.56 -35.30 18.47
1684259172462374 0.00 0.00 0.00 0.00 23.27 1.44 21.85 1.92 -19.55 29.24 -34.53 21.04
1684259172478764 0.00 0.00 0.00 0.00 23.28 0.18 22.17 1.60 -28.80 19.27 -35.45 22.10
1684259172499425 0.00 0.00 0.00 0.00 24.53 0.18 22.64 1.13 -15.27 15.27 -34.93 21.58
1684259172511375 0.00 0.00 0.00 0.00 23.28 0.18 22.80 0.97 -39.61 39.59 -35.13 24.14
1684259172532896 0.00 0.00 0.00 0.00 24.54 -1.08 23.12 0.65 -7.33 7.34 -31.42 21.58
1684259172544871 0.00 0.00 0.00 0.00 24.54 -1.08 23.43 0.18 -26.37 26.38 -28.21 20.95
1684259172560908 0.00 0.00 0.00 0.00 25.77 3.94 23.90 0.49 -19.74 29.49 -26.26 23.52
1684259172576292 0.00 0.00 0.00 0.00 25.81 -2.35 24.38 0.18 -30.56 -20.27 -23.40 18.29
1684259172592415 0.00 0.00 0.00 0.00 25.80 -1.09 24.69 -0.14 -29.35 19.66 -24.63 17.09
1684259172608477 0.00 0.00 0.00 0.00 27.06 -2.35 25.17 -0.46 -19.68 19.68 -23.49 17.14
1684259172627099 0.00 0.00 0.00 0.00 28.32 -1.10 25.64 -0.62 -25.44 17.03 -24.76 17.36
1684259172643751 0.00 0.00 0.00 0.00 28.32 -1.10 26.27 -0.78 -28.42 9.59 -23.36 13.61
1684259172661174 0.00 0.00 0.00 0.00 29.58 -1.11 26.90 -0.78 -36.18 9.21 -26.97 13.85
1684259172678047 0.00 0.00 0.00 0.00 29.58 -1.11 27.53 -0.78 -37.34 0.20 -28.34 10.57
1684259172690281 0.00 0.00 0.00 0.00 30.85 -2.37 28.16 -1.57 -51.50 0.27 -32.31 6.92
1684259172707289 0.00 0.00 0.00 0.00 33.37 -1.13 29.11 -1.42 -37.30 46.40 -33.15 15.26
1684259172722277 0.00 0.00 0.00 0.00 30.85 -2.37 29.74 -1.58 -63.07 -10.18 -37.37 11.53
1684259172740490 0.00 0.00 0.00 0.00 30.85 -2.37 30.21 -1.58 -34.66 8.83 -39.24 10.17
1684259172755022 0.00 0.00 0.00 0.00 33.37 -1.13 30.84 -1.59 -32.55 0.17 -40.13 8.06
1684259172771514 0.00 0.00 0.00 0.00 34.63 -1.13 31.63 -1.59 -38.27 0.20 -41.36 6.89
1684259172789860 0.00 0.00 0.00 0.00 33.37 -2.39 32.11 -1.75 -43.01 0.22 -42.21 5.76
1684259172804832 0.00 0.00 0.00 0.00 33.37 -1.13 32.58 -1.75 -31.67 10.68 -41.50 7.07
1684259172820859 0.00 0.00 0.00 0.00 32.10 0.14 32.74 -1.44 -29.54 0.15 -38.76 7.06
1684259172838331 0.00 0.00 0.00 0.00 33.39 -6.17 32.74 -2.07 -8.94 -17.97 -35.21 -0.99
1684259172852456 0.00 0.00 0.00 0.00 33.36 0.13 33.05 -1.76 -0.21 44.60 -27.36 5.86
1684259172868993 0.00 0.00 0.00 0.00 34.62 1.38 33.53 -1.29 -19.00 -18.94 -25.40 2.39
1684259172885988 0.00 0.00 0.00 0.00 34.62 1.38 33.68 -0.97 -27.74 -27.64 -24.80 -1.09
1684259172904623 0.00 0.00 0.00 0.00 33.36 1.39 33.52 -0.66 -8.40 -16.85 -21.06 -3.22
1684259172918011 0.00 0.00 0.00 0.00 33.35 2.65 33.52 -0.03 11.91 -23.56 -14.20 -6.19
1684259172935387 0.00 0.00 0.00 0.00 29.57 1.41 33.05 0.29 0.17 -36.22 -10.22 -12.05
1684259172950497 0.00 0.00 0.00 0.00 27.04 2.68 32.41 0.61 31.44 -20.98 -2.59 -14.69
1684259172967974 0.00 0.00 0.00 0.00 24.52 2.69 31.30 1.71 36.18 -18.17 3.05 -14.72
1684259172991859 0.00 0.00 0.00 0.00 23.27 1.44 30.04 1.88 46.42 -46.36 8.87 -26.09
1684259173004338 0.00 0.00 0.00 0.00 20.75 2.71 28.31 2.04 101.09 -13.10 23.89 -25.36
1684259173020477 0.00 0.00 0.00 0.00 19.50 1.46 26.42 2.05 107.40 -10.24 40.78 -23.18
1684259173032569 0.00 0.00 0.00 0.00 16.99 2.72 24.37 2.22 156.26 -0.75 61.36 -21.17
1684259173047320 0.00 0.00 0.00 0.00 16.99 2.72 22.33 2.23 138.66 -11.28 77.20 -19.64
1684259173064943 0.00 0.00 0.00 0.00 15.74 2.73 20.60 2.39 116.03 -0.52 91.69 -15.18
1684259173080023 0.00 0.00 0.00 0.00 14.49 2.73 19.03 2.40 114.61 -10.92 102.08 -13.92
1684259173097064 0.00 0.00 0.00 0.00 11.99 3.99 17.47 2.56 92.05 -0.37 109.07 -11.69
1684259173112165 0.00 0.00 0.00 0.00 11.99 3.99 16.06 2.88 103.75 -10.75 116.23 -7.24
1684259173128282 0.00 0.00 0.00 0.00 11.99 5.24 14.96 3.20 87.50 -19.77 114.53 -8.08
1684259173149696 0.00 0.00 0.00 0.00 10.74 3.99 13.86 3.51 51.17 -14.79 107.51 -8.64
1684259173161755 0.00 0.00 0.00 0.00 13.24 3.99 13.40 3.67 90.84 -26.28 99.33 -11.84
1684259173178899 0.00 0.00 0.00 0.00 10.74 2.74 12.61 3.67 27.38 -9.22 85.42 -11.58
1684259173193628 0.00 0.00 0.00 0.00 10.74 3.99 11.99 3.83 53.05 -0.14 77.54 -11.53
1684259173209353 0.00 0.00 0.00 0.00 13.23 5.24 11.83 4.15 39.75 -10.06 68.19 -11.42
1684259173226166 0.00 0.00 0.00 0.00 13.24 3.99 11.99 4.14 9.34 -18.65 57.85 -13.71
1684259173241831 0.00 0.00 0.00 0.00 13.24 3.99 12.14 4.14 -9.97 0.02 43.63 -12.36
1684259173258147 0.00 0.00 0.00 0.00 15.74 3.98 12.61 3.99 -9.57 0.02 31.50 -9.89
1684259173283212 0.00 0.00 0.00 0.00 15.74 3.98 13.24 3.99 -18.71 6.29 22.77 -7.25
1684259173295500 0.00 0.00 0.00 0.00 19.49 3.97 14.02 3.98 -50.83 0.12 5.06 -3.95
1684259173307385 0.00 0.00 0.00 0.00 16.99 3.97 14.80 4.14 -65.80 0.21 -6.59 -2.77
1684259173324029 0.00 0.00 0.00 0.00 18.24 3.97 15.74 4.13 -46.91 -9.29 -19.09 -3.92
1684259173340393 0.00 0.00 0.00 0.00 19.49 5.22 16.52 4.13 -57.29 0.16 -31.22 -2.64
1684259173356549 0.00 0.00 0.00 0.00 22.00 5.21 17.61 4.29 -48.40 0.14 -38.43 -0.29
1684259173373769 0.00 0.00 0.00 0.00 23.25 5.21 18.87 4.44 -63.59 -8.89 -45.14 -1.40
1684259173391269 0.00 0.00 0.00 0.00 24.50 6.45 19.96 4.75 -71.54 -8.71 -52.88 -2.50
1684259173405622 0.00 0.00 0.00 0.00 24.51 5.20 21.06 4.90 -76.36 -21.55 -60.09 -5.98
1684259173420798 0.00 0.00 0.00 0.00 25.76 6.45 21.84 5.21 -72.27 -10.06 -62.77 -7.25
1684259173437263 0.00 0.00 0.00 0.00 28.28 6.44 23.25 5.52 -47.60 -18.85 -60.50 -9.63
1684259173453805 0.00 0.00 0.00 0.00 28.28 6.44 24.51 5.83 -85.35 -18.61 -65.30 -10.80
1684259173471654 0.00 0.00 0.00 0.00 30.78 12.70 25.92 6.76 -70.33 -17.28 -66.93 -12.98
1684259173488271 0.00 0.00 0.00 0.00 32.07 6.42 27.18 6.91 -84.97 -56.24 -71.50 -20.02
1684259173502009 0.00 0.00 0.00 0.00 32.04 13.94 28.28 8.01 -91.64 -11.03 -75.01 -20.29
1684259173518244 0.00 0.00 0.00 0.00 28.28 7.69 28.75 8.16 -67.70 -67.29 -74.53 -27.61
1684259173536084 0.00 0.00 0.00 0.00 28.28 6.44 29.22 8.31 -26.43 -8.68 -68.29 -26.00
1684259173550258 0.00 0.00 0.00 0.00 29.54 6.43 29.70 8.31 -33.27 -10.92 -63.41 -26.11
1684259173567810 0.00 0.00 0.00 0.00 25.76 7.70 29.38 8.47 -26.93 0.11 -60.83 -23.74
1684259173583940 0.00 0.00 0.00 0.00 27.02 7.70 29.22 8.63 19.56 -9.79 -47.71 -22.64
1684259173600562 0.00 0.00 0.00 0.00 25.76 7.70 28.59 8.00 9.51 -9.47 -37.73 -21.66
1684259173620310 0.00 0.00 0.00 0.00 24.50 7.71 27.65 8.16 31.82 31.61 -23.13 -10.68
1684259173632369 0.00 0.00 0.00 0.00 23.24 7.71 26.55 7.39 78.46 -13.31 -1.87 -10.97
1684259173648414 0.00 0.00 0.00 0.00 23.24 8.96 25.92 7.54 68.57 48.56 15.16 3.51
1684259173664828 0.00 0.00 0.00 0.00 22.01 1.45 25.13 6.92 38.37 -9.67 23.26 3.39
1684259173681133 0.00 0.00 0.00 0.00 20.73 8.97 24.03 7.24 48.06 38.28 33.43 9.54
1684259173698540 0.00 0.00 0.00 0.00 19.48 7.72 23.25 7.24 63.29 -18.22 44.71 7.25
1684259173713697 0.00 0.00 0.00 0.00 18.23 6.48 22.15 7.09 51.77 -0.18 48.73 8.45
1684259173729656 0.00 0.00 0.00 0.00 15.73 7.73 20.90 7.09 68.81 9.56 56.14 10.83
1684259173746091 0.00 0.00 0.00 0.00 14.48 6.49 19.64 6.94 76.30 -0.24 61.70 6.85
1684259173762338 0.00 0.00 0.00 0.00 14.48 7.74 18.55 6.94 77.09 9.39 61.53 9.68
1684259173778656 0.00 0.00 0.00 0.00 10.74 1.48 16.99 6.01 67.15 -0.20 61.36 3.59
1684259173794916 0.00 0.00 0.00 0.00 11.98 6.49 15.73 6.64 96.05 57.49 68.57 11.99
1684259173810931 0.00 0.00 0.00 0.00 10.74 5.24 14.48 6.17 78.29 -39.39 72.35 2.28
1684259173831940 0.00 0.00 0.00 0.00 11.98 6.49 13.55 6.02 59.45 22.18 71.87 7.33
1684259173845568 0.00 0.00 0.00 0.00 10.74 6.49 12.61 6.02 68.77 11.30 73.99 8.76
1684259173861417 0.00 0.00 0.00 0.00 10.74 6.49 11.98 5.87 59.12 -0.14 72.78 7.55
1684259173876213 0.00 0.00 0.00 0.00 11.99 5.24 11.67 5.71 42.17 10.47 68.51 8.89
1684259173892731 0.00 0.00 0.00 0.00 10.74 6.49 11.20 5.55 18.88 9.43 61.24 8.89
1684259173911021 0.00 0.00 0.00 0.00 9.49 6.50 11.05 6.18 25.57 8.49 56.04 9.98
1684259173924364 0.00 0.00 0.00 0.00 9.49 6.50 10.74 6.18 11.77 -46.95 45.50 -3.08
1684259173942340 0.00 0.00 0.00 0.00 9.49 6.50 10.58 6.34 17.35 -0.03 37.88 1.84
1684259173959986 0.00 0.00 0.00 0.00 10.74 6.49 10.42 6.34 8.85 -8.87 31.56 -2.04
1684259173973825 0.00 0.00 0.00 0.00 10.74 5.24 10.42 6.18 11.27 -0.02 24.37 -3.45
1684259173989819 0.00 0.00 0.00 0.00 10.74 6.49 10.42 6.18 -0.02 9.78 16.98 -2.21
1684259174005161 0.00 0.00 0.00 0.00 11.99 3.99 10.42 6.02 0.00 0.00 11.71 -3.52
1684259174020974 0.00 0.00 0.00 0.00 11.99 3.99 10.58 5.71 -0.02 9.90 9.35 -3.46
1684259174037493 0.00 0.00 0.00 0.00 13.23 5.24 11.05 5.55 -9.48 18.96 4.96 -2.16
1684259174053993 0.00 0.00 0.00 0.00 14.48 5.23 11.67 5.40 -28.38 9.53 -0.05 4.90
1684259174070525 0.00 0.00 0.00 0.00 15.73 5.23 12.45 5.24 -37.76 9.53 -6.94 6.10
1684259174086548 0.00 0.00 0.00 0.00 15.73 5.23 13.08 5.08 -48.72 9.86 -14.14 8.44
1684259174102906 0.00 0.00 0.00 0.00 16.99 3.97 13.86 4.92 -38.19 9.65 -20.32 9.65
1684259174118803 0.00 0.00 0.00 0.00 18.23 6.48 14.80 4.92 -49.15 9.97 -26.46 9.67
1684259174135328 0.00 0.00 0.00 0.00 20.74 5.21 15.89 5.07 -56.70 0.14 -33.55 9.69
1684259174151714 0.00 0.00 0.00 0.00 19.49 3.97 16.83 5.07 -66.78 -9.35 -41.90 7.28
1684259174168558 0.00 0.00 0.00 0.00 22.00 5.21 17.93 5.07 -55.70 0.17 -47.67 4.94
1684259174183638 0.00 0.00 0.00 0.00 22.00 5.21 18.86 5.06 -72.64 0.23 -53.21 3.77
1684259174200382 0.00 0.00 0.00 0.00 23.26 3.95 19.81 4.90 -56.10 0.19 -55.50 2.61
1684259174216986 0.00 0.00 0.00 0.00 23.25 5.21 20.75 4.90 -56.65 9.64 -56.49 2.58
1684259174232334 0.00 0.00 0.00 0.00 23.26 3.95 21.53 4.90 -61.25 0.22 -59.37 1.40
1684259174250131 0.00 0.00 0.00 0.00 24.52 3.95 22.31 4.58 -44.04 0.17 -58.73 0.17
1684259174266319 0.00 0.00 0.00 0.00 25.77 3.94 22.94 4.42 -48.52 19.54 -57.71 2.60
1684259174281427 0.00 0.00 0.00 0.00 25.77 5.19 23.73 4.58 -41.63 10.55 -54.57 5.09
1684259174297879 0.00 0.00 0.00 0.00 27.03 3.93 24.36 4.42 -47.68 -9.33 -53.56 3.90
1684259174314153 0.00 0.00 0.00 0.00 25.77 3.94 24.83 4.26 -38.68 9.80 -49.32 5.10
1684259174332695 0.00 0.00 0.00 0.00 25.77 3.94 25.14 4.26 -25.46 8.56 -45.49 6.14
1684259174346429 0.00 0.00 0.00 0.00 27.03 3.93 25.62 4.10 -22.89 0.10 -41.27 4.95
1684259174365041 0.00 0.00 0.00 0.00 25.78 2.68 25.93 3.94 -25.39 8.54 -36.79 5.99
1684259174378679 0.00 0.00 0.00 0.00 23.26 3.95 25.77 3.94 -23.11 11.61 -34.17 7.42
1684259174396926 0.00 0.00 0.00 0.00 24.53 1.43 25.62 3.63 8.61 -0.04 -27.03 4.97
1684259174411881 0.00 0.00 0.00 0.00 22.01 1.45 25.15 3.16 10.42 20.95 -20.52 6.27
1684259174428617 0.00 0.00 0.00 0.00 23.27 1.44 24.68 2.85 28.05 28.00 -11.06 10.94
1684259174450113 0.00 0.00 0.00 0.00 23.27 1.44 24.37 2.53 21.89 14.51 -3.49 11.53
1684259174461949 0.00 0.00 0.00 0.00 25.79 1.43 24.37 2.22 26.45 26.41 3.00 13.76
1684259174476987 0.00 0.00 0.00 0.00 23.28 0.18 23.90 1.75 -0.10 20.88 5.85 16.36
1684259174493495 0.00 0.00 0.00 0.00 22.02 -1.07 23.43 1.28 28.45 28.41 12.58 18.84
1684259174509517 0.00 0.00 0.00 0.00 22.02 0.19 23.27 0.81 29.29 29.28 19.13 21.05
1684259174528413 0.00 0.00 0.00 0.00 22.02 -1.07 22.96 0.50 8.20 24.89 19.08 24.17
1684259174543337 0.00 0.00 0.00 0.00 22.02 -1.07 22.96 0.18 20.96 20.96 20.40 24.17
1684259174558689 0.00 0.00 0.00 0.00 19.54 -7.36 22.50 -0.92 -0.10 20.48 16.88 23.23
1684259174575037 0.00 0.00 0.00 0.00 19.51 -1.06 22.03 -1.23 28.50 67.30 17.71 29.83
1684259174590121 0.00 0.00 0.00 0.00 19.52 -2.32 21.24 -1.70 31.13 20.70 18.29 29.11
1684259174606313 0.00 0.00 0.00 0.00 19.52 -2.32 20.77 -2.01 48.38 28.90 24.35 30.11
1684259174622923 0.00 0.00 0.00 0.00 19.52 -2.32 20.46 -2.16 28.27 18.81 24.33 28.91
1684259174638597 0.00 0.00 0.00 0.00 17.01 -2.31 19.83 -2.48 19.98 9.95 23.17 26.50
1684259174654958 0.00 0.00 0.00 0.00 15.76 -2.30 19.05 -2.63 38.26 19.06 26.92 25.77
1684259174671738 0.00 0.00 0.00 0.00 15.76 -2.30 18.27 -2.78 46.69 9.18 30.14 24.29
1684259174688375 0.00 0.00 0.00 0.00 15.76 -2.30 17.79 -2.15 47.09 9.25 36.04 22.89
1684259174703851 0.00 0.00 0.00 0.00 15.76 -2.30 17.32 -2.31 30.57 -40.87 36.29 9.37
1684259174720480 0.00 0.00 0.00 0.00 15.76 -2.30 16.85 -2.31 28.23 9.35 35.93 7.95
1684259174739120 0.00 0.00 0.00 0.00 15.75 -1.04 16.38 -2.15 25.22 -0.10 33.04 4.33
1684259174752701 0.00 0.00 0.00 0.00 15.76 -2.30 15.91 -2.14 34.66 -11.72 33.84 0.51
1684259174769477 0.00 0.00 0.00 0.00 14.49 1.47 15.60 -1.67 28.03 -0.11 34.84 -0.75
1684259174785213 0.00 0.00 0.00 0.00 15.76 -2.30 15.60 -1.67 20.00 -30.03 32.56 -6.88
1684259174801470 0.00 0.00 0.00 0.00 15.76 -2.30 15.60 -1.67 0.00 0.00 26.72 -8.03
1684259174818164 0.00 0.00 0.00 0.00 15.75 0.21 15.60 -1.36 0.00 0.00 20.84 -9.19
1684259174834558 0.00 0.00 0.00 0.00 15.75 -1.04 15.60 -1.20 0.07 -19.18 17.03 -6.48
1684259174852262 0.00 0.00 0.00 0.00 17.01 -1.05 15.75 -1.04 0.03 -8.88 13.50 -8.75
1684259174866650 0.00 0.00 0.00 0.00 15.75 -1.04 15.75 -1.04 -10.84 -10.89 8.99 -10.10
1684259174884679 0.00 0.00 0.00 0.00 15.75 -1.04 15.75 -0.89 -0.00 0.00 4.66 -8.64
1684259174900732 0.00 0.00 0.00 0.00 15.75 -1.04 15.91 -1.20 0.04 -9.80 1.16 -9.85
1684259174915291 0.00 0.00 0.00 0.00 17.00 0.21 16.07 -0.89 -10.82 21.61 -2.69 -3.39
1684259174933666 0.00 0.00 0.00 0.00 15.75 0.21 16.06 -0.57 -8.46 -17.08 -3.75 -5.53
1684259174948675 0.00 0.00 0.00 0.00 17.00 0.21 16.22 -0.57 0.07 -20.95 -3.74 -8.15
1684259174964808 0.00 0.00 0.00 0.00 18.25 0.21 16.53 -0.42 -9.70 0.04 -4.96 -5.75
1684259174980693 0.00 0.00 0.00 0.00 19.51 0.20 16.85 -0.26 -19.68 -9.82 -7.42 -5.86
1684259174996673 0.00 0.00 0.00 0.00 18.25 0.21 17.16 -0.11 -19.57 -9.76 -8.52 -5.72
1684259175011864 0.00 0.00 0.00 0.00 18.25 0.21 17.47 0.05 -20.58 -10.27 -11.09 -7.00
1684259175028172 0.00 0.00 0.00 0.00 22.01 1.45 18.25 0.36 -19.17 -9.56 -13.49 -6.97
1684259175045563 0.00 0.00 0.00 0.00 19.50 1.46 18.57 0.52 -44.99 -17.88 -17.76 -11.91
1684259175060881 0.00 0.00 0.00 0.00 22.02 0.19 19.35 0.51 -20.42 -10.17 -19.26 -11.05
1684259175077327 0.00 0.00 0.00 0.00 23.31 -6.12 20.14 -0.28 -47.66 0.20 -25.22 -8.40
1684259175093581 0.00 0.00 0.00 0.00 22.01 1.45 20.61 -0.12 -48.50 48.66 -30.07 -2.33
1684259175109291 0.00 0.00 0.00 0.00 22.01 1.45 20.92 0.03 -29.91 -9.87 -31.35 -2.33
1684259175126812 0.00 0.00 0.00 0.00 20.76 1.45 21.24 0.19 -17.87 -8.89 -31.14 -2.22
1684259175145534 0.00 0.00 0.00 0.00 24.53 1.43 22.02 0.34 -16.71 -8.32 -30.65 -1.98
1684259175160694 0.00 0.00 0.00 0.00 22.01 2.70 22.02 0.50 -51.72 -10.13 -34.72 -2.05
1684259175176904 0.00 0.00 0.00 0.00 22.02 0.19 22.33 0.34 0.04 -9.69 -29.09 -1.03
1684259175191221 0.00 0.00 0.00 0.00 23.28 0.18 22.49 0.34 -21.97 11.07 -29.29 1.63
1684259175207443 0.00 0.00 0.00 0.00 22.01 1.45 22.33 1.29 -9.68 0.05 -24.54 1.61
1684259175222876 0.00 0.00 0.00 0.00 22.01 1.45 22.33 1.29 10.48 -61.25 -17.17 -12.13
1684259175239524 0.00 0.00 0.00 0.00 23.27 1.44 22.49 1.29 0.00 0.00 -13.43 -10.89
1684259175256747 0.00 0.00 0.00 0.00 20.75 2.71 22.48 1.44 -9.12 0.04 -12.34 -9.78
1684259175273659 0.00 0.00 0.00 0.00 22.01 1.45 22.17 1.44 0.04 -9.28 -10.24 -9.90
1684259175288268 0.00 0.00 0.00 0.00 22.01 1.45 22.17 1.29 21.51 -0.10 -1.09 -8.65
1684259175308382 0.00 0.00 0.00 0.00 23.26 2.70 22.33 1.60 -0.03 7.81 -1.10 -6.46
1684259175320565 0.00 0.00 0.00 0.00 20.75 2.71 22.01 1.92 -12.77 -25.72 0.05 -11.06
1684259175337431 0.00 0.00 0.00 0.00 20.76 1.45 21.85 1.92 18.70 -18.71 3.60 -13.40
1684259175353471 0.00 0.00 0.00 0.00 20.75 2.71 21.70 2.07 9.79 -0.04 3.51 -5.75
1684259175371407 0.00 0.00 0.00 0.00 19.50 1.46 21.23 2.08 8.79 -8.79 4.61 -6.85
1684259175386049 0.00 0.00 0.00 0.00 19.50 1.46 21.07 1.92 32.16 -0.14 9.77 -6.87
1684259175402599 0.00 0.00 0.00 0.00 19.50 1.46 20.76 1.92 9.44 9.44 10.95 -4.53
1684259175418142 0.00 0.00 0.00 0.00 20.75 2.71 20.60 2.08 20.19 -0.09 10.78 -4.53
1684259175435912 0.00 0.00 0.00 0.00 18.25 1.46 19.97 1.93 8.87 -8.87 11.89 -6.62
1684259175451618 0.00 0.00 0.00 0.00 18.25 1.46 19.66 1.77 39.91 9.82 18.48 -2.17
1684259175467156 0.00 0.00 0.00 0.00 17.00 1.47 19.19 1.77 20.14 10.02 18.66 1.42
1684259175483504 0.00 0.00 0.00 0.00 15.74 1.47 18.56 1.62 28.76 -0.12 21.03 1.41
1684259175502796 0.00 0.00 0.00 0.00 14.50 0.22 17.94 1.46 32.45 8.01 23.99 3.51
1684259175515818 0.00 0.00 0.00 0.00 15.75 0.21 17.47 1.31 48.05 11.88 25.97 5.01
1684259175532513 0.00 0.00 0.00 0.00 15.75 0.21 17.00 1.15 28.11 9.30 28.31 4.99
1684259175548633 0.00 0.00 0.00 0.00 15.75 0.21 16.37 0.84 29.11 9.63 29.42 6.21
1684259175566754 0.00 0.00 0.00 0.00 15.74 1.47 16.06 0.84 34.51 17.19 32.63 9.47
1684259175580782 0.00 0.00 0.00 0.00 15.74 2.73 15.75 1.00 22.32 -0.08 30.43 8.23
1684259175598761 0.00 0.00 0.00 0.00 17.00 1.47 15.75 1.00 17.44 -8.79 30.09 5.88
1684259175613526 0.00 0.00 0.00 0.00 16.99 3.97 15.90 1.31 0.00 0.00 26.50 5.89
1684259175630409 0.00 0.00 0.00 0.00 15.75 0.21 16.06 1.31 -9.20 -18.54 21.29 2.57
1684259175646019 0.00 0.00 0.00 0.00 15.74 1.47 16.06 1.47 -10.02 0.03 14.03 1.09
1684259175662854 0.00 0.00 0.00 0.00 14.50 0.22 15.90 1.47 0.03 -9.33 10.52 -1.24
1684259175682077 0.00 0.00 0.00 0.00 15.75 0.21 15.90 1.47 8.14 -0.03 7.90 -2.44
1684259175694817 0.00 0.00 0.00 0.00 15.75 0.21 15.90 1.31 0.00 0.00 3.59 -4.59
1684259175710322 0.00 0.00 0.00 0.00 15.75 0.21 15.90 1.00 -0.03 10.13 0.79 -3.32
1684259175726749 0.00 0.00 0.00 0.00 15.75 0.21 15.75 0.84 -0.06 19.11 -1.39 0.17
1684259175743098 0.00 0.00 0.00 0.00 17.00 1.47 15.75 0.53 9.54 9.57 -0.20 1.37
1684259175764322 0.00 0.00 0.00 0.00 15.75 0.21 15.75 0.53 -0.05 14.78 0.94 5.53
1684259175776369 0.00 0.00 0.00 0.00 17.00 0.21 15.90 0.37 0.00 0.00 2.20 5.53
1684259175792840 0.00 0.00 0.00 0.00 15.75 0.21 16.06 0.37 -9.54 9.57 1.00 7.89
1684259175808422 0.00 0.00 0.00 0.00 15.74 1.47 16.06 0.53 -10.04 0.03 -1.27 7.90
1684259175824629 0.00 0.00 0.00 0.00 15.74 1.47 16.06 0.68 0.03 -9.69 -1.27 6.69
1684259175840885 0.00 0.00 0.00 0.00 15.75 0.21 16.06 0.68 0.03 -9.66 -1.26 4.21
1684259175857501 0.00 0.00 0.00 0.00 18.25 0.21 16.37 0.68 0.00 0.00 -1.25 1.83
1684259175874106 0.00 0.00 0.00 0.00 18.25 0.21 16.53 0.53 -18.86 0.07 -4.80 0.64
1684259175894957 0.00 0.00 0.00 0.00 19.51 0.20 17.00 0.52 -7.54 7.56 -5.74 -0.26
1684259175909130 0.00 0.00 0.00 0.00 18.25 0.21 17.16 0.52 -33.16 0.13 -9.88 -0.25
1684259175921957 0.00 0.00 0.00 0.00 20.76 1.45 17.78 0.68 -12.21 0.05 -10.22 -1.44
1684259175939056 0.00 0.00 0.00 0.00 20.74 5.21 18.41 1.15 -36.61 -9.04 -13.54 -2.57
1684259175955211 0.00 0.00 0.00 0.00 19.50 1.46 18.88 1.14 -38.67 -28.97 -18.38 -4.98
1684259175972210 0.00 0.00 0.00 0.00 19.50 1.46 19.35 1.30 -27.64 0.10 -21.84 -3.76
1684259175987174 0.00 0.00 0.00 0.00 20.76 1.45 19.66 1.45 -31.36 -10.37 -25.76 -5.06
1684259176003198 0.00 0.00 0.00 0.00 20.76 1.45 19.97 1.61 -19.53 -9.72 -25.84 -6.28
1684259176019217 0.00 0.00 0.00 0.00 19.50 2.71 19.97 1.92 -19.53 -9.72 -27.34 -8.44
1684259176034914 0.00 0.00 0.00 0.00 22.01 1.45 20.44 2.08 0.08 -20.00 -23.18 -10.96
1684259176051796 0.00 0.00 0.00 0.00 20.76 1.45 20.44 2.08 -27.83 -9.18 -25.14 -12.11
1684259176068367 0.00 0.00 0.00 0.00 18.25 1.46 20.13 1.61 0.00 0.00 -20.56 -10.98
1684259176084085 0.00 0.00 0.00 0.00 19.50 2.71 20.13 1.77 19.83 29.85 -13.25 -3.63
1684259176102577 0.00 0.00 0.00 0.00 19.50 2.71 20.13 1.92 0.03 -8.49 -9.79 -4.71
1684259176116167 0.00 0.00 0.00 0.00 18.25 1.46 19.82 1.93 0.05 -11.55 -5.86 -4.85
1684259176132938 0.00 0.00 0.00 0.00 18.24 3.97 19.50 2.24 18.69 -0.08 -1.09 -3.65
1684259176149062 0.00 0.00 0.00 0.00 18.25 0.21 19.34 1.93 19.52 -19.53 3.80 -4.87
1684259176165528 0.00 0.00 0.00 0.00 17.00 1.47 18.72 1.93 9.44 19.03 4.97 0.01
1684259176182759 0.00 0.00 0.00 0.00 15.74 1.47 18.09 1.93 36.39 -0.15 12.99 1.14
1684259176201174 0.00 0.00 0.00 0.00 15.74 2.73 17.78 2.09 34.03 -0.13 17.25 1.12
1684259176213832 0.00 0.00 0.00 0.00 14.49 1.47 17.15 1.94 24.77 -12.48 17.87 -4.17
1684259176230343 0.00 0.00 0.00 0.00 15.74 1.47 16.68 1.78 37.89 9.37 22.60 -1.94
1684259176246549 0.00 0.00 0.00 0.00 15.74 3.98 16.37 2.10 28.95 9.57 26.21 0.70
1684259176263838 0.00 0.00 0.00 0.00 14.49 1.47 15.90 1.78 18.17 -18.20 26.14 -1.57
1684259176278962 0.00 0.00 0.00 0.00 14.49 1.47 15.43 1.94 30.96 20.63 27.58 3.45
1684259176295669 0.00 0.00 0.00 0.00 13.24 1.48 14.96 1.94 28.14 -9.50 29.91 -0.11
1684259176310975 0.00 0.00 0.00 0.00 13.24 1.48 14.65 1.94 30.65 -0.10 29.19 -0.10
1684259176327705 0.00 0.00 0.00 0.00 13.25 0.22 14.34 1.63 18.69 -0.06 27.28 -0.09
1684259176344104 0.00 0.00 0.00 0.00 13.24 2.73 14.18 1.79 19.01 19.08 26.56 3.85
1684259176361591 0.00 0.00 0.00 0.00 12.00 0.23 13.71 1.63 8.96 -8.99 22.94 1.55
1684259176377730 0.00 0.00 0.00 0.00 13.25 0.22 13.40 1.16 29.03 9.64 22.95 1.56
1684259176394401 0.00 0.00 0.00 0.00 12.01 -6.07 13.09 0.22 18.67 28.17 23.01 7.36
1684259176409938 0.00 0.00 0.00 0.00 13.25 0.22 12.93 0.06 19.96 60.71 21.64 12.37
1684259176425142 0.00 0.00 0.00 0.00 13.24 1.48 12.93 0.06 10.25 10.29 19.40 14.84
1684259176443321 0.00 0.00 0.00 0.00 10.75 0.23 12.62 -0.09 0.00 0.00 15.57 14.85
1684259176462735 0.00 0.00 0.00 0.00 12.00 0.23 12.47 -0.09 16.07 8.05 15.24 15.87
1684259176475001 0.00 0.00 0.00 0.00 13.25 -1.03 12.47 -0.56 12.74 -0.03 14.46 13.48
1684259176490615 0.00 0.00 0.00 0.00 11.99 1.48 12.47 -0.41 -0.08 30.16 13.33 18.37
1684259176506865 0.00 0.00 0.00 0.00 14.50 -1.04 12.62 -0.56 0.02 -9.66 9.70 15.96
1684259176523394 0.00 0.00 0.00 0.00 14.50 -1.04 12.94 0.07 -9.49 9.53 6.18 13.63
1684259176538920 0.00 0.00 0.00 0.00 13.25 0.22 12.94 0.07 -20.03 -40.51 1.19 0.98
1684259176556573 0.00 0.00 0.00 0.00 13.25 -1.03 12.94 -0.25 0.00 0.00 -0.10 -0.31
1684259176572858 0.00 0.00 0.00 0.00 13.24 2.73 13.25 0.06 -0.05 19.29 -0.10 2.10
1684259176587893 0.00 0.00 0.00 0.00 12.00 0.23 13.25 0.06 -20.73 -20.82 -4.70 -1.51
1684259176604935 0.00 0.00 0.00 0.00 13.25 -1.03 13.25 0.06 0.00 0.00 -6.30 -1.50
1684259176620450 0.00 0.00 0.00 0.00 13.25 0.22 13.40 -0.09 0.00 0.00 -6.29 -5.27
1684259176637937 0.00 0.00 0.00 0.00 14.50 -1.04 13.40 -0.09 -8.96 9.00 -7.41 -2.94
1684259176652384 80.00 0.00 0.00 0.00 13.25 -1.03 13.25 -0.09 -0.00 0.00 -6.22 -4.13
1684259176674239 80.00 0.00 0.00 0.00 13.25 0.22 13.25 -0.09 7.16 -0.02 -2.82 0.93
1684259176686225 80.00 0.00 0.00 0.00 14.50 -1.04 13.40 -0.09 -0.00 0.00 -2.82 0.93
1684259176702464 80.00 0.00 0.00 0.00 14.50 -1.04 13.56 -0.56 -9.63 0.03 -4.02 -1.48
1684259176718271 80.00 0.00 0.00 0.00 14.50 0.22 13.87 -0.57 -9.98 29.82 -2.68 4.85
1684259176733986 80.00 0.00 0.00 0.00 14.49 1.47 14.03 -0.25 -19.89 0.06 -5.16 4.86
1684259176750257 80.00 0.00 0.00 0.00 17.01 -1.05 14.50 -0.41 -9.55 -19.28 -6.36 2.45
1684259176766855 80.00 0.00 0.00 0.00 15.75 0.21 14.66 -0.25 -28.31 9.56 -8.78 2.52
1684259176782982 80.00 0.00 0.00 0.00 17.00 0.21 15.12 -0.10 -9.67 -9.71 -9.98 1.31
1684259176799558 80.00 0.00 0.00 0.00 17.00 0.21 15.59 -0.10 -28.29 -9.39 -14.41 0.14
1684259176815711 80.00 0.00 0.00 0.00 19.50 1.46 16.22 0.21 -29.05 0.10 -18.05 0.15
1684259176832398 80.00 0.00 0.00 0.00 19.51 0.20 16.84 0.37 -37.47 -18.69 -21.53 -2.19
1684259176850269 80.00 0.00 0.00 0.00 20.76 0.19 17.63 0.36 -35.02 -8.66 -24.66 -7.00
1684259176872429 80.00 0.00 0.00 0.00 22.02 0.19 18.57 0.20 -35.34 0.14 -26.59 -6.99
1684259176884414 80.00 0.00 0.00 0.00 23.28 0.18 19.35 0.36 -78.49 13.41 -35.20 -2.90
1684259176897874 80.00 0.00 0.00 0.00 23.28 0.18 20.29 0.35 -58.23 -11.42 -38.94 -5.53
1684259176913169 80.00 0.00 0.00 0.00 25.79 0.17 21.39 0.35 -61.51 0.26 -45.42 -4.28
1684259176929879 80.00 0.00 0.00 0.00 27.05 0.16 22.65 0.34 -65.76 0.30 -50.11 -3.07
1684259176945973 80.00 0.00 0.00 0.00 28.31 1.41 23.75 0.34 -78.06 0.36 -56.23 -3.04
1684259176962019 80.00 0.00 0.00 0.00 30.84 0.14 25.16 0.33 -68.58 0.32 -60.12 -0.66
1684259176979956 80.00 0.00 0.00 0.00 32.09 1.40 26.58 0.48 -78.94 0.39 -65.61 0.47
1684259176994871 80.00 0.00 0.00 0.00 35.85 8.92 28.31 1.57 -94.95 -10.07 -73.06 -0.81
1684259177011286 80.00 0.00 0.00 0.00 32.09 1.40 29.41 1.72 -105.35 -66.48 -76.42 -10.79
1684259177026229 80.00 0.00 0.00 0.00 35.89 0.12 30.99 1.72 -73.75 -10.15 -78.36 -10.63
1684259177041503 80.00 0.00 0.00 0.00 38.41 1.37 32.57 1.87 -103.23 0.51 -83.58 -10.60
1684259177060149 80.00 0.00 0.00 0.00 38.38 10.17 33.98 3.12 -84.60 -8.03 -85.93 -11.64
1684259177074376 80.00 0.00 0.00 0.00 40.93 5.13 35.56 3.58 -99.55 -87.89 -88.62 -22.68
1684259177091165 80.00 0.00 0.00 0.00 44.73 -3.68 37.30 3.10 -93.99 -27.68 -91.80 -26.18
1684259177110461 80.00 0.00 0.00 0.00 43.46 5.13 38.72 3.57 -89.99 24.74 -93.18 -23.13
1684259177123576 80.00 0.00 0.00 0.00 48.49 0.10 40.30 2.47 -108.33 -35.56 -94.85 -26.32
1684259177139713 80.00 0.00 0.00 0.00 49.73 -3.66 42.50 1.83 -97.90 68.34 -93.92 -9.47
1684259177155799 80.00 0.00 0.00 0.00 47.24 10.15 43.92 3.09 -137.05 39.31 -101.83 -3.28
1684259177172189 80.00 0.00 0.00 0.00 53.50 8.90 45.81 4.03 -86.55 -76.50 -99.75 -12.91
1684259177188654 80.00 0.00 0.00 0.00 54.75 11.41 47.85 4.18 -114.59 -57.16 -103.49 -19.05
1684259177204896 80.00 0.00 0.00 0.00 54.75 8.90 49.58 4.66 -125.99 -9.58 -106.80 -9.26
1684259177221476 80.00 0.00 0.00 0.00 54.63 -7.36 50.82 4.19 -104.18 -28.40 -108.07 -9.35
1684259177236908 80.00 0.00 0.00 0.00 55.93 0.13 52.38 3.57 -80.19 29.86 -106.85 -8.71
1684259177253451 80.00 0.00 0.00 0.00 54.75 8.90 53.16 4.67 -94.27 37.72 -105.09 0.45
1684259177274259 80.00 0.00 0.00 0.00 57.19 3.90 54.09 5.62 -37.57 -52.88 -97.55 -14.70
1684259177286290 80.00 0.00 0.00 0.00 57.16 0.15 55.33 4.37 -77.51 -78.54 -90.11 -29.44
1684259177302645 80.00 0.00 0.00 0.00 58.23 -8.54 55.92 2.19 -75.82 76.46 -88.77 -10.31
1684259177318476 80.00 0.00 0.00 0.00 57.20 6.40 56.23 1.56 -37.34 137.65 -79.11 14.04
1684259177334582 80.00 0.00 0.00 0.00 57.20 6.40 56.54 1.25 -19.03 38.88 -65.74 20.09
1684259177350920 80.00 0.00 0.00 0.00 59.64 5.17 57.16 2.81 -18.80 19.11 -55.07 26.03
1684259177367517 80.00 0.00 0.00 0.00 59.55 -2.31 57.62 2.51 -37.74 -94.37 -49.76 10.50
1684259177384145 80.00 0.00 0.00 0.00 59.66 7.67 58.23 2.35 -27.18 18.41 -41.37 8.09
1684259177403845 80.00 0.00 0.00 0.00 64.39 2.74 59.13 2.21 -31.15 7.81 -40.57 15.68
1684259177419790 80.00 0.00 0.00 0.00 60.83 3.93 59.59 2.68 -56.47 9.11 -37.94 26.63
1684259177433253 80.00 0.00 0.00 0.00 64.00 -12.03 60.31 2.25 -34.14 -35.14 -32.73 12.68
1684259177448350 80.00 0.00 0.00 0.00 63.95 -13.24 61.15 -0.21 -47.72 28.90 -34.03 -0.91
1684259177464974 80.00 0.00 0.00 0.00 61.89 -4.75 61.74 -1.60 -50.70 147.68 -37.99 12.69
1684259177480584 80.00 0.00 0.00 0.00 64.20 -5.92 62.31 -2.99 -37.51 89.28 -40.33 21.46
1684259177497040 80.00 0.00 0.00 0.00 62.00 1.45 62.62 -2.52 -34.69 84.20 -39.94 43.78
1684259177513563 80.00 0.00 0.00 0.00 63.21 2.72 63.06 -3.14 -18.56 -28.51 -38.87 37.92
1684259177529438 80.00 0.00 0.00 0.00 65.32 -7.11 63.18 -4.37 -27.99 39.01 -38.47 41.82
1684259177545855 80.00 0.00 0.00 0.00 65.28 -8.33 63.73 -5.90 -7.09 74.94 -32.30 50.04
1684259177562605 80.00 0.00 0.00 0.00 64.27 -3.45 63.77 -4.83 -33.19 91.48 -32.18 65.87
1684259177578812 80.00 0.00 0.00 0.00 66.38 -9.50 64.07 -4.36 -2.09 -66.11 -26.48 54.00
1684259177594346 80.00 0.00 0.00 0.00 67.56 -8.24 64.78 -4.80 -19.56 -30.07 -22.58 31.78
1684259177612164 80.00 0.00 0.00 0.00 66.33 -10.71 65.04 -5.40 -39.78 24.49 -22.87 23.68
1684259177626910 80.00 0.00 0.00 0.00 67.73 -3.35 65.76 -6.00 -18.02 40.66 -20.79 18.24
1684259177646332 80.00 0.00 0.00 0.00 66.43 -8.28 66.16 -7.37 -36.86 30.95 -23.07 25.67
1684259177660718 80.00 0.00 0.00 0.00 67.56 -8.24 66.44 -7.51 -27.94 95.58 -23.07 32.74
1684259177676407 80.00 0.00 0.00 0.00 70.06 -0.83 67.04 -6.58 -17.81 9.02 -24.41 24.50
1684259177692555 80.00 0.00 0.00 0.00 68.63 -9.40 67.58 -7.32 -37.01 -58.05 -24.88 5.81
1684259177712891 80.00 0.00 0.00 0.00 68.68 -8.19 67.87 -7.16 -26.81 36.54 -27.97 18.64
1684259177724938 80.00 0.00 0.00 0.00 70.50 -15.25 68.24 -8.03 -23.90 -13.62 -28.52 20.69
1684259177744667 80.00 0.00 0.00 0.00 69.42 -15.32 68.63 -8.61 -18.64 44.43 -25.87 23.19
1684259177757420 80.00 0.00 0.00 0.00 70.95 -6.87 69.03 -9.05 -30.26 45.19 -27.40 23.75
1684259177773934 80.00 0.00 0.00 0.00 68.68 -8.19 69.31 -9.04 -24.39 26.64 -25.84 23.22
1684259177789808 80.00 0.00 0.00 0.00 69.79 -8.14 69.59 -9.02 -17.77 -0.76 -24.57 11.17
1684259177806410 80.00 0.00 0.00 0.00 71.05 -4.45 69.71 -9.48 -16.83 -0.76 -24.45 9.95
1684259177823015 80.00 0.00 0.00 0.00 71.57 -15.17 70.08 -10.20 -7.44 27.25 -20.75 20.61
1684259177839424 80.00 0.00 0.00 0.00 69.56 -12.94 70.19 -10.79 -22.42 43.98 -20.21 21.54
1684259177860573 80.00 0.00 0.00 0.00 71.99 -8.02 70.38 -9.89 -5.16 28.11 -17.86 26.76
1684259177872894 80.00 0.00 0.00 0.00 71.99 -8.02 70.70 -8.98 -15.07 -73.30 -17.42 12.04
1684259177887471 80.00 0.00 0.00 0.00 72.55 -16.26 70.90 -10.15 -22.04 -62.60 -16.39 -1.43
1684259177903721 80.00 0.00 0.00 0.00 73.12 -6.76 71.45 -9.97 -12.32 72.23 -14.88 4.27
1684259177920915 80.00 0.00 0.00 0.00 73.12 -6.76 71.87 -9.80 -32.30 -10.37 -16.70 3.07
1684259177938098 80.00 0.00 0.00 0.00 72.04 -6.82 71.99 -10.10 -24.23 -9.99 -17.62 1.91
1684259177952506 80.00 0.00 0.00 0.00 73.12 -6.76 72.19 -9.05 -8.61 20.57 -17.77 1.08
1684259177968293 80.00 0.00 0.00 0.00 73.18 -5.56 72.64 -8.12 -12.28 -66.58 -16.50 -12.74
1684259177985027 80.00 0.00 0.00 0.00 74.25 -5.50 72.92 -7.81 -27.09 -55.18 -19.24 -23.15
1684259178000533 80.00 0.00 0.00 0.00 73.23 -4.35 73.08 -7.35 -18.27 -20.33 -19.64 -16.53
1684259178016097 80.00 0.00 0.00 0.00 74.46 -0.67 73.32 -5.40 -10.03 -29.51 -18.14 -12.40
1684259178032294 80.00 0.00 0.00 0.00 76.36 -5.38 73.72 -5.23 -14.70 -120.37 -18.44 -36.47
1684259178058308 80.00 0.00 0.00 0.00 73.49 2.95 73.77 -4.01 -15.55 -6.63 -16.35 -36.00
1684259178071176 80.00 0.00 0.00 0.00 76.42 -4.18 74.32 -3.68 -3.56 -94.36 -13.76 -46.55
1684259178086289 80.00 0.00 0.00 0.00 77.52 -2.93 74.86 -3.20 -36.21 -21.79 -17.21 -51.85
1684259178100224 80.00 0.00 0.00 0.00 74.31 -4.30 75.01 -3.04 -39.41 -34.41 -20.60 -47.82
1684259178116144 80.00 0.00 0.00 0.00 75.61 1.81 75.18 -2.13 -8.85 -9.90 -18.32 -42.16
1684259178130190 80.00 0.00 0.00 0.00 78.54 -2.87 75.84 -1.95 -12.10 -65.04 -17.55 -47.75
1684259178146658 80.00 0.00 0.00 0.00 77.52 -2.93 76.22 -2.23 -40.31 -11.24 -21.34 -45.47
1684259178163165 80.00 0.00 0.00 0.00 75.37 -4.24 76.10 -2.09 -23.18 17.12 -22.40 -28.28
1684259178179037 80.00 0.00 0.00 0.00 78.12 -9.98 76.68 -3.70 7.79 -8.98 -19.48 -28.58
1684259178195765 80.00 0.00 0.00 0.00 78.54 -2.87 76.94 -3.54 -34.62 96.65 -23.36 -4.70
1684259178211820 80.00 0.00 0.00 0.00 77.40 -5.32 76.93 -3.84 -16.54 -10.25 -20.90 -3.26
1684259178228779 80.00 0.00 0.00 0.00 80.49 -3.93 77.70 -3.79 0.90 17.63 -15.86 3.25
1684259178244006 80.00 0.00 0.00 0.00 80.73 0.83 78.34 -3.91 -50.78 -2.99 -21.10 4.11
1684259178260451 80.00 0.00 0.00 0.00 80.43 -5.12 78.58 -4.19 -38.92 7.40 -24.46 13.17
1684259178276723 80.00 0.00 0.00 0.00 80.43 -5.12 78.94 -4.47 -14.46 17.27 -21.23 16.73
1684259178293102 80.00 0.00 0.00 0.00 81.73 0.89 79.73 -3.83 -22.20 16.71 -21.10 16.68
1684259178309246 80.00 0.00 0.00 0.00 81.34 -6.22 80.14 -3.36 -49.21 -39.71 -28.23 12.84
1684259178332236 80.00 0.00 0.00 0.00 82.31 -6.15 80.61 -3.77 -17.46 -20.45 -26.08 -1.80
1684259178344272 80.00 0.00 0.00 0.00 83.55 -1.37 81.38 -3.27 -39.07 34.03 -28.90 3.74
1684259178357757 80.00 0.00 0.00 0.00 83.18 -7.23 81.71 -3.69 -57.07 -36.61 -36.15 -3.04
1684259178373682 80.00 0.00 0.00 0.00 83.18 -7.23 82.02 -4.69 -21.09 25.89 -32.43 0.57
1684259178392808 80.00 0.00 0.00 0.00 84.21 -5.99 82.49 -4.80 -16.00 52.71 -29.57 6.23
1684259178406493 80.00 0.00 0.00 0.00 83.10 -8.39 82.82 -5.21 -34.59 7.94 -32.09 5.07
1684259178423740 80.00 0.00 0.00 0.00 84.04 -8.30 83.11 -6.36 -19.35 23.75 -31.73 5.94
1684259178440616 80.00 0.00 0.00 0.00 85.44 -1.24 83.63 -5.74 -17.11 68.08 -27.72 19.42
1684259178455896 80.00 0.00 0.00 0.00 84.97 -8.21 83.96 -6.00 -33.58 -40.78 -29.73 16.88
1684259178471190 80.00 0.00 0.00 0.00 84.97 -8.21 84.13 -6.85 -21.73 16.91 -27.57 14.74
1684259178487953 80.00 0.00 0.00 0.00 84.97 -8.21 84.36 -6.97 -10.53 51.04 -21.75 25.69
1684259178504330 80.00 0.00 0.00 0.00 84.97 -8.21 84.58 -7.10 -13.61 7.50 -20.81 23.40
1684259178520350 80.00 0.00 0.00 0.00 85.37 -13.81 84.73 -8.08 -13.92 7.67 -20.55 17.76
1684259178539708 80.00 0.00 0.00 0.00 85.79 -9.27 85.06 -8.18 -7.49 50.51 -17.16 23.09
1684259178552396 80.00 0.00 0.00 0.00 86.78 -8.03 85.40 -8.15 -26.50 8.62 -18.06 21.19
1684259178571811 80.00 0.00 0.00 0.00 87.90 -14.57 85.71 -9.82 -17.69 -1.78 -18.13 12.46
1684259178585756 80.00 0.00 0.00 0.00 86.37 -1.17 85.89 -8.94 -22.02 119.55 -16.69 32.50
1684259178602200 80.00 0.00 0.00 0.00 86.37 -12.57 86.06 -9.48 -10.65 -53.56 -15.30 23.69
1684259178618547 80.00 0.00 0.00 0.00 86.50 1.18 86.25 -8.31 -10.78 33.31 -15.33 21.48
1684259178634277 80.00 0.00 0.00 0.00 87.28 -1.10 86.54 -7.42 -12.17 -74.62 -15.15 11.21
1684259178650663 80.00 0.00 0.00 0.00 85.90 -17.04 86.61 -7.82 -17.64 -54.28 -15.62 3.47
1684259178666547 80.00 0.00 0.00 0.00 86.78 -8.03 86.74 -7.67 -4.21 25.41 -15.21 0.33
1684259178682584 80.00 0.00 0.00 0.00 87.15 -13.58 86.78 -8.36 -7.78 -9.66 -12.87 -1.95
1684259178700670 80.00 0.00 0.00 0.00 87.03 -14.69 86.67 -8.38 -2.50 38.36 -10.97 3.06
1684259178715292 80.00 0.00 0.00 0.00 84.68 2.24 86.46 -7.95 7.44 1.03 -7.29 -11.75
1684259178733472 80.00 0.00 0.00 0.00 86.26 -13.69 86.45 -8.09 11.56 -23.43 -4.51 -7.99
1684259178747366 80.00 0.00 0.00 0.00 87.13 -3.42 86.53 -8.66 1.01 10.11 -3.04 -10.88
1684259178764200 80.00 0.00 0.00 0.00 86.43 0.00 86.42 -8.53 -4.70 34.14 -2.10 2.71
1684259178780335 80.00 0.00 0.00 0.00 87.41 1.24 86.61 -6.24 6.55 -8.53 0.92 8.43
1684259178798055 80.00 0.00 0.00 0.00 85.68 3.48 86.47 -4.80 -10.64 -128.90 0.12 -10.86
1684259178812764 80.00 0.00 0.00 0.00 85.37 -2.41 86.25 -3.41 9.38 -97.78 2.26 -21.87
1684259178829785 80.00 0.00 0.00 0.00 86.66 4.71 86.20 -0.98 13.03 -82.04 4.20 -36.92
1684259178855902 80.00 0.00 0.00 0.00 86.37 -1.17 86.41 -1.41 1.75 -92.87 3.49 -48.66
1684259178869002 80.00 0.00 0.00 0.00 85.37 -2.41 86.30 0.00 -16.05 32.52 0.04 -41.67
1684259178881045 80.00 0.00 0.00 0.00 84.50 -1.30 85.97 0.27 9.25 -117.14 1.07 -57.58
1684259178894611 80.00 0.00 0.00 0.00 85.78 5.85 85.89 1.00 24.20 -19.53 4.68 -64.28
1684259178911822 80.00 0.00 0.00 0.00 85.44 -1.24 85.65 0.69 4.76 -42.46 4.46 -68.53
1684259178928290 80.00 0.00 0.00 0.00 84.74 3.43 85.53 0.68 14.95 18.78 7.66 -50.07
1684259178943322 80.00 0.00 0.00 0.00 85.51 -0.06 85.55 0.98 7.84 0.43 7.47 -37.79
1684259178959405 80.00 0.00 0.00 0.00 85.51 -0.06 85.40 0.38 -1.05 -18.23 5.71 -29.81
1684259178976951 80.00 0.00 0.00 0.00 85.73 4.66 85.32 1.11 8.23 34.01 6.52 -13.95
1684259178992179 80.00 0.00 0.00 0.00 85.57 1.11 85.35 1.55 5.22 -47.86 9.17 -24.00
1684259179006970 80.00 0.00 0.00 0.00 84.57 -0.13 85.35 1.70 -1.66 -29.78 7.81 -13.08
1684259179023648 80.00 0.00 0.00 0.00 85.63 2.29 85.34 1.25 -0.48 -8.83 4.73 -11.74
1684259179039352 80.00 0.00 0.00 0.00 85.51 -0.06 85.34 1.40 1.20 28.29 4.28 -2.90
1684259179056641 80.00 0.00 0.00 0.00 85.44 -1.24 85.43 0.81 -0.47 -8.49 2.35 -6.31
1684259179071809 80.00 0.00 0.00 0.00 85.30 -3.58 85.41 0.38 -5.80 38.42 0.65 -1.56
1684259179090000 80.00 0.00 0.00 0.00 85.68 3.48 85.43 0.82 1.43 24.15 0.96 3.74
1684259179104838 80.00 0.00 0.00 0.00 86.37 -1.17 85.51 0.09 -1.46 -29.82 -0.25 -4.24
1684259179124128 80.00 0.00 0.00 0.00 84.83 5.80 85.41 0.68 -4.12 37.78 -1.42 6.47
1684259179136983 80.00 0.00 0.00 0.00 86.56 2.35 85.66 0.99 7.17 -45.60 -0.32 4.49
1684259179154017 80.00 0.00 0.00 0.00 85.78 5.85 85.68 1.43 -14.59 -18.17 -2.08 3.32
1684259179169975 80.00 0.00 0.00 0.00 86.30 -2.34 85.78 1.15 -1.18 -27.84 -2.38 -3.70
1684259179186866 80.00 0.00 0.00 0.00 86.30 -2.34 85.89 1.01 -5.83 16.83 -3.05 -0.53
1684259179202723 80.00 0.00 0.00 0.00 87.21 -2.26 86.13 1.17 -6.73 8.67 -3.16 -4.25
1684259179218235 80.00 0.00 0.00 0.00 88.25 0.13 86.45 0.75 -15.37 -10.59 -5.26 -8.59
1684259179238290 80.00 0.00 0.00 0.00 87.58 4.76 86.60 1.50 -15.99 20.83 -7.08 -2.26
1684259179252517 80.00 0.00 0.00 0.00 87.13 -3.42 86.89 0.34 -10.66 -52.09 -7.90 -13.50
1684259179272018 80.00 0.00 0.00 0.00 86.61 3.53 86.89 0.49 -14.73 59.15 -10.64 -0.40
1684259179284073 80.00 0.00 0.00 0.00 88.13 -12.35 87.19 -1.79 -0.57 -12.22 -8.88 0.34
1684259179303481 80.00 0.00 0.00 0.00 87.13 -3.42 87.29 -1.92 -15.17 117.19 -10.63 18.47
1684259179315840 80.00 0.00 0.00 0.00 87.86 -5.65 87.49 -2.33 -8.44 10.99 -10.96 17.74
1684259179333079 80.00 0.00 0.00 0.00 85.68 3.48 87.30 -1.62 -11.34 24.00 -11.53 19.66
1684259179350544 80.00 0.00 0.00 0.00 87.77 -6.79 87.24 -2.48 10.92 -41.08 -8.25 15.85
1684259179365109 80.00 0.00 0.00 0.00 87.77 -6.79 87.26 -3.93 4.10 59.45 -5.74 20.67
1684259179381789 80.00 0.00 0.00 0.00 87.15 -13.58 87.26 -5.20 -1.42 86.57 -4.58 38.01
1684259179397778 80.00 0.00 0.00 0.00 86.88 -6.88 87.30 -6.50 -0.13 79.40 -2.76 40.54
1684259179415227 80.00 0.00 0.00 0.00 88.10 -2.19 87.29 -5.23 -1.91 74.59 -2.92 51.39
1684259179429485 80.00 0.00 0.00 0.00 86.88 -6.88 87.26 -5.66 0.26 -89.07 -0.99 25.61
1684259179445877 80.00 0.00 0.00 0.00 87.77 -6.79 87.25 -5.80 1.93 26.39 0.30 27.53
1684259179461920 80.00 0.00 0.00 0.00 87.77 -6.79 87.51 -7.09 0.70 8.93 1.81 25.65
1684259179479698 80.00 0.00 0.00 0.00 86.88 -6.88 87.40 -7.10 -14.68 72.20 -1.39 39.81
1684259179495233 80.00 0.00 0.00 0.00 86.88 -6.88 87.29 -7.11 7.18 0.73 -1.01 32.47
1684259179512905 80.00 0.00 0.00 0.00 88.18 -1.03 87.42 -5.54 6.31 0.64 -0.04 21.73
1684259179526967 80.00 0.00 0.00 0.00 86.88 -6.88 87.42 -5.54 -9.17 -111.58 -1.17 -2.15
1684259179543822 80.00 0.00 0.00 0.00 87.77 -6.79 87.37 -6.12 0.00 0.00 -0.93 -11.47
1684259179560806 80.00 0.00 0.00 0.00 86.56 2.35 87.33 -4.96 2.46 33.89 -0.66 3.90
1684259179575631 80.00 0.00 0.00 0.00 88.74 -5.56 87.45 -4.81 2.71 -77.86 -0.56 -9.13
1684259179592558 80.00 0.00 0.00 0.00 88.37 2.47 87.53 -3.65 -7.17 -9.11 -1.54 -11.39
1684259179608551 80.00 0.00 0.00 0.00 86.50 1.18 87.48 -2.64 -4.72 -72.37 -0.30 -29.46
1684259179625927 80.00 0.00 0.00 0.00 86.37 -1.17 87.42 -1.93 2.74 -57.97 -0.86 -36.80
1684259179641301 80.00 0.00 0.00 0.00 87.53 3.58 87.34 -1.35 4.15 -46.46 -1.13 -42.68
1684259179657102 80.00 0.00 0.00 0.00 87.21 -2.26 87.38 -0.78 5.14 -36.48 0.66 -33.30
1684259179674398 80.00 0.00 0.00 0.00 87.53 3.58 87.35 0.52 -2.38 -33.39 0.37 -37.47
1684259179692399 80.00 0.00 0.00 0.00 86.30 -2.34 87.32 -0.06 1.68 -72.05 0.27 -50.71
1684259179707100 80.00 0.00 0.00 0.00 86.37 -1.17 87.02 0.48 2.21 39.86 0.21 -36.00
1684259179722811 80.00 0.00 0.00 0.00 85.68 3.48 86.68 0.61 18.89 -34.92 3.46 -39.22
1684259179738539 80.00 0.00 0.00 0.00 86.56 2.35 86.69 0.76 21.40 -8.02 6.73 -31.18
1684259179755000 80.00 0.00 0.00 0.00 86.37 -1.17 86.69 0.76 -0.45 -8.93 6.33 -25.05
1684259179770987 80.00 0.00 0.00 0.00 86.37 -1.17 86.55 0.16 -0.00 0.00 5.81 -19.24
1684259179787497 80.00 0.00 0.00 0.00 86.71 5.89 86.48 1.18 8.79 35.98 6.27 -10.18
1684259179803039 80.00 0.00 0.00 0.00 85.37 -2.41 86.21 0.43 3.99 -65.60 7.06 -14.21
1684259179822960 80.00 0.00 0.00 0.00 85.44 -1.24 86.11 0.57 13.53 37.60 8.55 -0.50
1684259179835665 80.00 0.00 0.00 0.00 85.44 -1.24 85.99 0.56 8.40 -10.82 9.32 -6.84
1684259179852108 80.00 0.00 0.00 0.00 84.87 7.00 85.89 1.00 7.03 0.52 7.84 -2.41
1684259179868434 80.00 0.00 0.00 0.00 85.63 2.29 85.77 1.00 6.18 -26.95 5.93 -4.78
1684259179884820 80.00 0.00 0.00 0.00 85.73 4.66 85.69 1.72 7.08 0.43 6.88 -3.61
1684259179902552 80.00 0.00 0.00 0.00 86.61 3.53 85.73 2.31 4.48 -41.10 7.44 -8.74
1684259179917649 80.00 0.00 0.00 0.00 86.30 -2.34 85.67 1.28 -2.02 -38.90 6.08 -18.10
1684259179934501 80.00 0.00 0.00 0.00 86.61 3.53 85.83 2.03 3.07 61.04 5.97 -2.27
1684259179951159 80.00 0.00 0.00 0.00 84.79 4.61 85.75 2.76 -9.30 -44.56 3.12 -12.54
1684259179966560 80.00 0.00 0.00 0.00 86.06 -5.82 85.82 2.18 5.32 -47.49 2.73 -17.13
1684259179982565 80.00 0.00 0.00 0.00 86.43 0.00 86.02 1.31 -4.82 35.79 1.25 -12.72
1684259180000582 80.00 0.00 0.00 0.00 87.53 3.58 86.26 1.47 -10.82 48.53 -0.88 -3.28
1684259180013453 80.00 0.00 0.00 0.00 83.83 4.57 86.02 1.46 -18.46 -12.52 -4.07 -4.90
1684259180030923 80.00 0.00 0.00 0.00 86.22 -3.50 85.97 0.58 13.61 0.67 -2.93 0.32
1684259180047205 80.00 0.00 0.00 0.00 87.13 -3.42 86.07 0.44 3.00 53.97 -2.30 11.93
1684259180062145 80.00 0.00 0.00 0.00 86.22 -3.50 86.03 -0.43 -6.98 9.09 -3.56 5.44
1684259180078972 80.00 0.00 0.00 0.00 86.14 -4.66 86.19 -1.59 2.90 52.22 -2.03 17.53
1684259180098759 80.00 0.00 0.00 0.00 87.05 -4.58 86.32 -1.44 -8.56 58.60 -3.77 30.79
1684259180111332 80.00 0.00 0.00 0.00 89.22 -9.99 86.67 -2.69 -9.85 -12.32 -4.40 24.78
1684259180130220 80.00 0.00 0.00 0.00 87.13 -3.42 86.62 -3.56 -18.41 66.16 -5.34 26.98
1684259180144103 80.00 0.00 0.00 0.00 87.58 -9.07 87.09 -5.27 3.58 63.08 -2.59 36.43
1684259180161091 80.00 0.00 0.00 0.00 87.37 -11.33 87.23 -6.25 -27.58 100.36 -7.74 48.90
1684259180178318 80.00 0.00 0.00 0.00 88.13 -12.35 87.35 -7.36 -8.34 56.84 -9.16 49.25
1684259180193803 80.00 0.00 0.00 0.00 87.05 -4.58 87.46 -7.50 -8.10 72.04 -9.30 57.12
1684259180209347 80.00 0.00 0.00 0.00 86.96 -5.73 87.56 -7.63 -6.67 8.68 -10.49 51.68
1684259180228539 80.00 0.00 0.00 0.00 86.96 -5.73 87.55 -7.78 -5.36 6.98 -10.09 45.23
1684259180241612 80.00 0.00 0.00 0.00 86.96 -5.73 87.27 -7.24 0.81 11.03 -8.76 48.15
1684259180261082 80.00 0.00 0.00 0.00 86.61 3.53 87.20 -6.38 14.45 -27.36 -4.65 36.46
1684259180274153 80.00 0.00 0.00 0.00 87.13 -3.42 87.15 -5.67 4.96 -66.49 -4.48 20.26
1684259180290653 80.00 0.00 0.00 0.00 84.68 2.24 86.81 -3.97 3.39 -42.79 -0.61 2.37
1684259180310172 80.00 0.00 0.00 0.00 87.21 -2.26 86.70 -2.71 17.20 -86.93 2.58 -15.61
1684259180323105 80.00 0.00 0.00 0.00 84.79 4.61 86.41 -1.56 8.96 -97.47 4.72 -36.79
1684259180339198 80.00 0.00 0.00 0.00 87.47 2.41 86.48 -0.55 17.58 -71.41 7.75 -46.81
1684259180356759 80.00 0.00 0.00 0.00 86.37 -1.17 86.40 0.03 -3.60 -57.96 7.97 -54.92
1684259180372410 80.00 0.00 0.00 0.00 86.50 1.18 86.34 0.89 4.78 -36.46 8.47 -60.86
1684259180388679 80.00 0.00 0.00 0.00 85.97 -6.97 86.26 -0.42 3.60 -53.08 7.11 -64.07
1684259180404378 80.00 0.00 0.00 0.00 86.66 4.71 86.21 0.59 5.09 83.63 7.12 -45.31
1684259180420435 80.00 0.00 0.00 0.00 86.43 0.00 86.42 0.31 3.64 -63.32 7.16 -47.87
1684259180438707 80.00 0.00 0.00 0.00 85.78 5.85 86.25 1.33 -11.96 15.31 3.51 -35.09
1684259180452923 80.00 0.00 0.00 0.00 85.63 2.29 86.35 1.04 12.56 -71.32 3.96 -31.83
1684259180473942 80.00 0.00 0.00 0.00 86.75 7.08 86.26 1.62 -5.00 13.79 1.14 -21.18
1684259180487599 80.00 0.00 0.00 0.00 85.51 -0.06 86.15 1.76 6.57 -42.74 2.41 -19.27
1684259180501363 80.00 0.00 0.00 0.00 85.78 5.85 86.06 2.34 7.80 -10.05 2.79 -15.97
1684259180519267 80.00 0.00 0.00 0.00 85.78 5.85 86.04 3.95 5.02 -32.63 2.97 -13.42
1684259180535064 80.00 0.00 0.00 0.00 85.57 1.11 85.90 3.50 1.54 -101.46 2.52 -36.55
1684259180550488 80.00 0.00 0.00 0.00 85.78 5.85 85.82 4.23 8.86 29.14 3.18 -24.99
1684259180567040 80.00 0.00 0.00 0.00 85.63 2.29 85.80 3.78 4.95 -44.15 5.29 -32.43
1684259180586615 80.00 0.00 0.00 0.00 85.68 3.48 85.81 3.93 0.96 22.69 3.84 -20.67
1684259180600361 80.00 0.00 0.00 0.00 85.51 -0.06 85.65 3.04 -0.49 -10.75 4.40 -23.74
1684259180616164 80.00 0.00 0.00 0.00 84.29 -4.82 85.50 2.44 9.85 56.48 4.81 -11.34
1684259180632232 80.00 0.00 0.00 0.00 85.44 -1.24 85.46 1.56 9.49 37.01 5.02 -5.46
1684259180647836 80.00 0.00 0.00 0.00 86.50 1.18 85.55 0.97 2.69 56.76 4.73 5.72
1684259180664679 80.00 0.00 0.00 0.00 86.37 -1.17 85.65 0.69 -5.34 34.68 3.87 22.73
1684259180681725 80.00 0.00 0.00 0.00 85.37 -2.41 85.60 -0.34 -5.85 16.74 2.03 21.18
1684259180696477 80.00 0.00 0.00 0.00 86.30 -2.34 85.68 -0.92 3.43 69.96 1.84 35.45
1684259180713045 80.00 0.00 0.00 0.00 86.22 -3.50 85.75 -1.79 -5.04 34.94 1.09 36.98
1684259180728941 80.00 0.00 0.00 0.00 87.53 3.58 86.00 -1.34 -4.24 54.87 0.62 45.18
1684259180745819 80.00 0.00 0.00 0.00 85.37 -2.41 86.14 -1.04 -14.96 -27.00 -2.48 34.75
1684259180761567 80.00 0.00 0.00 0.00 83.83 4.57 85.93 -0.31 -8.61 -19.14 -4.74 27.73
1684259180778692 80.00 0.00 0.00 0.00 86.22 -3.50 85.90 -0.90 11.77 -42.37 -3.60 15.34
1684259180794156 80.00 0.00 0.00 0.00 86.14 -4.66 85.87 -1.33 2.23 37.80 -2.66 15.73
1684259180810985 80.00 0.00 0.00 0.00 86.96 -5.73 86.07 -1.75 1.67 25.94 -1.72 16.88
1684259180826758 80.00 0.00 0.00 0.00 86.96 -5.73 86.15 -2.17 -12.63 26.35 -3.73 11.42
1684259180843285 80.00 0.00 0.00 0.00 87.35 0.07 86.30 -1.73 -5.07 25.69 -3.73 10.27
1684259180860935 80.00 0.00 0.00 0.00 87.28 -1.10 86.26 -2.31 -7.97 -25.27 -4.20 0.25
1684259180878947 80.00 0.00 0.00 0.00 86.96 -5.73 86.46 -2.73 1.73 32.50 -2.11 7.69
1684259180892355 80.00 0.00 0.00 0.00 86.96 -5.73 86.86 -4.02 -14.85 31.00 -2.89 13.96
1684259180908721 80.00 0.00 0.00 0.00 86.06 -5.82 86.84 -4.31 -23.96 78.68 -7.36 29.09
1684259180925951 80.00 0.00 0.00 0.00 88.13 -12.35 87.08 -5.27 1.17 16.82 -7.49 26.46
1684259180942988 80.00 0.00 0.00 0.00 86.14 -4.66 86.98 -5.13 -14.61 56.39 -9.52 30.27
1684259180956921 80.00 0.00 0.00 0.00 85.14 -5.90 86.75 -5.15 7.39 -9.62 -7.02 25.77
1684259180972828 80.00 0.00 0.00 0.00 86.14 -4.66 86.60 -5.74 14.34 1.33 -4.60 22.73
1684259180989226 80.00 0.00 0.00 0.00 85.30 -3.58 86.36 -6.05 9.19 36.05 -2.45 30.39
1684259181004536 80.00 0.00 0.00 0.00 85.51 -0.06 86.17 -5.35 16.16 20.23 -0.65 28.86
1684259181021142 80.00 0.00 0.00 0.00 85.51 -0.06 85.99 -4.64 10.97 -42.69 2.58 19.65
1684259181037137 80.00 0.00 0.00 0.00 85.57 1.11 85.93 -3.77 11.39 -44.32 7.00 4.27
1684259181055496 80.00 0.00 0.00 0.00 84.36 -3.65 85.46 -2.68 3.34 -47.21 7.27 -3.73
1684259181070837 80.00 0.00 0.00 0.00 83.78 3.38 85.16 -1.68 30.71 -70.85 12.94 -19.63
1684259181086006 80.00 0.00 0.00 0.00 85.30 -3.58 85.18 -1.39 19.45 -66.23 14.45 -26.71
1684259181102409 80.00 0.00 0.00 0.00 84.68 2.24 85.00 -0.53 -1.21 -17.73 12.50 -29.09
1684259181119695 80.00 0.00 0.00 0.00 85.63 2.29 85.04 0.21 10.53 -49.90 12.67 -39.84
1684259181134212 80.00 0.00 0.00 0.00 85.44 -1.24 85.03 0.06 -2.83 -50.56 10.30 -48.68
1684259181151082 80.00 0.00 0.00 0.00 84.74 3.43 84.94 0.50 0.49 8.70 8.99 -42.26
1684259181167957 80.00 0.00 0.00 0.00 84.44 -2.48 84.80 0.05 5.70 -25.84 8.27 -39.95
1684259181183223 80.00 0.00 0.00 0.00 85.68 3.48 84.96 0.94 9.28 29.43 9.02 -30.37
1684259181200763 80.00 0.00 0.00 0.00 84.79 4.61 85.09 1.09 -9.39 -50.80 4.00 -27.87
1684259181216321 80.00 0.00 0.00 0.00 83.55 -1.37 84.87 1.37 -8.08 -9.95 0.56 -20.83
1684259181232283 80.00 0.00 0.00 0.00 85.68 3.48 84.99 1.53 13.67 -17.29 2.42 -20.78
1684259181249455 80.00 0.00 0.00 0.00 84.44 -2.48 84.84 0.93 -7.25 -9.01 0.20 -15.66
1684259181264325 80.00 0.00 0.00 0.00 84.50 -1.30 84.73 0.92 10.01 40.13 1.80 -4.33
1684259181282168 80.00 0.00 0.00 0.00 80.83 3.23 84.24 0.90 6.57 0.47 2.57 -5.36
1684259181297470 80.00 0.00 0.00 0.00 84.79 4.61 84.28 1.78 31.91 1.58 5.84 -1.93
1684259181313968 80.00 0.00 0.00 0.00 84.63 1.06 84.15 1.48 -2.66 -53.74 4.35 -12.33
1684259181331940 80.00 0.00 0.00 0.00 84.44 -2.48 84.11 0.59 7.32 16.84 6.44 -3.87
1684259181346200 80.00 0.00 0.00 0.00 84.50 -1.30 84.23 0.60 3.08 62.18 7.83 5.15
1684259181362678 80.00 0.00 0.00 0.00 84.44 -2.48 84.07 -0.14 -7.21 -0.50 5.22 7.24
1684259181379242 80.00 0.00 0.00 0.00 82.81 3.33 83.87 0.58 9.40 44.95 7.30 13.99
1684259181394995 80.00 0.00 0.00 0.00 84.44 -2.48 83.86 0.44 12.89 -46.07 7.66 3.21
1684259181411288 80.00 0.00 0.00 0.00 84.29 -4.82 84.29 -0.57 0.52 9.02 6.91 4.28
1684259181426893 80.00 0.00 0.00 0.00 84.74 3.43 84.28 -0.72 -27.68 64.50 -0.54 12.15
1684259181444480 80.00 0.00 0.00 0.00 85.30 -3.58 84.37 -1.30 0.35 8.45 -0.17 19.92
1684259181461956 80.00 0.00 0.00 0.00 84.29 -4.82 84.35 -1.59 -4.79 33.13 -1.68 21.96
1684259181476140 80.00 0.00 0.00 0.00 84.21 -5.99 84.31 -2.18 1.30 20.63 -1.90 16.76
1684259181492188 80.00 0.00 0.00 0.00 83.67 1.00 84.22 -1.74 2.30 36.47 -0.71 21.38
1684259181508583 80.00 0.00 0.00 0.00 85.22 -4.74 84.52 -2.75 5.80 -26.51 -1.16 12.45
1684259181524530 80.00 0.00 0.00 0.00 85.14 -5.90 84.61 -3.18 -18.89 63.24 -5.14 26.12
1684259181541274 80.00 0.00 0.00 0.00 85.14 -5.90 84.71 -3.31 -5.26 25.56 -5.86 28.18
1684259181558319 80.00 0.00 0.00 0.00 84.68 2.24 84.71 -3.46 -6.25 7.94 -3.18 21.11
1684259181575245 80.00 0.00 0.00 0.00 84.36 -3.65 84.59 -3.47 0.39 8.76 -3.17 21.15
1684259181597675 80.00 0.00 0.00 0.00 86.26 -13.69 84.84 -4.58 5.21 0.42 -1.92 17.06
1684259181612384 80.00 0.00 0.00 0.00 83.62 -0.19 84.76 -3.86 -16.78 75.42 -4.18 23.91
1684259181624852 80.00 0.00 0.00 0.00 84.97 -8.21 84.92 -5.01 5.94 -58.14 -3.73 12.09
1684259181638925 80.00 0.00 0.00 0.00 85.05 -7.06 84.90 -5.30 -11.47 81.83 -5.89 25.63
1684259181655931 80.00 0.00 0.00 0.00 85.05 -7.06 84.89 -5.44 1.22 17.05 -3.37 19.85
1684259181671250 80.00 0.00 0.00 0.00 84.97 -8.21 84.87 -5.73 0.70 9.45 -2.63 17.84
1684259181688650 80.00 0.00 0.00 0.00 85.44 -1.24 84.97 -6.17 1.25 16.61 -1.69 18.92
1684259181703652 80.00 0.00 0.00 0.00 84.12 -7.15 84.94 -6.60 -6.31 28.97 -2.53 21.45
1684259181720940 80.00 0.00 0.00 0.00 85.05 -7.06 84.78 -5.77 1.73 25.28 -2.96 24.56
1684259181735819 80.00 0.00 0.00 0.00 84.21 -5.99 84.86 -6.50 10.15 -55.73 0.40 8.16
1684259181753130 80.00 0.00 0.00 0.00 85.57 1.11 84.93 -5.33 -4.28 41.87 -0.88 20.66
1684259181768305 80.00 0.00 0.00 0.00 84.57 -0.13 84.87 -4.46 -4.97 -76.85 -0.06 0.83
1684259181785338 80.00 0.00 0.00 0.00 84.21 -5.99 84.77 -4.33 3.57 -50.89 0.23 -7.66
1684259181801317 80.00 0.00 0.00 0.00 84.21 -5.99 84.67 -4.05 6.62 -8.41 0.97 -9.90
1684259181818980 80.00 0.00 0.00 0.00 84.50 -1.30 84.56 -4.06 5.36 -15.78 1.48 -13.94
1684259181833784 80.00 0.00 0.00 0.00 85.51 -0.06 84.73 -3.17 7.92 0.56 3.26 -17.49
1684259181849723 80.00 0.00 0.00 0.00 84.29 -4.82 84.63 -2.89 -10.84 -55.56 1.69 -27.60
1684259181866186 80.00 0.00 0.00 0.00 83.34 -4.90 84.52 -2.76 5.82 -17.01 1.15 -22.76
1684259181882731 80.00 0.00 0.00 0.00 83.73 2.19 84.29 -2.62 6.55 -8.22 2.50 -29.02
1684259181898603 80.00 0.00 0.00 0.00 84.36 -3.65 84.27 -3.07 14.49 -8.43 4.94 -20.47
1684259181915295 80.00 0.00 0.00 0.00 83.78 3.38 84.22 -1.90 1.53 26.40 4.68 -10.81
1684259181932012 80.00 0.00 0.00 0.00 83.73 2.19 84.16 -0.87 3.19 -69.99 4.25 -18.50
1684259181952722 80.00 0.00 0.00 0.00 85.68 3.48 84.30 -0.28 2.89 -49.32 3.94 -22.70
1684259181964689 80.00 0.00 0.00 0.00 83.49 -2.55 84.05 -0.59 -12.30 -49.94 1.42 -29.01
1684259181981177 80.00 0.00 0.00 0.00 84.44 -2.48 84.07 -0.29 15.32 18.85 4.69 -19.71
1684259181996142 80.00 0.00 0.00 0.00 83.49 -2.55 84.09 -0.00 -1.23 -19.55 3.80 -20.03
1684259182011981 80.00 0.00 0.00 0.00 83.49 -2.55 84.06 -0.59 -1.14 -18.54 2.84 -21.31
1684259182027418 80.00 0.00 0.00 0.00 83.49 -2.55 83.95 -0.45 1.97 38.33 1.28 -15.47
1684259182045323 80.00 0.00 0.00 0.00 82.90 5.72 83.84 -0.16 6.13 -7.70 1.85 -19.73
1684259182060494 80.00 0.00 0.00 0.00 82.91 -10.70 83.73 -1.77 7.25 -19.32 2.36 -13.40
1684259182079995 80.00 0.00 0.00 0.00 81.78 2.08 83.25 -1.95 5.23 82.62 2.65 3.09
1684259182092583 80.00 0.00 0.00 0.00 84.29 -4.82 83.35 -2.23 38.74 13.86 9.03 11.07
1684259182109283 80.00 0.00 0.00 0.00 84.63 1.06 83.37 -1.79 -6.00 17.00 6.37 10.84
1684259182125819 80.00 0.00 0.00 0.00 83.73 2.19 83.40 -1.20 -1.46 -26.72 6.34 9.94
1684259182141623 80.00 0.00 0.00 0.00 84.44 -2.48 83.52 -1.19 -1.93 -37.44 6.24 7.58
1684259182159731 80.00 0.00 0.00 0.00 83.26 -6.07 83.49 -1.63 -6.55 -0.48 5.18 2.73
1684259182174497 80.00 0.00 0.00 0.00 83.42 -3.72 83.56 -2.81 1.88 29.78 4.65 7.41
1684259182196086 80.00 0.00 0.00 0.00 83.26 -6.07 83.60 -2.23 -2.98 54.68 3.37 16.66
1684259182208609 80.00 0.00 0.00 0.00 83.26 -6.07 83.79 -3.25 -3.50 -46.30 2.28 0.55
1684259182222986 80.00 0.00 0.00 0.00 83.26 -6.07 83.66 -3.40 -12.91 70.84 -4.18 7.67
1684259182239534 80.00 0.00 0.00 0.00 81.73 0.89 83.30 -3.42 7.74 9.41 -2.46 6.72
1684259182256645 80.00 0.00 0.00 0.00 83.26 -6.07 83.24 -4.46 21.19 1.23 0.37 10.22
1684259182271489 80.00 0.00 0.00 0.00 83.62 -0.19 83.13 -4.17 3.92 69.48 1.10 23.58
1684259182287549 80.00 0.00 0.00 0.00 83.67 1.00 83.19 -3.29 6.38 -17.84 2.72 21.41
1684259182304932 80.00 0.00 0.00 0.00 83.18 -7.23 83.16 -3.73 -2.95 -50.80 2.11 11.34
1684259182323502 80.00 0.00 0.00 0.00 82.59 -1.43 83.07 -3.15 1.57 23.61 2.68 7.46
1684259182336832 80.00 0.00 0.00 0.00 84.21 -5.99 83.19 -3.14 6.33 -43.45 3.91 7.81
1684259182353897 80.00 0.00 0.00 0.00 83.18 -7.23 83.18 -3.28 -6.92 -0.59 4.66 -1.12
1684259182371034 80.00 0.00 0.00 0.00 84.21 -5.99 83.49 -4.14 0.60 8.50 3.77 -1.23
1684259182386744 80.00 0.00 0.00 0.00 83.18 -7.23 83.48 -4.29 -19.74 54.68 -1.35 5.45
1684259182401953 80.00 0.00 0.00 0.00 83.18 -7.23 83.43 -5.17 0.67 9.58 -1.76 -2.04
1684259182418276 80.00 0.00 0.00 0.00 83.26 -6.07 83.37 -6.05 3.32 53.95 -2.14 6.93
1684259182434256 80.00 0.00 0.00 0.00 84.12 -7.15 83.49 -6.04 3.21 55.26 -1.37 20.19
1684259182451351 80.00 0.00 0.00 0.00 83.18 -7.23 83.57 -6.76 -6.89 -0.62 -2.43 17.16
1684259182468286 80.00 0.00 0.00 0.00 84.50 -1.30 83.60 -6.18 -4.38 42.80 -3.77 27.94
1684259182485348 80.00 0.00 0.00 0.00 83.18 -7.23 83.60 -6.18 -2.16 -34.30 -3.17 23.73
1684259182499223 80.00 0.00 0.00 0.00 83.62 -0.19 83.53 -5.45 -0.00 0.00 -3.25 22.67
1684259182515839 80.00 0.00 0.00 0.00 83.18 -7.23 83.53 -5.45 4.46 -43.62 -0.22 10.38
1684259182532054 80.00 0.00 0.00 0.00 83.26 -6.07 83.54 -5.31 0.00 0.00 -0.31 9.18
1684259182548350 80.00 0.00 0.00 0.00 83.18 -7.23 83.53 -5.45 -0.63 -8.94 -0.80 1.32
1684259182564213 80.00 0.00 0.00 0.00 84.12 -7.15 83.53 -5.45 0.64 9.18 -1.12 -4.44
1684259182580314 80.00 0.00 0.00 0.00 84.21 -5.99 83.66 -5.30 0.00 0.00 -0.26 -4.36
1684259182596727 80.00 0.00 0.00 0.00 85.05 -7.06 83.73 -6.02 -7.82 -9.49 -0.69 -10.90
1684259182613257 80.00 0.00 0.00 0.00 81.73 0.89 83.54 -5.00 -4.17 43.53 -0.94 -1.17
1684259182629615 80.00 0.00 0.00 0.00 82.71 0.94 83.43 -4.86 11.12 -62.04 0.45 -8.92
1684259182647117 80.00 0.00 0.00 0.00 85.51 -0.06 83.72 -3.97 6.49 -8.06 0.70 -4.48
1684259182662349 80.00 0.00 0.00 0.00 85.57 1.11 84.01 -3.07 -19.08 -58.83 -1.68 -11.83
1684259182677838 80.00 0.00 0.00 0.00 85.22 -4.74 84.26 -2.76 -18.60 -57.95 -3.93 -17.96
1684259182694935 80.00 0.00 0.00 0.00 85.22 -4.74 84.40 -2.46 -14.91 -18.21 -5.87 -21.38
1684259182711319 80.00 0.00 0.00 0.00 85.57 1.11 84.57 -1.57 -8.37 -18.35 -6.92 -23.67
1684259182726776 80.00 0.00 0.00 0.00 85.22 -4.74 84.59 -1.28 -11.00 -57.42 -7.32 -29.67
1684259182743942 80.00 0.00 0.00 0.00 83.83 4.57 84.86 -0.82 -1.21 -16.89 -6.95 -37.22
1684259182759202 80.00 0.00 0.00 0.00 86.14 -4.66 85.28 -1.52 -17.22 -30.15 -10.49 -33.23
1684259182776131 80.00 0.00 0.00 0.00 86.50 1.18 85.41 -1.36 -25.36 41.37 -14.47 -27.05
1684259182792007 80.00 0.00 0.00 0.00 86.22 -3.50 85.49 -1.94 -7.79 -9.75 -13.06 -20.92
1684259182809787 80.00 0.00 0.00 0.00 85.30 -3.58 85.50 -1.80 -4.58 32.45 -11.30 -9.62
1684259182824101 80.00 0.00 0.00 0.00 85.30 -3.58 85.51 -1.65 -0.68 -10.17 -9.53 -8.61
1684259182840851 80.00 0.00 0.00 0.00 85.30 -3.58 85.48 -2.24 -0.58 -8.69 -8.55 -7.41
1684259182856987 80.00 0.00 0.00 0.00 86.14 -4.66 85.59 -2.23 2.09 36.34 -6.91 4.31
1684259182873437 80.00 0.00 0.00 0.00 85.63 2.29 85.81 -2.51 -6.99 -0.61 -7.64 6.35
1684259182889425 80.00 0.00 0.00 0.00 86.37 -12.57 85.84 -3.50 -14.06 17.77 -7.24 12.34
1684259182906883 80.00 0.00 0.00 0.00 84.79 4.61 85.63 -3.07 -1.67 56.63 -4.28 14.25
1684259182922439 80.00 0.00 0.00 0.00 86.22 -3.50 85.63 -3.07 13.74 -27.63 -1.59 12.01
1684259182938829 80.00 0.00 0.00 0.00 86.06 -5.82 85.73 -3.35 0.00 0.00 -1.02 7.95
1684259182955313 80.00 0.00 0.00 0.00 85.14 -5.90 85.71 -3.64 -5.77 17.00 -1.65 11.35
1684259182971155 80.00 0.00 0.00 0.00 86.14 -4.66 85.81 -3.78 1.25 18.36 -1.43 14.73
1684259182988857 80.00 0.00 0.00 0.00 87.05 -4.58 85.92 -3.77 -5.95 7.66 -2.43 11.15
1684259183002207 80.00 0.00 0.00 0.00 85.51 -0.06 85.91 -4.06 -8.50 -0.76 -2.62 11.13
1684259183021037 80.00 0.00 0.00 0.00 85.63 2.29 85.82 -2.20 0.79 15.65 -0.76 10.86
1684259183035625 80.00 0.00 0.00 0.00 85.14 -5.90 85.86 -3.52 6.41 -127.37 0.25 -12.14
1684259183051935 80.00 0.00 0.00 0.00 86.48 -11.44 85.89 -4.51 -2.71 80.60 -1.81 1.39
1684259183067766 80.00 0.00 0.00 0.00 85.22 -4.74 85.79 -4.37 -2.08 62.70 -2.07 9.23
1684259183083232 80.00 0.00 0.00 0.00 85.22 -4.74 85.80 -4.23 6.77 -8.71 -0.50 6.02
1684259183099900 80.00 0.00 0.00 0.00 85.22 -4.74 85.68 -4.24 -0.61 -8.71 -0.73 2.63
1684259183117358 80.00 0.00 0.00 0.00 85.51 -0.06 85.49 -3.68 6.59 0.57 0.83 1.75
1684259183132226 80.00 0.00 0.00 0.00 84.29 -4.82 85.34 -4.27 12.97 -37.98 3.52 -2.91
1684259183149923 80.00 0.00 0.00 0.00 83.34 -4.90 85.05 -5.17 8.61 33.61 4.50 -0.66
1684259183165643 80.00 0.00 0.00 0.00 84.36 -3.65 84.96 -4.89 18.17 57.19 5.96 22.41
1684259183181415 80.00 0.00 0.00 0.00 84.74 3.43 84.74 -3.03 6.15 -17.85 7.07 10.10
1684259183197271 80.00 0.00 0.00 0.00 81.83 3.28 84.31 -2.03 13.76 -117.21 9.05 -12.39
1684259183213505 80.00 0.00 0.00 0.00 84.36 -3.65 84.21 -1.89 26.13 -61.76 11.47 -19.02
1684259183230836 80.00 0.00 0.00 0.00 84.36 -3.65 84.10 -1.75 6.18 -7.86 12.32 -18.91
1684259183246464 80.00 0.00 0.00 0.00 84.68 2.24 84.00 -1.47 6.86 -8.72 12.35 -20.07
1684259183262211 80.00 0.00 0.00 0.00 84.36 -3.65 84.01 -1.32 6.53 -18.27 11.55 -17.61
1684259183279199 80.00 0.00 0.00 0.00 84.68 2.24 84.17 -0.43 -0.56 -8.60 10.40 -22.89
1684259183296462 80.00 0.00 0.00 0.00 85.37 -2.41 84.30 -0.27 -9.73 -51.67 6.92 -36.49
1684259183311533 80.00 0.00 0.00 0.00 85.30 -3.58 84.37 -1.15 -8.36 -10.31 5.10 -35.55
1684259183327083 80.00 0.00 0.00 0.00 84.68 2.24 84.73 -1.28 -4.51 56.29 2.82 -13.86
1684259183344104 80.00 0.00 0.00 0.00 84.44 -2.48 84.74 -1.13 -20.98 7.63 -3.07 -5.19
1684259183360243 80.00 0.00 0.00 0.00 83.78 3.38 84.66 -0.25 -0.56 -9.08 -3.91 -5.34
1684259183376374 80.00 0.00 0.00 0.00 83.49 -2.55 84.51 -0.85 4.51 -54.45 -4.21 -11.06
1684259183394198 80.00 0.00 0.00 0.00 84.74 3.43 84.56 0.03 8.41 33.58 -3.97 -4.58
1684259183408857 80.00 0.00 0.00 0.00 82.52 -2.62 84.29 -0.57 -3.19 -60.34 -4.30 -11.04
1684259183424981 80.00 0.00 0.00 0.00 83.49 -2.55 84.05 -0.59 16.75 37.64 -0.99 0.12
1684259183442471 80.00 0.00 0.00 0.00 83.73 2.19 83.86 0.13 13.48 1.00 1.74 1.53
1684259183457059 80.00 0.00 0.00 0.00 83.73 2.19 83.74 0.12 13.44 -49.38 3.98 -11.67
1684259183473201 80.00 0.00 0.00 0.00 83.62 -0.19 83.64 0.41 7.40 0.42 7.53 -12.58
1684259183490020 80.00 0.00 0.00 0.00 83.49 -2.55 83.60 -0.33 6.10 -17.03 8.36 -13.57
1684259183506995 80.00 0.00 0.00 0.00 83.83 4.57 83.64 0.56 2.17 43.62 8.07 -1.31
1684259183524735 80.00 0.00 0.00 0.00 83.62 -0.19 83.50 0.11 -2.42 -50.14 6.72 -11.78
1684259183540132 80.00 0.00 0.00 0.00 83.42 -3.72 83.61 -0.03 9.11 29.33 8.25 -0.57
1684259183555464 80.00 0.00 0.00 0.00 82.76 2.13 83.52 0.55 -7.27 9.04 5.25 -4.14
1684259183572306 80.00 0.00 0.00 0.00 82.38 -4.97 83.35 -0.34 5.38 -34.74 4.24 -8.61
1684259183587752 80.00 0.00 0.00 0.00 83.26 -6.07 83.30 -1.37 10.90 57.93 3.92 4.80
1684259183604817 80.00 0.00 0.00 0.00 83.62 -0.19 83.30 -1.37 3.41 60.44 3.42 12.30
1684259183621384 80.00 0.00 0.00 0.00 80.78 2.03 82.96 -0.80 0.00 0.00 2.66 14.43
1684259183637642 80.00 0.00 0.00 0.00 84.29 -4.82 83.02 -1.97 20.77 -35.21 4.99 4.58
1684259183652437 80.00 0.00 0.00 0.00 83.26 -6.07 82.97 -2.71 -3.88 79.32 4.80 20.76
1684259183674523 80.00 0.00 0.00 0.00 82.65 -0.25 82.88 -2.27 1.99 33.27 3.91 21.26
1684259183687448 80.00 0.00 0.00 0.00 83.18 -7.23 82.93 -3.45 7.41 -33.63 5.75 15.92
1684259183701649 80.00 0.00 0.00 0.00 82.59 -1.43 82.95 -3.00 -3.70 82.43 4.61 30.57
1684259183720528 80.00 0.00 0.00 0.00 83.18 -7.23 82.94 -3.15 -1.36 -23.43 3.08 20.40
1684259183733183 80.00 0.00 0.00 0.00 83.26 -6.07 82.90 -3.88 0.81 11.51 2.75 14.28
1684259183751801 80.00 0.00 0.00 0.00 83.18 -7.23 83.20 -5.04 2.36 39.47 3.05 19.22
1684259183767771 80.00 0.00 0.00 0.00 82.59 -1.43 82.99 -4.62 -18.77 72.51 -1.89 32.68
1684259183782783 80.00 0.00 0.00 0.00 83.67 1.00 83.04 -3.73 14.17 -28.25 0.36 19.24
1684259183799137 80.00 0.00 0.00 0.00 82.71 -13.00 83.05 -5.33 -3.14 -53.99 -0.28 8.33
1684259183814706 80.00 0.00 0.00 0.00 83.26 -6.07 83.06 -5.18 -0.52 102.37 -1.27 25.33
1684259183836355 80.00 0.00 0.00 0.00 82.71 0.94 83.07 -4.89 -0.47 -6.73 -0.87 14.18
1684259183850083 80.00 0.00 0.00 0.00 83.18 -7.23 83.07 -4.89 -1.08 -21.62 -0.83 14.41
1684259183863912 80.00 0.00 0.00 0.00 81.67 -0.31 82.87 -4.17 -0.00 -0.00 -0.93 12.97
1684259183881999 80.00 0.00 0.00 0.00 84.12 -7.15 82.99 -4.16 11.01 -39.81 0.15 3.06
1684259183896798 80.00 0.00 0.00 0.00 83.62 -0.19 83.12 -4.00 -7.96 -0.71 1.50 -6.09
1684259188527733 80.00 0.00 0.00 0.00 83.34 -4.90 83.08 -4.74 -0.03 -0.03 -0.27 -2.57
1684259188539532 80.00 0.00 0.00 0.00 83.34 -4.90 83.16 -3.72 3.52 62.45 0.56 11.99
1684259188552160 80.00 0.00 0.00 0.00 84.21 -5.99 83.27 -3.71 -6.21 -80.19 -0.15 -10.83
1684259183961130 80.00 0.00 0.00 0.00 83.26 -6.07 83.34 -4.59 0.03 0.00 -0.09 -9.99
1684259183980392 80.00 0.00 0.00 0.00 83.62 -0.19 83.40 -3.71 -3.61 45.48 -0.41 -1.60
1684259183993193 80.00 0.00 0.00 0.00 81.67 -0.31 83.40 -3.71 -4.23 -68.79 -0.94 -10.20
1684259184009653 80.00 0.00 0.00 0.00 83.42 -3.72 83.31 -3.28 0.00 0.00 -2.31 -5.23
1684259184025641 80.00 0.00 0.00 0.00 83.34 -4.90 83.27 -3.87 5.54 -26.76 -0.62 -8.48
1684259184041721 80.00 0.00 0.00 0.00 83.67 1.00 83.32 -3.13 2.13 36.61 -0.35 -3.90
1684259184059880 80.00 0.00 0.00 0.00 82.76 2.13 83.24 -2.25 -2.29 -40.58 -1.08 -16.78
1684259184073903 80.00 0.00 0.00 0.00 83.42 -3.72 83.14 -1.97 5.18 -62.66 0.34 -14.59
1684259184092471 80.00 0.00 0.00 0.00 84.44 -2.48 83.29 -1.52 5.33 -15.22 1.01 -16.49
1684259184106419 80.00 0.00 0.00 0.00 84.44 -2.48 83.39 -1.81 -10.51 -32.18 0.14 -26.20
1684259184123227 80.00 0.00 0.00 0.00 84.74 3.43 83.78 -1.34 -6.10 17.05 -0.09 -15.47
1684259184154313 80.00 0.00 0.00 0.00 84.50 -1.30 83.91 -1.04 -12.33 -15.00 -1.63 -17.34
1684259184166665 80.00 0.00 0.00 0.00 84.44 -2.48 84.05 -0.74 -11.01 -24.50 -3.70 -17.06
1684259184186220 80.00 0.00 0.00 0.00 84.50 -1.30 84.15 -1.03 -6.99 -15.46 -4.84 -23.57
1684259184198449 80.00 0.00 0.00 0.00 84.44 -2.48 84.36 -1.60 -8.48 23.53 -5.61 -15.56
1684259184212029 80.00 0.00 0.00 0.00 83.55 -1.37 84.38 -1.31 -15.41 42.45 -8.19 -2.42
1684259184229533 80.00 0.00 0.00 0.00 84.21 -5.99 84.35 -1.75 -0.98 -16.82 -8.98 -2.62
1684259184241631 80.00 0.00 0.00 0.00 84.79 4.61 84.40 -0.86 2.35 36.23 -7.37 5.93
1684259184262056 80.00 0.00 0.00 0.00 81.83 3.28 84.03 -0.88 -2.15 -43.41 -6.87 -1.62
1684259184273998 80.00 0.00 0.00 0.00 84.44 -2.48 84.02 -1.03 30.46 1.54 -1.53 0.45
1684259184286321 80.00 0.00 0.00 0.00 83.42 -3.72 83.90 -1.18 0.69 11.92 -0.06 5.00
1684259184302400 80.00 0.00 0.00 0.00 84.57 -0.13 83.90 -1.03 7.93 9.68 1.80 8.14
1684259184317608 80.00 0.00 0.00 0.00 83.62 -0.19 83.80 -0.75 -0.53 -9.69 2.79 3.99
1684259184333907 80.00 0.00 0.00 0.00 83.55 -1.37 83.80 -0.75 6.29 -17.58 5.51 -3.52
1684259184349726 80.00 0.00 0.00 0.00 84.50 -1.30 83.84 -0.16 0.00 0.00 5.63 -1.41
1684259184371835 80.00 0.00 0.00 0.00 84.79 4.61 83.84 -0.16 -1.67 -26.47 5.13 -9.25
1684259184387181 80.00 0.00 0.00 0.00 84.68 2.24 84.19 -0.29 0.00 0.00 5.40 -3.82
1684259184399513 80.00 0.00 0.00 0.00 83.55 -1.37 84.08 -0.15 -28.96 10.53 -2.03 -2.70
1684259184415266 80.00 0.00 0.00 0.00 84.50 -1.30 84.22 0.15 7.01 -8.81 -1.24 -5.29
1684259184431752 80.00 0.00 0.00 0.00 82.86 4.52 84.01 0.73 -8.25 -18.35 -3.26 -8.79
1684259184447652 80.00 0.00 0.00 0.00 83.83 4.57 84.03 1.32 13.44 -36.54 -1.52 -12.15
1684259184468152 80.00 0.00 0.00 0.00 84.74 3.43 84.18 1.92 -1.30 -28.99 -2.47 -13.58
1684259184480497 80.00 0.00 0.00 0.00 84.57 -0.13 84.19 2.07 -12.00 -48.55 -3.97 -19.65
1684259184498971 80.00 0.00 0.00 0.00 82.86 4.52 83.95 2.06 -0.43 -7.97 -3.81 -17.33
1684259184513446 80.00 0.00 0.00 0.00 84.50 -1.30 83.93 1.62 16.66 0.79 -1.73 -17.24
1684259184532043 80.00 0.00 0.00 0.00 84.63 1.06 84.06 1.92 1.22 23.82 2.04 -15.58
1684259184545407 80.00 0.00 0.00 0.00 83.55 -1.37 83.94 1.91 -10.06 -22.68 -0.09 -17.31
1684259184562059 80.00 0.00 0.00 0.00 84.68 2.24 84.17 1.63 7.14 0.49 1.83 -14.95
1684259184581061 80.00 0.00 0.00 0.00 84.57 -0.13 84.26 1.04 -12.02 15.02 -1.35 -8.51
1684259184595045 80.00 0.00 0.00 0.00 84.50 -1.30 84.23 0.45 -6.61 41.95 -2.01 0.36
1684259184610242 80.00 0.00 0.00 0.00 84.57 -0.13 84.23 0.45 1.92 38.90 -0.27 11.29
1684259184627375 80.00 0.00 0.00 0.00 81.83 3.28 84.10 0.29 0.00 0.00 -0.22 12.29
1684259184642307 80.00 0.00 0.00 0.00 83.55 -1.37 83.99 0.28 8.62 10.41 -1.22 13.49
1684259184659956 80.00 0.00 0.00 0.00 83.42 -3.72 83.83 -0.31 6.73 0.46 -0.53 10.57
1684259184675324 80.00 0.00 0.00 0.00 83.42 -3.72 83.82 -0.61 9.86 38.88 1.96 18.26
1684259184692132 80.00 0.00 0.00 0.00 82.45 -3.80 83.54 -1.36 1.02 17.51 1.19 20.39
1684259184708571 80.00 0.00 0.00 0.00 84.68 2.24 83.55 -1.07 16.95 45.89 4.81 24.25
1684259184725200 80.00 0.00 0.00 0.00 84.21 -5.99 83.52 -1.65 -0.88 -17.78 5.53 16.79
1684259184740730 80.00 0.00 0.00 0.00 83.62 -0.19 83.40 -1.66 2.38 37.68 5.59 16.63
1684259184757087 80.00 0.00 0.00 0.00 83.55 -1.37 83.61 -2.24 7.28 0.47 6.50 16.69
1684259184776478 80.00 0.00 0.00 0.00 83.34 -4.90 83.59 -2.68 -11.12 29.96 4.03 19.14
1684259184789305 80.00 0.00 0.00 0.00 83.62 -0.19 83.61 -2.24 2.06 34.38 3.44 23.38
1684259184805763 80.00 0.00 0.00 0.00 83.26 -6.07 83.59 -2.53 -1.52 -26.87 2.02 15.16
1684259184822761 80.00 0.00 0.00 0.00 82.31 -6.15 83.57 -2.82 1.12 17.22 2.03 15.12
1684259184839139 80.00 0.00 0.00 0.00 84.29 -4.82 83.52 -3.71 1.13 17.93 0.06 11.63
1684259184855594 80.00 0.00 0.00 0.00 83.26 -6.07 83.41 -3.72 3.02 53.63 0.54 20.55
1684259184870525 80.00 0.00 0.00 0.00 81.34 -6.22 83.12 -4.47 7.91 0.68 1.23 15.93
1684259184887030 80.00 0.00 0.00 0.00 82.38 -4.97 82.97 -4.92 17.26 45.71 2.48 21.58
1684259184905379 80.00 0.00 0.00 0.00 83.42 -3.72 82.98 -4.78 7.97 24.55 4.87 20.90
1684259184919268 80.00 0.00 0.00 0.00 83.62 -0.19 82.98 -4.78 -0.67 -10.55 4.53 15.29
1684259184935081 80.00 0.00 0.00 0.00 82.38 -4.97 82.87 -4.64 0.00 0.00 4.72 18.64
1684259184952246 80.00 0.00 0.00 0.00 83.62 -0.19 83.04 -3.89 6.42 -7.97 5.38 15.50
1684259184968832 80.00 0.00 0.00 0.00 82.31 -6.15 82.79 -4.06 -9.86 -44.90 4.00 7.64
1684259184984886 80.00 0.00 0.00 0.00 82.38 -4.97 82.68 -3.92 15.43 10.32 5.56 2.23
1684259185002064 80.00 0.00 0.00 0.00 82.65 -0.25 82.84 -3.18 6.41 -7.96 5.37 1.15
1684259185015641 80.00 0.00 0.00 0.00 82.45 -3.80 82.85 -3.03 -12.09 -55.01 1.70 -11.44
1684259185033270 80.00 0.00 0.00 0.00 82.45 -3.80 82.73 -3.04 -0.51 -8.34 0.64 -15.55
1684259185048123 80.00 0.00 0.00 0.00 82.65 -0.25 82.61 -3.05 8.09 0.60 1.73 -14.16
1684259185064999 80.00 0.00 0.00 0.00 82.45 -3.80 82.62 -2.90 7.15 0.45 2.63 -14.10
1684259185082010 80.00 0.00 0.00 0.00 81.87 4.48 82.40 -2.32 -0.53 -8.64 1.76 -14.19
1684259185097246 80.00 0.00 0.00 0.00 82.45 -3.80 82.42 -2.02 14.29 -38.27 4.78 -13.36
1684259185114318 80.00 0.00 0.00 0.00 82.45 -3.80 82.43 -1.87 -1.09 -17.20 2.71 -16.80
1684259185129732 80.00 0.00 0.00 0.00 82.45 -3.80 82.41 -2.32 -0.59 -9.54 1.84 -17.00
1684259185147800 80.00 0.00 0.00 0.00 83.67 1.00 82.56 -1.72 1.35 24.55 3.52 -7.05
1684259185162550 80.00 0.00 0.00 0.00 82.45 -3.80 82.56 -1.72 -10.33 -40.62 2.29 -11.09
1684259185178684 80.00 0.00 0.00 0.00 82.52 -2.62 82.54 -2.01 0.00 0.00 1.28 -11.16
1684259185194972 80.00 0.00 0.00 0.00 83.26 -6.07 82.64 -2.30 0.97 18.18 0.51 -8.94
1684259185211175 80.00 0.00 0.00 0.00 83.49 -2.55 82.85 -3.18 -6.24 17.52 -0.20 -5.67
1684259185228671 80.00 0.00 0.00 0.00 82.52 -2.62 82.85 -3.03 -11.52 50.20 -3.43 5.39
1684259185243414 80.00 0.00 0.00 0.00 82.52 -2.62 82.86 -2.88 -0.58 -10.00 -3.37 6.29
1684259185260928 80.00 0.00 0.00 0.00 81.83 3.28 82.78 -2.00 -0.49 -8.42 -3.36 6.43
1684259185276005 80.00 0.00 0.00 0.00 82.52 -2.62 82.64 -2.45 5.20 -58.65 -2.87 -3.98
1684259185292842 80.00 0.00 0.00 0.00 82.71 0.94 82.67 -1.86 8.54 26.83 -0.52 4.46
1684259185309167 80.00 0.00 0.00 0.00 82.45 -3.80 82.66 -2.00 -1.93 -36.27 -0.76 -0.08
1684259185324849 80.00 0.00 0.00 0.00 82.45 -3.80 82.56 -1.72 0.55 9.40 -0.81 -1.18
1684259185340682 80.00 0.00 0.00 0.00 82.65 -0.25 82.46 -1.43 6.38 -17.93 0.77 -5.61
1684259185356880 80.00 0.00 0.00 0.00 83.62 -0.19 82.59 -1.13 6.45 -17.76 3.02 -14.10
1684259185373368 80.00 0.00 0.00 0.00 83.42 -3.72 82.71 -1.27 -8.28 -18.41 2.05 -15.15
1684259185389924 80.00 0.00 0.00 0.00 83.42 -3.72 82.90 -2.14 -6.74 8.37 1.27 -13.05
1684259185405988 80.00 0.00 0.00 0.00 83.73 2.19 83.06 -1.54 -12.35 54.49 -0.92 1.09
1684259185424701 80.00 0.00 0.00 0.00 84.44 -2.48 83.27 -1.97 -8.05 -32.07 -3.00 -6.27
1684259185442363 80.00 0.00 0.00 0.00 84.29 -4.82 83.50 -2.10 -12.23 24.21 -4.28 1.29
1684259185455014 80.00 0.00 0.00 0.00 83.26 -6.07 83.60 -2.38 -18.11 10.12 -6.62 1.38
1684259185470695 80.00 0.00 0.00 0.00 81.41 -5.05 83.45 -2.98 -6.45 18.10 -8.22 5.88
1684259185491110 80.00 0.00 0.00 0.00 83.26 -6.07 83.40 -3.72 7.58 29.38 -8.08 11.77
1684259185504021 80.00 0.00 0.00 0.00 83.73 2.19 83.44 -2.98 3.40 56.92 -6.62 21.19
1684259185520832 80.00 0.00 0.00 0.00 83.34 -4.90 83.43 -3.13 -2.33 -43.94 -6.07 14.65
1684259185536069 80.00 0.00 0.00 0.00 83.62 -0.19 83.42 -3.42 0.61 9.62 -4.45 9.04
1684259185552585 80.00 0.00 0.00 0.00 83.26 -6.07 83.27 -3.87 0.86 17.96 -3.33 15.30
1684259185568327 80.00 0.00 0.00 0.00 82.71 0.94 83.07 -3.15 9.30 28.48 -0.64 15.83
1684259185585932 80.00 0.00 0.00 0.00 83.62 -0.19 83.12 -2.42 11.22 -40.91 3.03 9.45
1684259185601571 80.00 0.00 0.00 0.00 84.21 -5.99 83.47 -2.53 -2.81 -46.99 3.48 1.31
1684259185617528 80.00 0.00 0.00 0.00 83.62 -0.19 83.51 -1.80 -21.91 7.36 -0.21 -1.44
1684259185636667 80.00 0.00 0.00 0.00 83.34 -4.90 83.46 -2.68 -2.30 -38.40 -0.92 -13.35
1684259185650699 80.00 0.00 0.00 0.00 83.34 -4.90 83.46 -2.68 3.46 63.09 -0.20 0.03
1684259185666327 80.00 0.00 0.00 0.00 83.26 -6.07 83.42 -3.42 0.00 0.00 -0.27 -1.18
1684259185684561 80.00 0.00 0.00 0.00 82.65 -0.25 83.34 -2.69 2.41 40.31 -0.08 1.62
1684259185698927 80.00 0.00 0.00 0.00 83.26 -6.07 83.41 -3.57 5.34 -50.63 -0.57 -8.27
1684259185715337 80.00 0.00 0.00 0.00 82.71 0.94 83.30 -3.43 -4.24 53.38 -2.51 3.51
1684259185737504 80.00 0.00 0.00 0.00 83.26 -6.07 83.18 -3.44 5.12 -6.36 -1.51 8.59
1684259185749533 80.00 0.00 0.00 0.00 83.26 -6.07 83.14 -4.17 9.81 0.84 2.45 7.78
1684259185764325 80.00 0.00 0.00 0.00 82.38 -4.97 83.02 -4.18 2.97 49.68 3.11 18.79
1684259185779629 80.00 0.00 0.00 0.00 82.31 -6.15 82.89 -4.34 7.83 0.61 3.66 10.98
1684259185796648 80.00 0.00 0.00 0.00 81.73 0.89 82.70 -3.47 7.60 9.17 4.61 12.12
1684259185812652 80.00 0.00 0.00 0.00 83.67 1.00 82.82 -3.31 12.00 -54.31 5.81 0.30
1684259185830889 80.00 0.00 0.00 0.00 82.38 -4.97 82.71 -3.17 -7.02 -8.53 4.26 5.56
1684259185844987 80.00 0.00 0.00 0.00 82.38 -4.97 82.67 -3.91 7.81 -9.70 5.77 -2.33
1684259185862521 80.00 0.00 0.00 0.00 82.59 -1.43 82.59 -3.33 2.31 42.16 5.42 3.74
1684259185877724 80.00 0.00 0.00 0.00 82.31 -6.15 82.47 -3.34 5.55 -38.09 4.88 -1.13
1684259185893894 80.00 0.00 0.00 0.00 82.38 -4.97 82.47 -3.34 7.40 0.61 5.44 -7.26
1684259185909925 80.00 0.00 0.00 0.00 82.31 -6.15 82.47 -3.34 -0.00 0.00 4.46 -7.34
1684259185926196 80.00 0.00 0.00 0.00 82.38 -4.97 82.55 -4.08 0.00 0.00 3.51 -8.48
1684259185942040 80.00 0.00 0.00 0.00 81.41 -5.05 82.27 -4.83 -5.17 46.22 1.36 4.08
1684259185959182 80.00 0.00 0.00 0.00 81.41 -5.05 82.15 -4.84 16.50 44.07 4.30 10.66
1684259185974603 80.00 0.00 0.00 0.00 81.48 -3.87 82.03 -4.70 7.88 0.59 4.31 11.94
1684259185991251 80.00 0.00 0.00 0.00 81.48 -3.87 81.90 -5.01 6.77 -8.31 4.87 5.64
1684259186006609 80.00 0.00 0.00 0.00 81.78 2.08 81.83 -3.98 9.01 19.80 5.30 12.87
1684259186023305 80.00 0.00 0.00 0.00 81.41 -5.05 81.71 -3.99 3.95 -61.59 4.87 5.10
1684259186038649 80.00 0.00 0.00 0.00 81.41 -5.05 81.60 -3.85 7.92 0.60 5.86 5.17
1684259186055576 80.00 0.00 0.00 0.00 82.31 -6.15 81.59 -4.00 6.61 -8.12 6.68 4.16
1684259186071487 80.00 0.00 0.00 0.00 82.31 -6.15 81.70 -4.13 0.60 9.22 7.40 -0.47
1684259186088312 80.00 0.00 0.00 0.00 81.41 -5.05 81.70 -4.13 -6.65 8.17 4.51 -4.96
1684259186104123 80.00 0.00 0.00 0.00 82.65 -0.25 81.84 -3.68 0.00 0.00 3.53 -5.03
1684259186120994 80.00 0.00 0.00 0.00 83.62 -0.19 82.11 -3.22 -8.66 -26.81 1.60 -7.34
1684259186139089 80.00 0.00 0.00 0.00 82.38 -4.97 82.19 -4.10 -14.74 -25.41 -1.37 -12.99
1684259186152599 80.00 0.00 0.00 0.00 83.62 -0.19 82.46 -3.50 -5.58 65.26 -2.56 2.86
1684259186169142 80.00 0.00 0.00 0.00 83.62 -0.19 82.74 -2.89 -16.66 -36.71 -5.63 -1.80
1684259186185544 80.00 0.00 0.00 0.00 83.67 1.00 82.91 -2.00 -16.80 -37.03 -8.56 -5.41
1684259186203927 80.00 0.00 0.00 0.00 82.45 -3.80 82.93 -1.70 -9.30 -48.57 -9.80 -12.64
1684259186217952 80.00 0.00 0.00 0.00 82.31 -6.15 83.04 -1.84 -1.32 -20.94 -9.13 -16.28
1684259186234602 80.00 0.00 0.00 0.00 82.38 -4.97 83.01 -2.43 -6.72 8.26 -9.97 -15.24
1684259186251021 80.00 0.00 0.00 0.00 83.26 -6.07 82.96 -3.17 2.03 35.97 -8.64 -7.40
1684259186267721 80.00 0.00 0.00 0.00 82.71 -13.00 83.00 -4.17 2.63 44.00 -6.47 1.28
1684259186284305 80.00 0.00 0.00 0.00 83.26 -6.07 82.96 -4.90 -2.50 60.49 -6.08 0.68
1684259186304173 80.00 0.00 0.00 0.00 82.82 -11.85 82.86 -6.36 2.21 36.99 -3.72 9.90
1684259186317925 80.00 0.00 0.00 0.00 83.34 -4.90 82.82 -7.10 7.27 106.05 -0.71 27.78
1684259186337174 80.00 0.00 0.00 0.00 83.62 -0.19 82.96 -6.65 2.16 38.28 0.72 38.64
1684259186349195 80.00 0.00 0.00 0.00 83.34 -4.90 83.09 -6.49 -12.07 -37.53 -0.62 36.57
1684259186365770 80.00 0.00 0.00 0.00 84.57 -0.13 83.37 -5.89 -7.81 -9.41 -0.76 34.36
1684259186381500 80.00 0.00 0.00 0.00 83.26 -6.07 83.37 -5.89 -17.36 -38.52 -3.18 25.05
1684259186397191 80.00 0.00 0.00 0.00 82.59 -1.43 83.35 -4.44 0.00 0.00 -3.51 19.54
1684259186413320 80.00 0.00 0.00 0.00 82.31 -6.15 83.23 -4.45 0.98 -89.63 -3.08 0.78
1684259186436394 80.00 0.00 0.00 0.00 82.31 -6.15 83.17 -3.74 5.19 0.43 -2.71 -3.79
1684259186452077 80.00 0.00 0.00 0.00 81.78 2.08 82.97 -2.86 4.06 -45.50 -3.11 -22.73
1684259186465993 80.00 0.00 0.00 0.00 82.45 -3.80 82.83 -3.32 14.03 -62.69 -1.62 -35.36
1684259186480113 80.00 0.00 0.00 0.00 83.34 -4.90 82.83 -3.32 10.27 31.95 1.17 -26.67
1684259186494037 80.00 0.00 0.00 0.00 82.45 -3.80 82.56 -3.77 -0.00 0.00 2.15 -25.49
1684259186510796 80.00 0.00 0.00 0.00 82.38 -4.97 82.45 -3.64 15.76 27.37 6.29 -17.26
1684259186527227 80.00 0.00 0.00 0.00 82.52 -2.62 82.44 -3.79 6.70 -8.32 7.12 -18.30
1684259186543148 80.00 0.00 0.00 0.00 82.38 -4.97 82.45 -3.64 0.51 9.29 7.06 -5.93
1684259186560713 80.00 0.00 0.00 0.00 82.45 -3.80 82.47 -3.35 -0.54 -8.35 6.35 -7.03
1684259186576516 80.00 0.00 0.00 0.00 82.38 -4.97 82.55 -4.23 -1.17 -18.59 5.69 -3.67
1684259186592232 80.00 0.00 0.00 0.00 82.65 -0.25 82.57 -3.78 -4.80 56.10 3.34 11.18
1684259186613674 80.00 0.00 0.00 0.00 82.45 -3.80 82.46 -3.65 -1.13 -20.69 1.91 4.60
1684259186625739 80.00 0.00 0.00 0.00 81.48 -3.87 82.34 -3.65 9.18 -11.41 3.06 3.18
1684259186640707 80.00 0.00 0.00 0.00 82.52 -2.62 82.36 -3.36 8.13 0.58 2.11 -0.17
1684259186656355 80.00 0.00 0.00 0.00 82.45 -3.80 82.35 -3.51 -1.13 -18.82 1.13 -1.48
1684259186672765 80.00 0.00 0.00 0.00 82.45 -3.80 82.36 -3.36 0.52 8.99 1.13 -1.52
1684259186695346 80.00 0.00 0.00 0.00 81.48 -3.87 82.24 -3.37 -0.40 -6.51 1.15 -1.29
1684259186707226 80.00 0.00 0.00 0.00 79.86 4.39 81.92 -2.20 10.25 0.73 2.58 1.12
1684259186724650 80.00 0.00 0.00 0.00 82.76 2.13 81.93 -1.90 18.07 -67.19 5.44 -14.29
1684259186738172 80.00 0.00 0.00 0.00 82.45 -3.80 81.93 -1.90 -1.03 -22.00 5.45 -14.46
1684259186754287 80.00 0.00 0.00 0.00 82.52 -2.62 82.06 -1.74 0.00 0.00 4.30 -13.03
1684259186770922 80.00 0.00 0.00 0.00 82.45 -3.80 82.06 -1.89 -7.83 -9.39 2.31 -14.28
1684259186788479 80.00 0.00 0.00 0.00 83.49 -2.55 82.19 -1.74 0.49 8.40 2.51 -10.87
1684259186802473 80.00 0.00 0.00 0.00 82.52 -2.62 82.19 -1.59 -9.21 -11.14 1.29 -13.39
1684259186820647 80.00 0.00 0.00 0.00 82.52 -2.62 82.32 -1.43 -0.47 -8.11 1.28 -13.59
1684259186835575 80.00 0.00 0.00 0.00 82.52 -2.62 82.66 -2.31 -8.73 -10.46 -1.09 -14.99
1684259186851402 80.00 0.00 0.00 0.00 83.49 -2.55 82.75 -2.89 -21.01 55.37 -5.97 0.33
1684259186867978 80.00 0.00 0.00 0.00 82.59 -1.43 82.76 -2.60 -5.47 35.30 -6.53 7.49
1684259186884478 80.00 0.00 0.00 0.00 82.59 -1.43 82.77 -2.45 -1.01 -17.90 -6.65 5.26
1684259186900653 80.00 0.00 0.00 0.00 81.78 2.08 82.69 -1.72 -0.50 -9.14 -5.74 5.29
1684259186918093 80.00 0.00 0.00 0.00 82.45 -3.80 82.56 -1.87 4.84 -42.12 -5.19 -1.03
1684259186932733 80.00 0.00 0.00 0.00 83.42 -3.72 82.67 -2.01 8.80 10.65 -2.94 1.70
1684259186949830 80.00 0.00 0.00 0.00 83.78 3.38 82.83 -1.26 -6.52 8.10 -3.70 3.72
1684259186965836 80.00 0.00 0.00 0.00 82.91 -10.70 82.88 -2.27 -9.82 -46.79 -3.84 -0.82
1684259186986311 80.00 0.00 0.00 0.00 82.86 4.52 82.80 -1.39 -2.38 49.38 -1.51 -1.56
1684259186998147 80.00 0.00 0.00 0.00 82.81 3.33 82.83 -0.79 6.64 -74.68 0.01 -15.31
1684259187014750 80.00 0.00 0.00 0.00 83.49 -2.55 82.94 -0.93 -1.68 -35.83 -0.08 -17.55
1684259187029611 80.00 0.00 0.00 0.00 84.44 -2.48 83.27 -1.50 -7.55 9.38 -0.96 -15.24
1684259187045612 80.00 0.00 0.00 0.00 83.49 -2.55 83.40 -1.35 -20.75 35.63 -4.16 -5.52
1684259187062129 80.00 0.00 0.00 0.00 84.50 -1.30 83.53 -1.05 -7.80 -9.44 -6.23 -8.03
1684259187079073 80.00 0.00 0.00 0.00 84.44 -2.48 83.62 -1.78 -8.02 -17.86 -6.42 -11.28
1684259187094826 80.00 0.00 0.00 0.00 83.83 4.57 83.73 0.13 -5.19 46.46 -5.84 0.38
1684259187111934 80.00 0.00 0.00 0.00 84.79 4.61 83.97 0.14 -6.69 -111.59 -6.38 -19.74
1684259187127446 80.00 0.00 0.00 0.00 84.63 1.06 84.20 -0.14 -15.54 -0.74 -9.15 -10.50
1684259187143083 80.00 0.00 0.00 0.00 84.36 -3.65 84.31 -0.28 -14.52 18.15 -10.76 -3.75
1684259187164178 80.00 0.00 0.00 0.00 84.68 2.24 84.34 0.31 -5.20 6.54 -10.47 -4.11
