#Task Selector: 5
#PID Parameters: kp: 0.06, kd: 0.04, ki: 0.03
#n_pos: 8
#n_vel: 8
t x_ref y_ref vx_ref vy_ref x_raw y_raw x y vx_raw vy_raw vx vy
1684257823575039 0.00 0.00 0.00 0.00 4.50 1.49 0.56 0.19 0.00 0.00 0.00 0.00
1684257823575040 0.00 0.00 0.00 0.00 4.50 1.49 1.13 0.37 -34.84 -11.53 -4.35 -1.44
1684257823591723 0.00 0.00 0.00 0.00 3.26 2.74 1.53 0.72 -33.75 -11.17 -8.57 -2.84
1684257823607247 0.00 0.00 0.00 0.00 2.01 2.74 1.78 1.06 -26.23 -22.10 -11.85 -5.60
1684257823631695 0.00 0.00 0.00 0.00 3.26 2.74 2.19 1.40 -10.28 -14.03 -13.14 -7.35
1684257823644214 0.00 0.00 0.00 0.00 2.01 2.74 2.44 1.74 -32.53 -27.40 -17.20 -10.78
1684257823659396 0.00 0.00 0.00 0.00 2.01 1.49 2.69 1.93 -16.55 -22.59 -19.27 -13.60
1684257823672834 0.00 0.00 0.00 0.00 2.01 2.74 2.95 2.27 -18.69 -13.86 -21.61 -15.34
1684257823689610 0.00 0.00 0.00 0.00 0.76 2.74 2.48 2.43 -14.98 -20.45 -23.48 -17.89
1684257823705106 0.00 0.00 0.00 0.00 0.76 2.74 2.01 2.59 30.18 -10.10 -15.35 -17.71
1684257823721797 0.00 0.00 0.00 0.00 2.01 4.00 1.85 2.74 28.02 -9.38 -7.63 -17.49
1684257823738143 0.00 0.00 0.00 0.00 -0.48 2.74 1.54 2.74 9.53 -9.58 -3.16 -15.92
1684257823754634 0.00 0.00 0.00 0.00 2.01 2.74 1.39 2.74 18.91 0.02 0.49 -14.17
1684257823770697 0.00 0.00 0.00 0.00 2.01 4.00 1.39 2.90 9.70 0.00 5.76 -10.74
1684257823786748 0.00 0.00 0.00 0.00 2.01 4.00 1.39 3.21 -0.01 -9.76 7.83 -9.14
1684257823802663 0.00 0.00 0.00 0.00 2.01 4.00 1.39 3.37 -0.01 -19.69 10.17 -9.87
1684257823819312 0.00 0.00 0.00 0.00 0.76 4.00 1.39 3.53 -0.01 -9.41 12.04 -8.49
1684257823836580 0.00 0.00 0.00 0.00 0.76 2.74 1.39 3.53 -0.01 -9.07 8.27 -8.36
1684257823851813 0.00 0.00 0.00 0.00 2.01 4.00 1.39 3.53 0.00 0.00 4.76 -7.18
1684257823870063 0.00 0.00 0.00 0.00 4.50 4.00 2.01 3.68 0.00 0.00 3.57 -5.99
1684257823883831 0.00 0.00 0.00 0.00 3.26 4.00 2.17 3.84 -45.29 -11.40 -4.45 -7.41
1684257823900852 0.00 0.00 0.00 0.00 4.50 4.00 2.48 3.84 -9.16 -9.20 -6.81 -8.57
1684257823916562 0.00 0.00 0.00 0.00 7.00 4.00 3.10 3.84 -19.84 -0.00 -9.29 -7.35
1684257823933024 0.00 0.00 0.00 0.00 5.75 4.00 3.57 3.84 -37.86 0.01 -14.02 -4.88
1684257823950232 0.00 0.00 0.00 0.00 7.00 4.00 4.35 3.84 -27.17 -0.00 -17.42 -3.71
1684257823966509 0.00 0.00 0.00 0.00 7.00 4.00 5.13 4.00 -47.87 -0.00 -23.40 -2.58
1684257823981379 0.00 0.00 0.00 0.00 7.00 4.00 5.75 4.00 -52.41 -10.53 -29.95 -3.89
1684257823998555 0.00 0.00 0.00 0.00 8.25 2.74 6.22 3.84 -36.29 0.01 -34.49 -3.89
1684257824012966 0.00 0.00 0.00 0.00 11.99 2.74 7.31 3.68 -32.46 10.89 -32.88 -1.11
1684257824030281 0.00 0.00 0.00 0.00 11.99 3.99 8.25 3.68 -63.05 9.11 -39.62 1.18
1684257824046524 0.00 0.00 0.00 0.00 13.24 2.73 9.03 3.52 -57.59 0.07 -44.34 1.19
1684257824061899 0.00 0.00 0.00 0.00 15.74 2.73 10.27 3.36 -50.75 10.27 -45.95 2.48
1684257824078398 0.00 0.00 0.00 0.00 15.74 2.73 11.37 3.21 -75.69 9.64 -52.01 3.68
1684257824095409 0.00 0.00 0.00 0.00 16.99 2.72 12.62 3.05 -64.24 9.34 -54.06 4.85
1684257824111299 0.00 0.00 0.00 0.00 19.50 1.46 14.18 2.73 -78.62 10.03 -57.34 7.42
1684257824127494 0.00 0.00 0.00 0.00 19.50 1.46 15.59 2.57 -96.52 19.60 -64.87 9.87
1684257824143443 0.00 0.00 0.00 0.00 23.26 2.70 17.00 2.56 -88.23 10.08 -71.84 9.77
1684257824159427 0.00 0.00 0.00 0.00 22.01 1.45 18.25 2.24 -88.16 0.31 -74.98 8.67
1684257824179406 0.00 0.00 0.00 0.00 22.01 1.45 19.35 2.08 -62.73 15.91 -75.62 10.65
1684257824191911 0.00 0.00 0.00 0.00 23.27 1.44 20.29 1.92 -87.70 12.87 -80.24 10.97
1684257824208010 0.00 0.00 0.00 0.00 23.28 0.18 21.23 1.61 -58.46 9.98 -78.08 11.02
1684257824224340 0.00 0.00 0.00 0.00 25.79 1.43 22.33 1.44 -57.68 19.46 -77.26 12.28
1684257824243817 0.00 0.00 0.00 0.00 25.79 1.43 23.11 1.44 -56.44 8.30 -74.49 12.06
1684257824256745 0.00 0.00 0.00 0.00 25.78 2.68 23.90 1.59 -60.75 0.28 -70.02 9.65
1684257824274504 0.00 0.00 0.00 0.00 25.79 1.43 24.21 1.43 -44.18 -8.64 -64.51 7.31
1684257824291323 0.00 0.00 0.00 0.00 27.05 1.42 24.84 1.43 -18.74 9.43 -55.84 8.45
1684257824305550 0.00 0.00 0.00 0.00 27.05 1.42 25.47 1.43 -44.22 0.21 -53.52 6.49
1684257824325283 0.00 0.00 0.00 0.00 28.30 2.67 26.10 1.58 -31.88 0.15 -46.54 4.90
1684257824337494 0.00 0.00 0.00 0.00 29.56 2.67 26.89 1.89 -51.49 -12.62 -45.67 2.07
1684257824354030 0.00 0.00 0.00 0.00 28.31 1.41 27.20 1.89 -47.51 -18.77 -44.40 -2.71
1684257824371065 0.00 0.00 0.00 0.00 28.30 2.67 27.52 2.05 -18.49 0.09 -39.66 -3.73
1684257824386587 0.00 0.00 0.00 0.00 30.82 2.66 28.15 2.04 -20.24 -10.02 -34.59 -5.02
1684257824403526 0.00 0.00 0.00 0.00 28.31 1.41 28.46 2.04 -37.22 0.18 -33.72 -3.92
1684257824418979 0.00 0.00 0.00 0.00 28.31 1.41 28.62 2.04 -20.38 0.10 -33.93 -5.08
1684257824435328 0.00 0.00 0.00 0.00 29.57 0.15 28.93 1.88 -9.64 0.05 -29.61 -5.10
1684257824451821 0.00 0.00 0.00 0.00 28.31 0.16 28.94 1.57 -19.16 9.63 -28.02 -3.92
1684257824468606 0.00 0.00 0.00 0.00 28.31 0.16 28.78 1.26 -0.09 18.73 -21.59 -0.00
1684257824484962 0.00 0.00 0.00 0.00 28.32 -1.10 28.78 0.94 9.54 19.17 -14.46 4.74
1684257824500772 0.00 0.00 0.00 0.00 28.32 -1.10 28.78 0.47 -0.10 19.90 -12.16 7.22
1684257824517708 0.00 0.00 0.00 0.00 29.58 -1.11 28.63 -0.00 -0.14 27.85 -9.65 11.95
1684257824532932 0.00 0.00 0.00 0.00 29.57 0.15 28.79 -0.16 10.21 30.94 -3.72 15.80
1684257824549553 0.00 0.00 0.00 0.00 29.59 -2.37 28.95 -0.63 -9.53 9.51 -2.37 16.97
1684257824567211 0.00 0.00 0.00 0.00 28.33 -2.36 28.79 -0.95 -9.07 26.78 -2.29 20.31
1684257824584105 0.00 0.00 0.00 0.00 28.34 -4.88 28.79 -1.58 9.23 18.58 1.26 21.43
1684257824600116 0.00 0.00 0.00 0.00 28.33 -3.62 28.80 -2.05 -0.21 39.34 1.24 24.01
1684257824614459 0.00 0.00 0.00 0.00 29.60 -4.89 28.96 -2.52 -0.17 32.93 0.03 25.73
1684257824630839 0.00 0.00 0.00 0.00 30.86 -4.89 29.27 -3.00 -9.78 28.90 -1.18 26.85
1684257824656256 0.00 0.00 0.00 0.00 32.12 -4.90 29.59 -3.47 -12.50 18.65 -2.73 25.70
1684257824669388 0.00 0.00 0.00 0.00 29.61 -6.15 29.60 -4.26 -24.21 36.10 -7.03 26.35
1684257824681427 0.00 0.00 0.00 0.00 29.61 -7.41 29.60 -4.89 -0.34 65.41 -5.88 33.34
1684257824698733 0.00 0.00 0.00 0.00 29.61 -6.15 29.76 -5.36 -0.19 36.43 -4.77 34.54
1684257824711626 0.00 0.00 0.00 0.00 29.61 -7.41 29.92 -5.68 -12.42 36.73 -7.48 36.81
1684257824729231 0.00 0.00 0.00 0.00 29.61 -7.41 30.08 -6.15 -9.04 17.96 -8.58 34.14
1684257824744071 0.00 0.00 0.00 0.00 29.61 -7.41 30.08 -6.47 -10.78 31.92 -9.91 34.01
1684257824763123 0.00 0.00 0.00 0.00 29.61 -7.41 29.92 -6.78 -0.08 16.55 -8.70 32.47
1684257824777947 0.00 0.00 0.00 0.00 32.13 -7.42 29.93 -7.10 10.53 21.22 -5.82 32.79
1684257824793219 0.00 0.00 0.00 0.00 28.36 -8.67 29.77 -7.41 -0.09 20.64 -2.80 30.86
1684257824809335 0.00 0.00 0.00 0.00 29.61 -7.41 29.77 -7.41 9.68 19.53 -1.55 25.12
1684257824826308 0.00 0.00 0.00 0.00 29.61 -7.41 29.77 -7.57 0.00 0.00 -1.53 20.57
1684257824842299 0.00 0.00 0.00 0.00 29.61 -6.15 29.77 -7.41 -0.05 9.86 0.02 17.21
1684257824858086 0.00 0.00 0.00 0.00 28.35 -6.14 29.61 -7.25 0.05 -9.99 1.16 13.72
1684257824874513 0.00 0.00 0.00 0.00 28.34 -4.88 29.45 -6.94 9.64 -9.65 3.71 8.52
1684257824890900 0.00 0.00 0.00 0.00 28.32 -1.10 29.29 -6.15 9.72 -19.29 4.93 4.04
1684257824919809 0.00 0.00 0.00 0.00 28.33 -3.62 28.82 -5.67 5.59 -27.28 4.32 -2.02
1684257824931691 0.00 0.00 0.00 0.00 28.33 -3.62 28.81 -5.04 40.01 -40.00 9.33 -9.60
1684257824943589 0.00 0.00 0.00 0.00 28.33 -3.62 28.65 -4.57 0.27 -53.01 8.15 -18.67
1684257824956236 0.00 0.00 0.00 0.00 30.85 -3.63 28.81 -4.10 12.65 -37.46 9.74 -23.35
1684257824972983 0.00 0.00 0.00 0.00 28.33 -2.36 28.65 -3.62 -9.27 -28.19 8.58 -28.11
1684257824988343 0.00 0.00 0.00 0.00 28.33 -2.36 28.64 -3.15 10.42 -30.83 9.88 -30.71
1684257825003673 0.00 0.00 0.00 0.00 29.59 -2.37 28.80 -2.84 0.16 -30.84 8.69 -33.36
1684257825020052 0.00 0.00 0.00 0.00 29.58 -1.11 28.96 -2.84 -9.52 -19.19 6.29 -33.35
1684257825035444 0.00 0.00 0.00 0.00 25.79 0.17 28.64 -2.36 -10.24 0.05 4.31 -29.93
1684257825052368 0.00 0.00 0.00 0.00 25.80 -1.09 28.32 -2.05 18.76 -28.00 1.65 -28.43
1684257825068173 0.00 0.00 0.00 0.00 25.79 0.17 28.01 -1.57 20.04 -20.03 4.12 -24.31
1684257825084458 0.00 0.00 0.00 0.00 24.53 0.18 27.22 -1.10 19.50 -29.10 4.98 -23.27
1684257825100889 0.00 0.00 0.00 0.00 24.53 0.18 26.74 -0.78 48.09 -28.99 12.15 -23.37
1684257825117234 0.00 0.00 0.00 0.00 24.54 -1.08 26.27 -0.62 29.00 -19.40 14.47 -21.94
1684257825133705 0.00 0.00 0.00 0.00 24.54 -1.08 25.64 -0.46 28.73 -9.71 18.04 -19.30
1684257825149874 0.00 0.00 0.00 0.00 23.28 -1.08 24.85 -0.45 39.02 -9.94 24.11 -18.14
1684257825166348 0.00 0.00 0.00 0.00 23.28 -1.08 24.54 -0.61 47.79 -0.25 31.37 -18.18
1684257825185931 0.00 0.00 0.00 0.00 23.28 -1.08 24.22 -0.61 16.02 7.95 31.02 -13.68
1684257825198508 0.00 0.00 0.00 0.00 23.28 -1.08 23.91 -0.76 25.01 -0.13 31.65 -11.20
1684257825214639 0.00 0.00 0.00 0.00 23.29 -2.33 23.75 -1.08 19.45 9.65 31.64 -6.35
1684257825233345 0.00 0.00 0.00 0.00 22.02 -1.07 23.44 -1.23 8.32 16.78 26.67 -0.63
1684257825247464 0.00 0.00 0.00 0.00 23.28 -1.08 23.28 -1.23 22.21 11.03 25.82 3.17
1684257825264468 0.00 0.00 0.00 0.00 22.03 -2.33 22.97 -1.39 9.25 -0.05 23.38 4.38
1684257825279969 0.00 0.00 0.00 0.00 23.29 -2.33 22.97 -1.55 20.23 10.05 21.04 6.88
1684257825296857 0.00 0.00 0.00 0.00 22.04 -3.59 22.81 -1.86 -0.05 9.32 15.06 8.08
1684257825313390 0.00 0.00 0.00 0.00 23.31 -7.38 22.82 -2.65 9.41 19.00 14.23 9.46
1684257825328954 0.00 0.00 0.00 0.00 23.29 -3.59 22.82 -2.96 -0.26 50.63 11.07 15.80
1684257825345121 0.00 0.00 0.00 0.00 22.04 -3.59 22.66 -3.12 -0.10 19.48 8.63 17.03
1684257825360975 0.00 0.00 0.00 0.00 22.05 -6.11 22.67 -3.75 9.86 9.88 8.82 16.17
1684257825377953 0.00 0.00 0.00 0.00 23.30 -4.86 22.67 -4.22 -0.18 37.12 6.02 19.43
1684257825394107 0.00 0.00 0.00 0.00 22.04 -4.85 22.67 -4.54 -0.15 29.25 4.85 23.09
1684257825409874 0.00 0.00 0.00 0.00 20.79 -4.84 22.36 -4.85 -0.10 19.99 2.31 24.33
1684257825427471 0.00 0.00 0.00 0.00 23.30 -4.86 22.52 -5.01 17.77 17.82 4.53 25.39
1684257825443136 0.00 0.00 0.00 0.00 22.05 -6.11 22.36 -4.85 -10.09 10.11 2.10 24.28
1684257825458667 0.00 0.00 0.00 0.00 22.05 -6.11 22.20 -5.17 10.17 -10.21 3.40 16.68
1684257825476992 0.00 0.00 0.00 0.00 22.05 -6.11 22.20 -5.48 8.49 17.16 4.47 16.39
1684257825491408 0.00 0.00 0.00 0.00 23.35 -14.96 22.37 -6.59 -0.11 21.87 3.23 17.89
1684257825507420 0.00 0.00 0.00 0.00 22.06 -7.37 22.21 -6.90 -10.13 69.10 1.98 21.89
1684257825524266 0.00 0.00 0.00 0.00 20.80 -7.37 22.05 -7.22 9.24 18.68 3.16 20.57
1684257825540278 0.00 0.00 0.00 0.00 22.06 -7.37 22.21 -7.53 9.72 19.66 4.38 20.52
1684257825555960 0.00 0.00 0.00 0.00 22.06 -7.37 22.06 -7.85 -10.12 20.17 0.90 20.82
1684257825572926 0.00 0.00 0.00 0.00 20.80 -7.37 21.90 -8.00 9.17 18.55 3.31 21.87
1684257825588898 0.00 0.00 0.00 0.00 23.31 -7.38 22.06 -8.16 9.79 9.83 3.26 24.38
1684257825605346 0.00 0.00 0.00 0.00 23.31 -7.38 22.22 -8.32 -9.61 9.64 0.99 23.44
1684257825621645 0.00 0.00 0.00 0.00 20.80 -7.37 21.90 -7.37 -9.70 9.73 -0.20 21.92
1684257825639414 0.00 0.00 0.00 0.00 22.06 -8.64 21.90 -7.53 17.93 -53.43 3.30 6.60
1684257825653655 0.00 0.00 0.00 0.00 22.06 -7.37 22.06 -7.53 -0.05 11.09 2.14 5.66
1684257825670982 0.00 0.00 0.00 0.00 22.06 -8.64 22.06 -7.69 -9.07 0.04 -0.21 3.20
1684257825686065 0.00 0.00 0.00 0.00 23.32 -8.64 22.22 -7.85 -0.05 10.47 1.05 1.99
1684257825703777 0.00 0.00 0.00 0.00 20.80 -7.37 22.22 -7.85 -8.92 8.96 -1.21 0.79
1684257825718666 0.00 0.00 0.00 0.00 19.55 -8.62 21.74 -8.00 -0.00 -0.00 -2.43 -0.44
1684257825736469 0.00 0.00 0.00 0.00 20.80 -7.37 21.43 -8.00 26.44 8.74 2.07 -0.55
1684257825752185 0.00 0.00 0.00 0.00 20.80 -7.37 21.43 -8.00 20.01 -0.10 5.78 -1.78
1684257825768563 0.00 0.00 0.00 0.00 19.54 -7.36 21.12 -7.84 0.00 -0.00 3.54 4.90
1684257825783944 0.00 0.00 0.00 0.00 19.54 -7.36 20.80 -7.84 20.48 -10.36 6.11 2.22
1684257825804055 0.00 0.00 0.00 0.00 19.54 -7.36 20.49 -7.68 15.63 -0.07 9.20 2.20
1684257825816831 0.00 0.00 0.00 0.00 17.03 -7.35 19.70 -7.52 24.65 -12.48 12.29 -0.66
1684257825837013 0.00 0.00 0.00 0.00 19.54 -7.36 19.54 -7.52 38.95 -8.00 18.27 -2.78
1684257825849245 0.00 0.00 0.00 0.00 19.54 -7.36 19.54 -7.36 12.84 -0.06 19.87 -2.79
1684257825864973 0.00 0.00 0.00 0.00 15.77 -6.08 18.91 -7.20 0.05 -10.04 16.58 -5.14
1684257825881681 0.00 0.00 0.00 0.00 17.03 -6.09 18.44 -7.04 37.61 -9.61 18.78 -6.33
1684257825897765 0.00 0.00 0.00 0.00 18.29 -7.36 18.29 -7.04 29.32 -9.94 22.44 -7.57
1684257825915123 0.00 0.00 0.00 0.00 18.28 -6.09 18.13 -6.88 9.04 -0.04 21.01 -6.28
1684257825931225 0.00 0.00 0.00 0.00 17.03 -6.09 17.81 -6.72 9.79 -9.85 20.28 -7.50
1684257825947168 0.00 0.00 0.00 0.00 15.77 -6.08 17.66 -6.56 19.73 -9.98 19.67 -7.19
1684257825964447 0.00 0.00 0.00 0.00 18.28 -6.09 17.50 -6.41 9.11 -9.17 15.94 -7.34
1684257825978706 0.00 0.00 0.00 0.00 15.77 -6.08 17.03 -6.25 11.06 -11.12 15.71 -8.72
1684257825997400 0.00 0.00 0.00 0.00 15.78 -7.35 17.03 -6.40 25.21 -8.55 18.86 -8.53
1684257826020113 0.00 0.00 0.00 0.00 15.77 -6.08 16.87 -6.40 -0.03 6.95 14.16 -6.46
1684257826035207 0.00 0.00 0.00 0.00 17.03 -6.09 16.71 -6.24 10.39 -0.04 11.79 -5.22
1684257826047363 0.00 0.00 0.00 0.00 15.77 -6.08 16.40 -6.24 12.96 -13.04 12.28 -6.85
1684257826061443 0.00 0.00 0.00 0.00 15.77 -6.08 16.24 -6.24 22.27 -0.09 13.84 -5.63
1684257826075557 0.00 0.00 0.00 0.00 14.52 -7.34 16.09 -6.40 11.11 -0.04 12.76 -4.39
1684257826091758 0.00 0.00 0.00 0.00 15.77 -6.08 15.77 -6.40 9.64 9.71 12.83 -2.03
1684257826108505 0.00 0.00 0.00 0.00 17.03 -6.09 15.93 -6.40 18.73 -0.08 13.78 -0.65
1684257826125782 0.00 0.00 0.00 0.00 14.52 -7.34 15.77 -6.40 -9.07 0.04 9.50 0.43
1684257826140441 0.00 0.00 0.00 0.00 15.75 0.21 15.77 -5.61 10.69 -0.04 10.84 -0.45
1684257826163202 0.00 0.00 0.00 0.00 15.77 -6.08 15.61 -5.61 0.13 -34.58 9.56 -4.77
1684257826175291 0.00 0.00 0.00 0.00 15.77 -6.08 15.61 -5.61 12.97 -0.05 9.56 -3.14
1684257826189268 0.00 0.00 0.00 0.00 15.77 -6.08 15.61 -5.61 0.00 0.00 6.77 -3.13
1684257826205231 0.00 0.00 0.00 0.00 14.52 -6.08 15.61 -5.45 0.00 0.00 5.38 -3.13
1684257826222431 0.00 0.00 0.00 0.00 15.77 -6.08 15.61 -5.45 0.03 -9.18 4.18 -5.49
1684257826238581 0.00 0.00 0.00 0.00 14.52 -6.08 15.30 -5.45 0.00 -0.00 1.84 -5.48
1684257826254459 0.00 0.00 0.00 0.00 15.77 -6.08 15.46 -5.29 19.74 -0.07 5.45 -5.49
1684257826270297 0.00 0.00 0.00 0.00 13.27 -6.07 15.15 -6.08 -9.86 -9.93 2.88 -6.73
1684257826286770 0.00 0.00 0.00 0.00 15.75 -1.04 15.14 -5.45 18.85 47.72 5.22 3.56
1684257826303423 0.00 0.00 0.00 0.00 15.77 -6.08 15.14 -5.45 0.14 -37.83 3.61 -1.16
1684257826320037 0.00 0.00 0.00 0.00 15.77 -6.08 15.14 -5.45 -0.00 0.00 3.61 -1.16
1684257826336249 0.00 0.00 0.00 0.00 14.52 -6.08 15.14 -5.45 0.00 0.00 3.61 -1.16
1684257826351802 0.00 0.00 0.00 0.00 15.77 -6.08 15.14 -5.45 0.00 0.00 3.61 -0.01
1684257826367747 0.00 0.00 0.00 0.00 15.78 -7.35 15.30 -5.61 0.00 0.00 3.61 -0.01
1684257826384759 0.00 0.00 0.00 0.00 17.03 -6.09 15.46 -5.61 -9.25 9.31 -0.02 1.16
1684257826402394 0.00 0.00 0.00 0.00 15.77 -6.08 15.77 -5.61 -8.89 0.03 0.11 2.40
1684257826418462 0.00 0.00 0.00 0.00 14.52 -6.08 15.62 -6.24 -19.50 0.07 -4.69 -3.55
1684257826435542 0.00 0.00 0.00 0.00 14.52 -6.08 15.46 -6.24 9.04 36.85 -3.57 5.78
1684257826449113 0.00 0.00 0.00 0.00 15.77 -6.08 15.46 -6.24 11.55 -0.04 -2.13 5.78
1684257826468898 0.00 0.00 0.00 0.00 14.52 -6.08 15.46 -6.24 0.00 0.00 -2.13 5.78
1684257826481920 0.00 0.00 0.00 0.00 15.77 -6.08 15.46 -6.24 0.00 -0.00 -2.13 5.78
1684257826498831 0.00 0.00 0.00 0.00 14.52 -6.08 15.30 -6.08 0.00 0.00 -2.13 5.78
1684257826514052 0.00 0.00 0.00 0.00 13.26 -4.81 14.83 -5.92 10.33 -10.41 0.32 3.31
1684257826530625 0.00 0.00 0.00 0.00 14.52 -6.08 14.67 -5.92 28.39 -9.62 4.98 2.11
1684257826546997 0.00 0.00 0.00 0.00 15.77 -4.82 14.83 -5.76 9.57 -0.03 8.61 2.09
1684257826562848 0.00 0.00 0.00 0.00 14.52 -6.08 14.83 -5.76 -9.85 -9.91 6.25 -3.75
1684257826579234 0.00 0.00 0.00 0.00 14.52 -6.08 14.67 -5.76 0.00 0.00 4.81 -3.75
1684257826597202 0.00 0.00 0.00 0.00 15.77 -4.82 14.83 -5.61 8.72 -0.03 5.90 -3.75
1684257826611909 0.00 0.00 0.00 0.00 15.77 -4.82 14.83 -5.45 -10.61 -10.69 4.57 -5.09
1684257826628576 0.00 0.00 0.00 0.00 14.52 -6.08 14.83 -5.45 0.04 -9.46 4.57 -6.27
1684257826644848 0.00 0.00 0.00 0.00 13.26 -4.81 14.83 -5.45 -0.00 0.00 3.28 -4.97
1684257826660430 0.00 0.00 0.00 0.00 13.27 -6.07 14.67 -5.45 0.00 -0.00 -0.27 -3.77
1684257826676447 0.00 0.00 0.00 0.00 13.26 -4.81 14.36 -5.45 9.78 -0.03 -0.24 -3.77
1684257826693179 0.00 0.00 0.00 0.00 13.26 -4.81 14.20 -5.29 18.72 -0.06 3.33 -2.53
1684257826709151 0.00 0.00 0.00 0.00 13.26 -4.81 14.05 -5.13 9.84 -9.91 4.56 -3.77
1684257826726338 0.00 0.00 0.00 0.00 13.26 -4.81 13.73 -5.13 9.14 -9.21 4.61 -4.92
1684257826742348 0.00 0.00 0.00 0.00 13.26 -3.55 13.42 -4.97 19.56 -0.07 8.38 -3.59
1684257826758024 0.00 0.00 0.00 0.00 13.26 -4.81 13.26 -4.81 20.01 -10.12 10.88 -3.67
1684257826774980 0.00 0.00 0.00 0.00 13.26 -4.81 13.26 -4.81 9.27 -9.33 12.04 -4.84
1684257826790784 0.00 0.00 0.00 0.00 13.26 -4.81 13.26 -4.66 0.00 0.00 12.04 -4.84
1684257826807262 0.00 0.00 0.00 0.00 12.01 -4.81 13.10 -4.65 0.03 -9.57 10.82 -6.03
1684257826823935 0.00 0.00 0.00 0.00 13.26 -3.55 13.10 -4.50 9.39 -0.03 9.65 -6.03
1684257826839487 0.00 0.00 0.00 0.00 14.51 -4.82 13.26 -4.50 0.03 -10.13 8.43 -6.06
1684257826855821 0.00 0.00 0.00 0.00 12.00 -2.29 13.10 -4.18 -9.59 0.03 6.09 -4.90
1684257826872285 0.00 0.00 0.00 0.00 12.01 -3.55 12.95 -4.18 9.56 -19.16 4.84 -7.29
1684257826889132 0.00 0.00 0.00 0.00 12.00 -2.29 12.79 -3.87 9.29 -0.03 3.50 -6.03
1684257826906556 0.00 0.00 0.00 0.00 12.01 -3.55 12.63 -3.71 9.03 -18.10 3.47 -7.12
1684257826921123 0.00 0.00 0.00 0.00 13.26 -3.55 12.63 -3.55 10.77 -10.85 4.81 -8.48
1684257826937670 0.00 0.00 0.00 0.00 12.01 -3.55 12.63 -3.39 0.03 -9.52 4.81 -8.47
1684257826953703 0.00 0.00 0.00 0.00 10.76 -3.55 12.32 -3.39 0.03 -9.83 3.64 -9.70
1684257826972817 0.00 0.00 0.00 0.00 13.25 -2.29 12.16 -3.08 16.37 -0.04 5.68 -8.44
1684257826985620 0.00 0.00 0.00 0.00 10.76 -3.55 12.01 -3.23 12.30 -24.64 8.42 -11.52
1684257827004047 0.00 0.00 0.00 0.00 10.76 -3.55 11.85 -3.23 8.46 8.52 8.28 -8.06
1684257827017850 0.00 0.00 0.00 0.00 9.50 -3.54 11.54 -3.39 11.33 -0.03 8.54 -8.06
1684257827033760 0.00 0.00 0.00 0.00 9.50 -3.54 11.22 -3.39 19.63 9.85 9.86 -4.57
1684257827049957 0.00 0.00 0.00 0.00 10.75 -2.29 10.91 -3.23 19.31 -0.04 10.93 -3.22
1684257827066300 0.00 0.00 0.00 0.00 10.76 -3.55 10.75 -3.23 19.16 -9.68 13.32 -3.24
1684257827082693 0.00 0.00 0.00 0.00 9.50 -3.54 10.60 -3.23 9.54 -0.02 14.51 -2.01
1684257827099057 0.00 0.00 0.00 0.00 12.02 -7.33 10.44 -3.86 9.55 -0.02 13.66 -2.01
1684257827115385 0.00 0.00 0.00 0.00 10.76 -3.55 10.44 -3.86 9.47 38.59 13.31 5.90
1684257827131088 0.00 0.00 0.00 0.00 12.01 -3.55 10.60 -3.86 -0.00 0.00 12.25 4.83
1684257827147651 0.00 0.00 0.00 0.00 10.75 -2.29 10.76 -3.70 -9.44 0.02 9.65 4.84
1684257827164347 0.00 0.00 0.00 0.00 8.25 -2.28 10.60 -3.55 -9.34 -9.41 6.03 2.43
1684257827179969 0.00 0.00 0.00 0.00 10.75 -2.29 10.60 -3.55 10.02 -10.09 4.87 1.17
1684257827196374 0.00 0.00 0.00 0.00 10.75 -2.29 10.60 -3.39 0.00 0.00 2.48 2.38
1684257827212368 0.00 0.00 0.00 0.00 10.75 -2.29 10.76 -3.23 0.02 -9.84 1.29 1.16
1684257827228668 0.00 0.00 0.00 0.00 10.75 -2.29 10.60 -2.60 -9.57 -9.64 -1.10 -0.05
1684257827244609 0.00 0.00 0.00 0.00 10.75 -2.29 10.60 -2.44 9.91 -39.58 -1.05 -9.82
1684257827261206 0.00 0.00 0.00 0.00 12.00 -2.29 10.60 -2.29 0.02 -9.48 -1.05 -11.00
1684257827277668 0.00 0.00 0.00 0.00 10.75 -2.29 10.60 -2.29 0.03 -9.56 0.14 -12.20
1684257827294829 0.00 0.00 0.00 0.00 10.75 -1.03 10.91 -2.13 0.00 0.00 1.30 -11.02
1684257827310085 0.00 0.00 0.00 0.00 10.75 -1.03 10.91 -1.97 -20.46 -10.27 -2.51 -11.05
1684257827326425 0.00 0.00 0.00 0.00 12.00 -2.29 11.06 -1.97 0.02 -9.62 -2.50 -12.25
1684257827343040 0.00 0.00 0.00 0.00 9.50 -2.28 10.91 -1.97 -9.41 0.02 -3.68 -11.02
1684257827359019 0.00 0.00 0.00 0.00 9.50 -1.03 10.75 -1.81 9.78 -0.02 -1.26 -9.81
1684257827375027 0.00 0.00 0.00 0.00 10.75 -2.29 10.75 -1.81 9.78 -9.84 -1.28 -6.10
1684257827391547 0.00 0.00 0.00 0.00 10.75 -2.29 10.60 -1.81 0.00 0.00 -1.28 -4.91
1684257827409271 0.00 0.00 0.00 0.00 9.50 -2.28 10.44 -1.81 8.82 -0.02 -0.18 -3.72
1684257827424206 0.00 0.00 0.00 0.00 10.75 -2.29 10.44 -1.97 10.46 -0.02 1.12 -3.72
1684257827444711 0.00 0.00 0.00 0.00 12.00 -2.29 10.60 -2.13 -0.02 7.67 3.68 -1.48
1684257827456746 0.00 0.00 0.00 0.00 10.75 -2.29 10.44 -2.13 -13.02 13.10 2.05 1.36
1684257827472269 0.00 0.00 0.00 0.00 9.50 -1.03 10.44 -1.97 10.07 -0.02 4.48 1.35
1684257827488501 0.00 0.00 0.00 0.00 9.50 -2.28 10.44 -2.13 0.02 -9.69 3.26 0.15
1684257827504710 0.00 0.00 0.00 0.00 7.00 -1.02 9.97 -1.97 -0.02 9.70 2.04 2.59
1684257827521294 0.00 0.00 0.00 0.00 9.50 -1.03 9.81 -1.81 28.27 -9.53 5.57 1.40
1684257827537593 0.00 0.00 0.00 0.00 8.25 -2.28 9.66 -1.81 9.60 -9.67 5.67 0.19
1684257827558328 0.00 0.00 0.00 0.00 9.50 -2.28 9.50 -1.81 7.53 -0.01 5.31 0.19
1684257827570205 0.00 0.00 0.00 0.00 8.25 -2.28 9.03 -1.81 13.16 -0.03 6.95 -0.77
1684257827586874 0.00 0.00 0.00 0.00 9.50 -2.28 8.88 -1.81 28.12 -0.06 12.09 -2.41
1684257827602462 0.00 0.00 0.00 0.00 7.00 -2.28 8.56 -1.97 10.02 -0.02 12.09 -2.41
1684257827619418 0.00 0.00 0.00 0.00 7.00 -3.54 8.25 -2.12 18.41 9.25 14.39 -0.05
1684257827635417 0.00 0.00 0.00 0.00 8.25 -2.28 8.41 -2.28 19.51 9.81 16.83 -0.03
1684257827654691 0.00 0.00 0.00 0.00 8.25 -2.28 8.25 -2.44 -8.11 8.17 12.28 2.18
1684257827667563 0.00 0.00 0.00 0.00 7.00 -2.28 8.10 -2.44 12.11 12.20 12.60 4.91
1684257827684863 0.00 0.00 0.00 0.00 7.00 -2.28 7.78 -2.44 9.03 -0.01 12.78 4.91
1684257827703584 0.00 0.00 0.00 0.00 7.00 -2.28 7.63 -2.44 16.69 -0.02 13.22 4.91
1684257827716443 0.00 0.00 0.00 0.00 7.00 -3.54 7.32 -2.60 12.15 -0.01 11.23 4.92
1684257827732466 0.00 0.00 0.00 0.00 7.00 -3.54 7.32 -2.75 19.49 9.80 12.41 6.15
1684257827750782 0.00 0.00 0.00 0.00 5.75 -2.28 7.16 -2.60 -0.01 8.59 10.11 6.06
1684257827765338 0.00 0.00 0.00 0.00 7.00 -2.28 7.00 -2.59 10.74 -10.82 9.01 3.49
1684257827781587 0.00 0.00 0.00 0.00 5.75 -1.02 6.69 -2.44 9.61 -0.01 11.22 2.46
1684257827803583 0.00 0.00 0.00 0.00 7.00 -1.02 6.69 -2.28 14.20 -7.16 11.49 0.04
1684257827816011 0.00 0.00 0.00 0.00 4.51 -1.02 6.38 -2.12 0.01 -12.65 10.36 -1.54
1684257827830123 0.00 0.00 0.00 0.00 4.51 -1.02 6.07 -1.97 22.13 -11.16 11.04 -2.93
1684257827846867 0.00 0.00 0.00 0.00 5.75 -2.28 5.91 -1.81 18.65 -9.40 11.85 -4.10
1684257827864016 0.00 0.00 0.00 0.00 5.75 -2.28 5.75 -1.65 9.11 -9.18 10.56 -6.47
1684257827879079 0.00 0.00 0.00 0.00 4.51 -2.28 5.60 -1.65 10.38 -10.46 11.86 -8.86
1684257827896330 0.00 0.00 0.00 0.00 5.75 -1.02 5.44 -1.49 9.05 -0.00 11.64 -7.50
1684257827912002 0.00 0.00 0.00 0.00 5.75 -1.02 5.44 -1.49 9.97 -10.04 11.69 -8.76
1684257827929292 0.00 0.00 0.00 0.00 3.26 -1.02 4.97 -1.49 0.00 0.00 9.91 -7.86
1684257827945546 0.00 0.00 0.00 0.00 3.26 -1.02 4.82 -1.49 28.80 -0.01 13.51 -6.28
1684257827960461 0.00 0.00 0.00 0.00 4.51 -1.02 4.82 -1.49 10.46 0.00 12.05 -4.89
1684257827976905 0.00 0.00 0.00 0.00 4.50 1.49 4.66 -1.02 0.00 0.00 9.72 -3.71
1684257827994466 0.00 0.00 0.00 0.00 0.76 0.23 4.04 -0.71 8.89 -26.83 9.69 -5.92
1684257828008301 0.00 0.00 0.00 0.00 2.01 -1.02 3.72 -0.55 45.12 -22.71 14.04 -7.45
1684257828024860 0.00 0.00 0.00 0.00 2.01 1.49 3.26 -0.24 18.85 -9.49 15.26 -8.64
1684257828040503 0.00 0.00 0.00 0.00 4.50 0.24 3.10 -0.08 29.92 -20.07 17.76 -9.89
1684257828058733 0.00 0.00 0.00 0.00 3.26 0.24 3.10 0.08 8.56 -8.62 18.83 -10.97
1684257828073606 0.00 0.00 0.00 0.00 2.01 1.49 2.94 0.39 -0.00 -10.56 15.23 -12.28
1684257828089270 0.00 0.00 0.00 0.00 2.01 2.74 2.63 0.86 9.95 -20.04 15.16 -14.79
1684257828105761 0.00 0.00 0.00 0.00 3.26 1.49 2.48 0.86 18.91 -28.54 17.53 -18.36
1684257828122027 0.00 0.00 0.00 0.00 0.77 5.25 2.48 1.49 9.59 0.00 17.61 -15.00
1684257828138077 0.00 0.00 0.00 0.00 2.01 2.74 2.48 1.96 -0.04 -39.05 11.97 -17.05
1684257828155021 0.00 0.00 0.00 0.00 3.26 1.49 2.63 1.96 -0.02 -27.78 9.61 -19.33
1684257828171104 0.00 0.00 0.00 0.00 2.01 2.74 2.32 2.27 -9.70 -0.00 4.66 -16.82
1684257828186823 0.00 0.00 0.00 0.00 3.26 2.74 2.32 2.59 19.84 -19.95 6.07 -18.24
1684257828203007 0.00 0.00 0.00 0.00 0.76 2.74 2.17 2.74 -0.00 -19.38 6.07 -19.34
1684257828219826 0.00 0.00 0.00 0.00 2.01 4.00 2.17 2.90 9.26 -9.31 5.98 -18.00
1684257828236833 0.00 0.00 0.00 0.00 2.01 2.74 2.01 3.06 -0.01 -9.21 3.62 -15.58
1684257828253259 0.00 0.00 0.00 0.00 3.26 4.00 2.32 2.90 9.49 -9.54 3.60 -16.78
1684257828270431 0.00 0.00 0.00 0.00 2.01 4.00 2.32 3.06 -18.14 9.10 1.34 -10.76
1684257828287294 0.00 0.00 0.00 0.00 0.76 4.00 2.01 3.37 -0.01 -9.29 1.34 -8.45
1684257828300613 0.00 0.00 0.00 0.00 0.76 4.00 1.85 3.53 23.40 -23.51 5.48 -11.39
1684257828316996 0.00 0.00 0.00 0.00 2.01 5.25 1.70 3.84 9.51 -9.55 4.19 -10.09
1684257828342102 0.00 0.00 0.00 0.00 0.76 4.00 1.70 4.00 6.20 -12.47 4.96 -9.22
1684257828354260 0.00 0.00 0.00 0.00 2.01 4.00 1.70 4.00 -0.01 -12.88 3.80 -9.67
1684257828368141 0.00 0.00 0.00 0.00 0.77 5.25 1.54 4.31 0.00 0.00 3.80 -8.52
1684257828382390 0.00 0.00 0.00 0.00 -0.48 3.99 1.08 4.31 10.92 -21.96 3.98 -10.07
1684257828400461 0.00 0.00 0.00 0.00 2.01 4.00 1.08 4.31 25.87 0.02 9.49 -11.20
1684257828416128 0.00 0.00 0.00 0.00 2.01 5.25 1.23 4.47 0.00 0.00 9.49 -10.04
1684257828432135 0.00 0.00 0.00 0.00 2.01 4.00 1.39 4.47 -9.74 -9.78 5.34 -8.33
1684257828447116 0.00 0.00 0.00 0.00 -0.48 5.25 1.08 4.47 -10.40 -0.01 2.86 -7.13
1684257828463933 0.00 0.00 0.00 0.00 -0.48 5.25 0.92 4.62 18.53 0.02 4.40 -5.57
1684257828479806 0.00 0.00 0.00 0.00 -0.48 3.99 0.61 4.62 9.81 -9.85 5.62 -5.20
1684257828496205 0.00 0.00 0.00 0.00 -2.98 5.24 0.14 4.62 19.01 0.02 8.00 -5.19
1684257828512358 0.00 0.00 0.00 0.00 -1.73 5.24 -0.01 4.78 28.95 0.04 10.25 -2.44
1684257828529460 0.00 0.00 0.00 0.00 -1.73 5.24 -0.48 4.93 9.10 -9.14 8.16 -3.59
1684257828545220 80.00 0.00 0.00 0.00 -0.48 5.25 -0.79 4.93 29.66 -9.90 11.86 -4.82
1684257828567440 80.00 0.00 0.00 0.00 -2.98 3.99 -1.42 4.93 14.03 0.01 14.84 -3.60
1684257828580278 80.00 0.00 0.00 0.00 -0.48 5.25 -1.42 4.93 48.58 0.06 22.21 -3.59
1684257828593180 80.00 0.00 0.00 0.00 -0.48 3.99 -1.42 4.78 0.00 0.00 19.89 -3.59
1684257828610303 80.00 0.00 0.00 0.00 -0.48 3.99 -1.42 4.78 0.01 9.14 18.67 -1.22
1684257828626474 80.00 0.00 0.00 0.00 -0.48 3.99 -1.11 4.62 0.00 0.00 16.29 -1.22
1684257828642464 80.00 0.00 0.00 0.00 -1.73 3.99 -1.11 4.46 -19.49 9.76 10.24 -0.01
1684257828658132 80.00 0.00 0.00 0.00 0.76 4.00 -0.79 4.31 0.02 9.99 9.10 2.38
1684257828674223 80.00 0.00 0.00 0.00 0.76 4.00 -0.64 4.15 -19.36 9.70 2.97 4.83
1684257828690896 80.00 0.00 0.00 0.00 3.26 4.00 0.14 4.15 -9.34 9.37 0.05 6.00
1684257828708886 80.00 0.00 0.00 0.00 4.50 4.00 0.76 4.00 -43.33 -0.05 -11.44 5.99
1684257828723658 80.00 0.00 0.00 0.00 5.75 4.00 1.54 4.00 -42.19 10.57 -16.71 7.31
1684257828740309 80.00 0.00 0.00 0.00 8.24 5.25 2.63 4.15 -46.80 -0.02 -22.56 6.17
1684257828756575 80.00 0.00 0.00 0.00 7.00 -2.28 3.57 3.37 -67.06 -9.62 -30.94 4.96
1684257828771883 80.00 0.00 0.00 0.00 9.49 5.24 4.97 3.52 -61.13 51.24 -36.15 10.15
1684257828789404 80.00 0.00 0.00 0.00 10.74 5.24 6.22 3.68 -80.05 -8.93 -46.16 7.78
1684257828804880 80.00 0.00 0.00 0.00 11.99 5.24 7.62 3.84 -80.55 -10.07 -53.81 5.31
1684257828821431 80.00 0.00 0.00 0.00 16.98 5.23 9.34 3.99 -84.75 -9.40 -63.23 2.96
1684257828837541 80.00 0.00 0.00 0.00 18.24 5.22 11.05 4.14 -106.51 -9.55 -71.13 1.78
1684257828853365 80.00 0.00 0.00 0.00 22.00 5.21 13.08 4.29 -108.48 -9.69 -79.42 -0.76
1684257828871465 80.00 0.00 0.00 0.00 23.25 5.21 14.96 4.29 -112.20 -8.38 -87.59 -1.80
1684257828886039 80.00 0.00 0.00 0.00 25.76 6.45 17.31 5.38 -128.74 0.36 -95.30 -0.55
1684257828902147 80.00 0.00 0.00 0.00 28.28 6.44 19.65 5.53 -145.58 -67.74 -105.86 -15.43
1684257828918733 80.00 0.00 0.00 0.00 30.81 6.43 22.16 5.68 -141.64 -8.99 -113.56 -15.43
1684257828935187 80.00 0.00 0.00 0.00 33.34 5.16 24.83 5.67 -152.47 -9.00 -122.54 -15.30
1684257828951503 80.00 0.00 0.00 0.00 35.87 5.15 27.19 5.66 -163.60 0.61 -132.40 -14.05
1684257828968521 80.00 0.00 0.00 0.00 38.39 6.40 29.71 5.80 -138.71 0.57 -136.43 -12.78
1684257828985621 80.00 0.00 0.00 0.00 39.66 6.39 31.92 5.95 -147.37 -8.59 -141.29 -12.65
1684257829000639 80.00 0.00 0.00 0.00 47.24 12.66 34.92 6.89 -147.01 -9.86 -145.64 -12.83
1684257829014759 80.00 0.00 0.00 0.00 48.50 6.38 37.76 6.88 -212.32 -66.04 -156.09 -21.13
1684257829035310 80.00 0.00 0.00 0.00 51.00 6.38 40.60 6.87 -138.28 0.42 -155.17 -12.61
1684257829047237 80.00 0.00 0.00 0.00 52.23 -1.14 43.28 5.92 -238.14 0.60 -167.24 -11.41
1684257829065168 80.00 0.00 0.00 0.00 53.50 7.64 45.80 6.23 -149.33 52.78 -166.85 -3.69
1684257829080368 80.00 0.00 0.00 0.00 56.00 13.92 48.31 7.33 -165.83 -20.40 -167.13 -6.31
1684257829098301 80.00 0.00 0.00 0.00 58.43 6.41 50.82 7.33 -140.31 -61.16 -167.33 -14.03
1684257829113373 80.00 0.00 0.00 0.00 58.44 7.66 53.17 7.49 -166.16 -0.09 -169.67 -12.97
1684257829130089 80.00 0.00 0.00 0.00 60.86 6.43 54.87 6.71 -140.41 -9.48 -168.85 -12.92
1684257829145666 80.00 0.00 0.00 0.00 63.27 7.70 56.72 6.88 -109.32 50.04 -155.97 1.59
1684257829161110 80.00 0.00 0.00 0.00 63.26 6.45 58.25 6.88 -119.56 -10.69 -153.63 0.20
1684257829177954 80.00 0.00 0.00 0.00 64.44 6.47 59.77 7.84 -90.93 -0.53 -135.23 0.06
1684257829193929 80.00 0.00 0.00 0.00 66.79 6.50 61.44 7.69 -95.61 -59.55 -128.52 -13.98
1684257829210695 80.00 0.00 0.00 0.00 65.61 5.24 62.64 6.61 -99.09 8.52 -120.17 -10.37
1684257829227016 80.00 0.00 0.00 0.00 67.93 5.28 63.82 6.47 -73.59 66.52 -111.83 5.59
1684257829244799 80.00 0.00 0.00 0.00 67.95 6.52 65.01 6.32 -66.78 7.96 -99.41 6.60
1684257829259253 80.00 0.00 0.00 0.00 70.21 5.32 66.18 6.18 -82.28 9.90 -92.14 9.02
1684257829275520 80.00 0.00 0.00 0.00 70.24 6.56 67.05 6.04 -71.89 8.49 -87.47 3.83
1684257829293432 80.00 0.00 0.00 0.00 70.24 6.56 67.93 6.05 -48.62 7.97 -78.60 6.16
1684257829308861 80.00 0.00 0.00 0.00 72.48 6.61 68.93 6.07 -56.55 -0.86 -74.30 6.12
1684257829324536 80.00 0.00 0.00 0.00 72.48 6.61 69.64 6.09 -64.07 -1.10 -70.36 13.42
1684257829345014 80.00 0.00 0.00 0.00 72.48 6.61 70.50 6.26 -34.72 -0.65 -62.31 12.28
1684257829357070 80.00 0.00 0.00 0.00 72.48 6.61 71.07 6.42 -71.27 -14.16 -62.02 2.19
1684257829372100 80.00 0.00 0.00 0.00 73.52 4.18 71.77 6.13 -37.83 -11.04 -58.40 -0.18
1684257829389711 80.00 0.00 0.00 0.00 72.45 5.37 72.05 6.14 -39.56 16.62 -53.06 0.66
1684257829405695 80.00 0.00 0.00 0.00 73.63 9.09 72.47 6.45 -17.51 -0.40 -46.27 -0.45
1684257829421346 80.00 0.00 0.00 0.00 73.69 14.02 72.90 7.39 -27.09 -20.22 -43.57 -3.98
1684257829437986 80.00 0.00 0.00 0.00 74.67 6.66 73.18 7.39 -25.97 -56.07 -39.75 -10.88
1684257829455145 80.00 0.00 0.00 0.00 74.64 5.43 73.45 7.25 -15.99 -0.38 -33.74 -10.79
1684257829470403 80.00 0.00 0.00 0.00 73.55 5.40 73.58 7.10 -17.74 9.61 -31.62 -9.51
1684257829487031 80.00 0.00 0.00 0.00 74.72 9.11 73.86 7.41 -8.09 9.04 -23.72 -6.61
1684257829503012 80.00 0.00 0.00 0.00 73.68 12.79 73.88 8.49 -17.56 -19.61 -21.19 -7.68
1684257829519176 80.00 0.00 0.00 0.00 75.72 5.46 74.29 8.50 -1.21 -66.60 -16.40 -18.08
1684257829536555 80.00 0.00 0.00 0.00 74.67 6.66 74.42 8.19 -23.51 -0.64 -17.15 -18.11
1684257829551760 80.00 0.00 0.00 0.00 75.72 5.46 74.67 7.12 -8.58 20.00 -14.83 -13.08
1684257829568011 80.00 0.00 0.00 0.00 74.78 12.80 74.69 7.89 -15.60 65.84 -13.54 2.16
1684257829584666 80.00 0.00 0.00 0.00 74.79 14.03 74.71 8.97 -0.79 -46.12 -11.64 -3.56
1684257829601952 80.00 0.00 0.00 0.00 76.58 -0.57 75.08 8.22 -1.06 -62.20 -9.55 -12.54
1684257829616953 80.00 0.00 0.00 0.00 74.61 4.21 75.07 7.61 -25.23 49.79 -11.69 -7.44
1684257829633786 80.00 0.00 0.00 0.00 75.69 4.24 75.32 6.54 0.82 36.41 -9.40 -0.44
1684257829649229 80.00 0.00 0.00 0.00 76.75 4.28 75.45 6.39 -16.25 69.17 -11.27 16.53
1684257829666151 80.00 0.00 0.00 0.00 75.78 7.91 75.59 6.55 -7.61 8.76 -9.29 17.71
1684257829681191 80.00 0.00 0.00 0.00 75.65 3.02 75.58 6.24 -9.20 -10.41 -9.36 13.90
1684257829697746 80.00 0.00 0.00 0.00 76.75 4.28 75.83 5.18 0.52 18.42 -7.35 7.98
1684257829716107 80.00 0.00 0.00 0.00 77.72 1.89 76.19 3.66 -13.44 58.03 -8.93 21.00
1684257829730353 80.00 0.00 0.00 0.00 76.71 3.06 76.21 4.11 -25.70 106.54 -12.01 42.09
1684257829746598 80.00 0.00 0.00 0.00 76.67 1.85 76.47 3.82 -1.02 -27.97 -8.98 32.37
1684257829763225 80.00 0.00 0.00 0.00 77.72 1.89 76.72 3.52 -15.49 17.74 -11.02 30.04
1684257829778971 80.00 0.00 0.00 0.00 76.67 1.85 76.71 3.22 -16.13 18.66 -11.01 23.72
1684257829795324 80.00 0.00 0.00 0.00 76.67 1.85 76.82 2.46 0.60 18.57 -9.98 24.95
1684257829811802 80.00 0.00 0.00 0.00 77.76 3.10 77.09 2.47 -6.78 45.98 -9.68 32.00
1684257829827775 80.00 0.00 0.00 0.00 77.67 0.68 77.20 2.02 -16.52 -0.62 -11.81 29.62
1684257829844111 80.00 0.00 0.00 0.00 78.91 6.78 77.35 2.63 -7.06 27.51 -11.01 25.80
1684257829860845 80.00 0.00 0.00 0.00 76.79 5.50 77.36 2.94 -8.90 -36.50 -8.91 7.92
1684257829877470 80.00 0.00 0.00 0.00 78.66 -0.47 77.61 2.65 -0.55 -18.30 -8.85 9.13
1684257829892874 80.00 0.00 0.00 0.00 79.67 -0.42 77.85 2.36 -16.09 18.82 -8.93 9.27
1684257829909056 80.00 0.00 0.00 0.00 78.84 4.35 78.12 2.67 -15.09 17.84 -8.80 9.16
1684257829925592 80.00 0.00 0.00 0.00 78.60 -1.67 78.36 2.23 -16.38 -18.94 -10.92 4.47
1684257829941516 80.00 0.00 0.00 0.00 78.80 3.14 78.49 2.24 -15.14 27.63 -11.97 2.18
1684257829958683 80.00 0.00 0.00 0.00 77.80 4.32 78.51 2.69 -7.54 -0.30 -10.84 2.22
1684257829974077 80.00 0.00 0.00 0.00 77.63 -0.52 78.35 1.78 -1.04 -29.49 -10.09 -4.91
1684257829990903 80.00 0.00 0.00 0.00 77.52 -2.93 78.44 0.73 9.56 54.24 -7.78 6.44
1684257830006301 80.00 0.00 0.00 0.00 77.87 6.75 78.34 1.63 -5.94 68.38 -8.46 17.27
1684257830025643 80.00 0.00 0.00 0.00 77.46 -4.12 78.06 1.16 5.07 -46.65 -5.81 9.09
1684257830038727 80.00 0.00 0.00 0.00 80.35 -6.30 78.25 -0.17 21.17 35.42 -1.28 11.28
1684257830054016 80.00 0.00 0.00 0.00 81.48 -3.87 78.61 -0.44 -12.38 87.08 -0.78 24.54
1684257830070719 80.00 0.00 0.00 0.00 80.56 -2.75 78.83 -1.18 -21.55 16.42 -1.58 23.14
1684257830091216 80.00 0.00 0.00 0.00 79.43 -5.19 79.04 -2.37 -10.74 35.92 -1.98 27.66
1684257830103662 80.00 0.00 0.00 0.00 80.43 -5.12 79.39 -2.94 -16.34 95.43 -3.89 43.28
1684257830119723 80.00 0.00 0.00 0.00 79.36 -6.37 79.62 -3.37 -21.80 35.76 -7.81 40.97
1684257830139223 80.00 0.00 0.00 0.00 81.41 -5.05 80.06 -4.84 -11.80 22.08 -8.55 35.18
1684257830153663 80.00 0.00 0.00 0.00 80.56 -2.75 80.45 -4.67 -30.64 102.08 -13.01 53.77
1684257830168043 80.00 0.00 0.00 0.00 79.43 -5.19 80.33 -4.53 -26.96 -11.98 -19.03 47.85
1684257830185091 80.00 0.00 0.00 0.00 80.43 -5.12 80.20 -4.69 6.78 -8.15 -16.63 35.94
1684257830202896 80.00 0.00 0.00 0.00 80.62 -1.56 80.21 -4.54 7.41 8.79 -13.01 34.99
1684257830217188 80.00 0.00 0.00 0.00 77.40 -5.32 79.95 -4.56 -0.54 -10.41 -11.74 29.20
1684257830235027 80.00 0.00 0.00 0.00 79.67 -0.42 79.86 -3.97 14.24 0.93 -7.91 17.39
1684257830249666 80.00 0.00 0.00 0.00 77.33 -6.51 79.61 -3.99 6.42 -40.13 -4.38 7.90
1684257830266353 80.00 0.00 0.00 0.00 79.50 -4.00 79.37 -3.86 15.20 1.05 -1.01 5.27
1684257830282655 80.00 0.00 0.00 0.00 81.61 -1.50 79.50 -3.70 14.69 -8.03 4.66 -8.49
1684257830298131 80.00 0.00 0.00 0.00 80.49 -3.93 79.63 -3.54 -8.49 -10.10 6.96 -8.26
1684257830315265 80.00 0.00 0.00 0.00 81.41 -5.05 79.75 -3.53 -7.78 -9.14 5.14 -8.38
1684257830330658 80.00 0.00 0.00 0.00 80.68 -0.36 79.76 -3.39 -8.00 -0.58 3.22 -9.55
1684257830347351 80.00 0.00 0.00 0.00 77.67 0.68 79.80 -2.64 -0.43 -8.93 3.23 -9.37
1684257830364497 80.00 0.00 0.00 0.00 80.56 -2.75 79.91 -2.93 -2.03 -43.76 1.20 -14.95
1684257830381820 80.00 0.00 0.00 0.00 80.68 -0.36 80.33 -2.16 -6.39 16.80 -0.40 -7.84
1684257830397225 80.00 0.00 0.00 0.00 80.49 -3.93 80.45 -2.15 -27.17 -49.88 -5.70 -14.20
1684257830412100 80.00 0.00 0.00 0.00 79.50 -4.00 80.19 -2.46 -8.40 -0.55 -8.59 -13.27
1684257830430405 80.00 0.00 0.00 0.00 80.62 -1.56 80.20 -2.17 14.45 17.10 -5.72 -9.87
1684257830444293 80.00 0.00 0.00 0.00 80.56 -2.75 80.10 -1.88 -1.14 -21.40 -4.89 -11.40
1684257830461081 80.00 0.00 0.00 0.00 80.56 -2.75 80.08 -2.18 6.34 -17.12 -3.10 -13.47
1684257830476847 80.00 0.00 0.00 0.00 81.55 -2.68 80.56 -2.60 0.95 18.90 -2.93 -9.99
1684257830493262 80.00 0.00 0.00 0.00 79.62 -1.61 80.45 -2.45 -29.50 25.63 -6.36 -1.32
1684257830509340 80.00 0.00 0.00 0.00 79.50 -4.00 80.30 -2.91 7.32 -8.80 -4.64 -4.52
1684257830526111 80.00 0.00 0.00 0.00 79.50 -4.00 80.17 -2.92 8.82 27.10 -0.15 5.11
1684257830542286 80.00 0.00 0.00 0.00 77.52 -2.93 79.93 -2.78 7.72 0.51 1.87 5.24
1684257830558393 80.00 0.00 0.00 0.00 80.56 -2.75 79.92 -2.93 15.35 -8.32 1.98 2.06
1684257830574545 80.00 0.00 0.00 0.00 80.56 -2.75 79.92 -2.93 0.48 9.21 2.18 5.89
1684257830591494 80.00 0.00 0.00 0.00 81.55 -2.68 80.04 -2.92 -0.00 0.00 1.39 8.03
1684257830606916 80.00 0.00 0.00 0.00 80.43 -5.12 79.90 -3.23 -8.01 -0.52 0.27 5.60
1684257830624982 80.00 0.00 0.00 0.00 78.48 -4.06 79.76 -3.53 7.76 16.85 4.93 4.50
1684257830639837 80.00 0.00 0.00 0.00 79.73 0.78 79.79 -2.94 9.55 20.60 5.21 8.18
1684257830655692 80.00 0.00 0.00 0.00 81.48 -3.87 80.04 -2.92 -1.82 -37.69 3.88 0.08
1684257830672449 80.00 0.00 0.00 0.00 78.48 -4.06 80.16 -3.06 -14.81 -1.00 1.06 -0.11
1684257830688440 80.00 0.00 0.00 0.00 80.49 -3.93 80.15 -3.21 -7.55 8.88 -1.80 2.04
1684257830704743 80.00 0.00 0.00 0.00 79.50 -4.00 80.02 -3.37 0.50 9.10 -1.80 2.03
1684257830721139 80.00 0.00 0.00 0.00 81.55 -2.68 80.02 -3.37 8.11 9.55 -0.78 3.22
1684257830737078 80.00 0.00 0.00 0.00 80.43 -5.12 80.02 -3.37 0.00 0.00 0.22 3.29
1684257830754455 80.00 0.00 0.00 0.00 80.49 -3.93 80.27 -3.35 0.00 0.00 -0.75 1.18
1684257830771415 80.00 0.00 0.00 0.00 80.35 -6.30 80.35 -4.24 -14.83 -0.96 -3.80 -1.51
1684257830786395 80.00 0.00 0.00 0.00 80.83 3.23 80.27 -3.35 -5.23 59.07 -4.23 10.58
1684257830802440 80.00 0.00 0.00 0.00 79.78 1.98 80.43 -2.59 5.06 -55.29 -1.74 3.79
1684257830819451 80.00 0.00 0.00 0.00 80.43 -5.12 80.42 -2.74 -9.50 -44.44 -1.99 -2.87
1684257830834858 80.00 0.00 0.00 0.00 80.43 -5.12 80.54 -2.88 0.56 9.61 -1.98 -2.81
1684257830850928 80.00 0.00 0.00 0.00 79.67 -0.42 80.30 -2.60 -7.24 8.70 -3.90 -2.91
1684257830866808 80.00 0.00 0.00 0.00 79.43 -5.19 80.18 -2.61 14.75 -17.82 -2.05 -5.14
1684257830884123 80.00 0.00 0.00 0.00 78.42 -5.25 79.92 -2.77 7.20 0.50 -1.15 -5.08
1684257830900416 80.00 0.00 0.00 0.00 77.40 -5.32 79.55 -2.65 15.93 10.13 2.69 -3.69
1684257830915864 80.00 0.00 0.00 0.00 80.73 0.83 79.53 -2.95 23.94 -7.92 6.34 -12.07
1684257830932773 80.00 0.00 0.00 0.00 78.42 -5.25 79.37 -3.85 0.72 17.73 5.79 -2.94
1684257830948476 80.00 0.00 0.00 0.00 78.42 -5.25 79.11 -3.87 10.80 57.61 8.33 9.82
1684257830964965 80.00 0.00 0.00 0.00 77.40 -5.32 78.74 -3.90 15.22 1.04 10.17 8.75
1684257830982425 80.00 0.00 0.00 0.00 79.36 -6.37 78.70 -4.64 21.69 1.45 13.78 7.84
1684257831000007 80.00 0.00 0.00 0.00 79.36 -6.37 78.69 -4.79 2.24 42.32 12.22 15.36
1684257831014948 80.00 0.00 0.00 0.00 77.33 -6.51 78.55 -4.95 0.59 9.91 11.39 16.53
1684257831029456 80.00 0.00 0.00 0.00 79.36 -6.37 78.80 -5.08 9.38 10.83 10.57 16.62
1684257831045458 80.00 0.00 0.00 0.00 79.50 -4.00 78.64 -5.68 -15.33 8.21 5.66 18.64
1684257831062432 80.00 0.00 0.00 0.00 78.35 -6.44 78.63 -5.83 9.12 35.59 6.71 20.87
1684257831077907 80.00 0.00 0.00 0.00 79.43 -5.19 78.76 -5.82 0.55 9.59 5.43 14.87
1684257831093596 80.00 0.00 0.00 0.00 79.36 -6.37 79.00 -5.95 -8.05 -0.54 2.52 14.67
1684257831110285 80.00 0.00 0.00 0.00 79.50 -4.00 79.02 -5.66 -14.70 7.88 -2.03 15.47
1684257831127388 80.00 0.00 0.00 0.00 77.40 -5.32 78.78 -5.52 -1.00 -17.33 -2.43 8.02
1684257831142898 80.00 0.00 0.00 0.00 77.80 4.32 78.84 -4.17 15.82 -8.47 -0.53 5.72
1684257831161333 80.00 0.00 0.00 0.00 78.42 -5.25 78.72 -4.03 -3.20 -73.41 -2.10 -4.81
1684257831175078 80.00 0.00 0.00 0.00 80.49 -3.93 78.84 -4.02 8.55 -10.16 0.89 -7.11
1684257831191302 80.00 0.00 0.00 0.00 79.50 -4.00 78.99 -3.72 -7.70 -0.51 -1.22 -11.62
1684257831207580 80.00 0.00 0.00 0.00 80.49 -3.93 79.12 -3.56 -8.79 -18.76 -2.38 -15.16
1684257831224481 80.00 0.00 0.00 0.00 80.49 -3.93 79.26 -3.26 -7.88 -9.27 -2.36 -16.25
1684257831240469 80.00 0.00 0.00 0.00 79.56 -2.81 79.27 -3.11 -8.88 -19.06 -1.64 -19.62
1684257831256327 80.00 0.00 0.00 0.00 80.56 -2.75 79.66 -2.79 -0.50 -9.39 -1.57 -18.63
1684257831273561 80.00 0.00 0.00 0.00 80.56 -2.75 80.01 -3.67 -22.95 -18.66 -6.42 -19.90
1684257831289770 80.00 0.00 0.00 0.00 81.55 -2.68 80.40 -3.35 -21.27 54.45 -8.68 -3.92
1684257831305334 80.00 0.00 0.00 0.00 80.68 -0.36 80.42 -2.90 -25.13 -20.66 -12.89 -5.23
1684257831322501 80.00 0.00 0.00 0.00 80.62 -1.56 80.56 -2.60 -1.34 -26.00 -12.09 -8.42
1684257831337662 80.00 0.00 0.00 0.00 80.78 2.03 80.60 -1.85 -9.28 -20.14 -12.15 -8.59
1684257831354015 80.00 0.00 0.00 0.00 81.87 4.48 80.77 -0.80 -2.21 -45.59 -11.45 -13.13
1684257831370204 80.00 0.00 0.00 0.00 80.56 -2.75 80.90 -0.79 -10.64 -64.94 -11.66 -18.87
1684257831386702 80.00 0.00 0.00 0.00 81.61 -1.50 81.03 -0.63 -7.59 -0.47 -12.55 -17.75
1684257831402691 80.00 0.00 0.00 0.00 80.92 5.64 81.07 0.41 -8.22 -9.78 -10.71 -16.64
1684257831419821 80.00 0.00 0.00 0.00 81.61 -1.50 81.08 0.56 -2.60 -61.19 -8.38 -31.10
1684257831435322 80.00 0.00 0.00 0.00 80.73 0.83 81.09 0.71 -0.51 -9.57 -5.30 -29.71
1684257831451484 80.00 0.00 0.00 0.00 81.55 -2.68 81.20 0.57 -0.42 -9.25 -5.18 -27.62
1684257831468860 80.00 0.00 0.00 0.00 79.73 0.78 81.07 0.41 -6.67 8.10 -4.86 -24.09
1684257831484317 80.00 0.00 0.00 0.00 81.55 -2.68 81.03 -0.48 8.55 10.11 -3.51 -17.12
1684257831501664 80.00 0.00 0.00 0.00 81.48 -3.87 81.15 -0.62 2.34 51.59 -1.89 -2.56
1684257831516419 80.00 0.00 0.00 0.00 81.67 -0.31 81.15 -0.47 -7.81 9.48 -1.92 -1.31
1684257831532329 80.00 0.00 0.00 0.00 79.67 -0.42 81.00 -1.23 -0.47 -9.35 -0.95 -1.26
1684257831551137 80.00 0.00 0.00 0.00 81.48 -3.87 80.98 -1.53 8.25 40.26 0.41 11.42
1684257831565880 80.00 0.00 0.00 0.00 80.56 -2.75 80.96 -1.97 1.10 20.10 0.61 15.13
1684257831584944 80.00 0.00 0.00 0.00 81.48 -3.87 80.95 -2.12 1.14 23.47 0.80 19.22
1684257831597840 80.00 0.00 0.00 0.00 81.41 -5.05 81.16 -2.85 0.65 11.47 1.72 19.64
1684257831614532 80.00 0.00 0.00 0.00 81.41 -5.05 81.15 -3.14 -12.61 43.64 -0.93 23.83
1684257831630320 80.00 0.00 0.00 0.00 82.86 4.52 81.32 -2.10 1.09 18.71 -1.08 19.72
1684257831646453 80.00 0.00 0.00 0.00 82.31 -6.15 81.40 -2.83 -10.66 -64.99 -1.44 10.41
1684257831662707 80.00 0.00 0.00 0.00 81.48 -3.87 81.62 -3.26 -4.89 44.91 -1.99 17.20
1684257831679150 80.00 0.00 0.00 0.00 82.45 -3.80 81.75 -3.25 -13.74 26.21 -4.74 15.44
1684257831695627 80.00 0.00 0.00 0.00 82.65 -0.25 82.01 -2.94 -7.39 -0.53 -5.80 12.86
1684257831713794 80.00 0.00 0.00 0.00 82.38 -4.97 82.12 -3.07 -14.38 -17.19 -7.74 7.78
1684257831727925 80.00 0.00 0.00 0.00 82.38 -4.97 82.24 -3.07 -7.97 9.79 -8.82 7.57
1684257831744452 80.00 0.00 0.00 0.00 82.31 -6.15 82.35 -3.20 -7.35 -0.55 -8.16 2.05
1684257831760679 80.00 0.00 0.00 0.00 79.67 -0.42 81.95 -3.82 -6.90 8.47 -9.16 0.76
1684257831778988 80.00 0.00 0.00 0.00 81.41 -5.05 81.84 -3.68 21.73 33.73 -5.11 13.10
1684257831793359 80.00 0.00 0.00 0.00 82.65 -0.25 81.99 -3.23 7.79 -9.56 -3.53 6.29
1684257831810035 80.00 0.00 0.00 0.00 82.65 -0.25 82.01 -2.79 -8.76 -27.12 -2.90 -0.37
1684257831825185 80.00 0.00 0.00 0.00 82.38 -4.97 81.98 -3.38 -1.61 -29.28 -2.18 -3.97
1684257831841233 80.00 0.00 0.00 0.00 82.38 -4.97 81.98 -3.38 2.08 36.80 -0.12 2.78
1684257831858632 80.00 0.00 0.00 0.00 82.31 -6.15 81.97 -3.52 0.00 0.00 0.87 1.56
1684257831874806 80.00 0.00 0.00 0.00 80.49 -3.93 81.74 -3.25 0.59 9.07 1.87 2.76
1684257831891046 80.00 0.00 0.00 0.00 82.38 -4.97 82.08 -3.82 13.94 -17.03 4.47 -0.42
1684257831907526 80.00 0.00 0.00 0.00 83.34 -4.90 82.32 -3.80 -20.54 34.54 -0.81 -0.32
1684257831923425 80.00 0.00 0.00 0.00 82.45 -3.80 82.30 -4.24 -15.18 -1.17 -3.68 0.73
1684257831939105 80.00 0.00 0.00 0.00 82.38 -4.97 82.27 -4.83 1.55 28.29 -2.40 7.65
1684257831955204 80.00 0.00 0.00 0.00 83.42 -3.72 82.40 -4.68 2.07 36.69 -1.94 15.90
1684257831973284 80.00 0.00 0.00 0.00 82.71 0.94 82.44 -3.94 -7.14 -8.63 -3.09 10.22
1684257831990911 80.00 0.00 0.00 0.00 82.52 -2.62 82.46 -3.50 -2.30 -41.94 -3.38 4.98
1684257832003851 80.00 0.00 0.00 0.00 81.55 -2.68 82.59 -3.34 -2.10 -34.09 -3.71 -0.42
1684257832019766 80.00 0.00 0.00 0.00 82.52 -2.62 82.61 -3.05 -8.27 -9.83 -6.49 0.48
1684257832035782 80.00 0.00 0.00 0.00 82.52 -2.62 82.51 -2.76 -1.10 -18.39 -4.06 -6.13
1684257832051876 80.00 0.00 0.00 0.00 79.62 -1.61 82.16 -2.49 6.35 -17.72 -1.37 -8.20
1684257832068421 80.00 0.00 0.00 0.00 82.65 -0.25 82.19 -1.90 21.43 -16.48 1.12 -13.80
1684257832089379 80.00 0.00 0.00 0.00 81.78 2.08 81.98 -1.17 -1.59 -28.18 0.66 -21.91
1684257832101287 80.00 0.00 0.00 0.00 82.65 -0.25 81.98 -1.32 17.18 -60.94 3.70 -28.45
1684257832117560 80.00 0.00 0.00 0.00 82.65 -0.25 81.99 -1.02 0.44 9.13 4.04 -22.06
1684257832133714 80.00 0.00 0.00 0.00 82.76 2.13 82.14 -0.42 -0.98 -18.33 4.18 -20.09
1684257832149214 80.00 0.00 0.00 0.00 82.65 -0.25 82.16 -0.13 -9.78 -38.83 3.99 -23.72
1684257832168638 80.00 0.00 0.00 0.00 82.65 -0.25 82.18 0.17 -0.81 -15.24 4.03 -23.32
1684257832181950 80.00 0.00 0.00 0.00 83.67 1.00 82.68 0.50 -1.18 -22.24 3.09 -23.89
1684257832198247 80.00 0.00 0.00 0.00 82.71 0.94 82.69 0.65 -31.11 -20.04 -3.48 -24.33
1684257832215797 80.00 0.00 0.00 0.00 83.67 1.00 82.93 0.51 -0.41 -8.47 -3.33 -21.87
1684257832232534 80.00 0.00 0.00 0.00 82.81 3.33 82.95 0.96 -14.15 8.09 -7.25 -13.24
1684257832248440 80.00 0.00 0.00 0.00 81.73 0.89 82.83 1.10 -1.27 -28.08 -7.46 -17.89
1684257832264556 80.00 0.00 0.00 0.00 82.76 2.13 82.83 1.10 7.16 -8.79 -6.44 -16.70
1684257832279713 80.00 0.00 0.00 0.00 83.42 -3.72 82.93 0.66 -0.00 0.00 -5.22 -11.85
1684257832295765 80.00 0.00 0.00 0.00 82.76 2.13 82.94 0.96 -5.97 27.08 -5.87 -6.56
1684257832312360 80.00 0.00 0.00 0.00 82.81 3.33 82.83 1.25 -0.84 -17.93 -5.82 -6.02
1684257832328255 80.00 0.00 0.00 0.00 82.86 4.52 82.85 1.70 6.79 -18.31 -1.09 -5.80
1684257832345503 80.00 0.00 0.00 0.00 82.71 0.94 82.73 1.69 -1.09 -25.95 -1.17 -7.99
1684257832360549 80.00 0.00 0.00 0.00 82.81 3.33 82.73 1.69 8.03 0.47 1.60 -8.94
1684257832377607 80.00 0.00 0.00 0.00 83.73 2.19 82.98 1.86 0.00 0.00 1.76 -5.43
1684257832393651 80.00 0.00 0.00 0.00 83.34 -4.90 83.05 0.98 -15.60 -10.12 -1.08 -5.59
1684257832410130 80.00 0.00 0.00 0.00 83.91 6.96 83.12 2.31 -4.40 53.33 -1.63 1.07
1684257832431200 80.00 0.00 0.00 0.00 82.71 0.94 83.11 2.16 -2.95 -63.38 -1.26 -10.24
1684257832443342 80.00 0.00 0.00 0.00 84.68 2.24 83.34 2.03 0.55 12.26 -1.08 -6.46
1684257832458585 80.00 0.00 0.00 0.00 84.74 3.43 83.58 1.89 -15.36 8.91 -3.85 -3.06
1684257832475055 80.00 0.00 0.00 0.00 84.91 8.19 83.85 2.80 -14.27 8.32 -5.50 1.22
1684257832490499 80.00 0.00 0.00 0.00 84.68 2.24 84.09 2.66 -17.84 -58.68 -8.73 -6.17
1684257832507589 80.00 0.00 0.00 0.00 81.99 8.09 83.87 3.40 -13.70 7.95 -10.45 -5.18
1684257832523265 80.00 0.00 0.00 0.00 85.63 2.29 84.16 4.30 13.89 -47.07 -6.76 -9.79
1684257832540322 80.00 0.00 0.00 0.00 84.63 1.06 84.25 3.56 -16.75 -52.70 -8.30 -23.05
1684257832559742 80.00 0.00 0.00 0.00 85.63 2.29 84.61 3.73 -4.60 37.99 -8.51 -10.38
1684257832572584 80.00 0.00 0.00 0.00 85.22 -4.74 84.68 2.86 -28.42 -13.17 -12.13 -13.56
1684257832588102 80.00 0.00 0.00 0.00 85.68 3.48 84.80 2.86 -4.32 56.23 -10.75 -7.64
1684257832604522 80.00 0.00 0.00 0.00 85.37 -2.41 84.85 1.54 -7.18 -0.39 -9.86 -8.73
1684257832620328 80.00 0.00 0.00 0.00 85.68 3.48 84.98 1.69 -3.64 83.83 -8.09 9.08
1684257832638403 80.00 0.00 0.00 0.00 86.30 -2.34 85.52 0.39 -6.89 -8.56 -7.24 7.02
1684257832653396 80.00 0.00 0.00 0.00 86.56 2.35 85.63 0.40 -35.91 86.91 -13.46 23.77
1684257832672324 80.00 0.00 0.00 0.00 85.68 3.48 85.76 0.70 -6.13 -0.37 -12.14 30.31
1684257832686004 80.00 0.00 0.00 0.00 85.63 2.29 85.76 0.70 -9.62 -22.13 -12.76 22.79
1684257832702445 80.00 0.00 0.00 0.00 86.61 3.53 85.94 1.73 -0.00 0.00 -9.21 24.44
1684257832719507 80.00 0.00 0.00 0.00 88.83 -4.41 86.33 0.75 -10.18 -60.60 -9.94 9.84
1684257832734459 80.00 0.00 0.00 0.00 86.43 0.00 86.46 1.05 -26.31 65.96 -12.34 18.13
1684257832751548 80.00 0.00 0.00 0.00 87.53 3.58 86.69 1.06 -7.76 -17.63 -12.85 5.45
1684257832767485 80.00 0.00 0.00 0.00 87.47 2.41 86.84 1.65 -14.48 -0.83 -13.80 6.41
1684257832785982 80.00 0.00 0.00 0.00 87.47 2.41 86.96 1.66 -7.95 -32.07 -10.30 -8.46
1684257832800342 80.00 0.00 0.00 0.00 88.43 3.64 87.30 1.68 -7.97 -0.50 -10.53 -8.47
1684257832816442 80.00 0.00 0.00 0.00 88.72 11.89 87.69 2.88 -21.35 -1.25 -12.00 -5.87
1684257832832454 80.00 0.00 0.00 0.00 87.63 5.94 87.81 3.18 -24.14 -74.89 -15.02 -15.23
1684257832849431 80.00 0.00 0.00 0.00 88.72 11.89 87.80 5.22 -7.49 -17.74 -14.68 -9.87
1684257832867635 80.00 0.00 0.00 0.00 88.43 3.64 88.05 5.67 0.74 -111.93 -11.30 -32.11
1684257832881663 80.00 0.00 0.00 0.00 87.63 5.94 88.06 5.97 -17.80 -32.40 -12.56 -33.95
1684257832897392 80.00 0.00 0.00 0.00 89.47 7.21 88.31 6.57 -0.80 -18.72 -10.85 -36.19
1684257832913630 80.00 0.00 0.00 0.00 88.58 7.16 88.45 7.16 -15.40 -36.93 -11.78 -36.80
1684257832930336 80.00 0.00 0.00 0.00 87.67 7.12 88.36 7.60 -8.29 -35.57 -11.82 -41.18
1684257832946515 80.00 0.00 0.00 0.00 88.58 7.16 88.34 7.01 5.86 -26.90 -8.42 -44.39
1684257832962605 80.00 0.00 0.00 0.00 88.58 7.16 88.46 7.16 1.09 36.70 -5.26 -30.44
1684257832980242 80.00 0.00 0.00 0.00 88.53 5.99 88.43 6.42 -6.74 -8.67 -5.17 -29.30
