#Task Selector: 5
#PID Parameters: kp: 0.06, kd: 0.04, ki: 0.03
#n_pos: 8
#n_vel: 8
t x_ref y_ref vx_ref vy_ref x_raw y_raw x y vx_raw vy_raw vx vy
1684257994286448 0.00 0.00 0.00 0.00 3.26 11.49 0.41 1.44 0.00 0.00 0.00 0.00
1684257994286450 0.00 0.00 0.00 0.00 4.50 7.75 0.97 2.40 -22.60 -79.69 -2.83 -9.96
1684257994299373 0.00 0.00 0.00 0.00 2.01 7.75 1.22 3.37 -43.57 -74.95 -8.27 -19.33
1684257994316248 0.00 0.00 0.00 0.00 3.26 9.00 1.63 4.50 -14.91 -57.39 -10.14 -26.51
1684257994333541 0.00 0.00 0.00 0.00 2.01 7.75 1.88 5.47 -23.55 -65.03 -13.08 -34.63
1684257994347553 0.00 0.00 0.00 0.00 2.01 7.75 2.13 6.43 -17.96 -69.12 -15.32 -43.27
1684257994363070 0.00 0.00 0.00 0.00 2.01 10.24 2.38 7.72 -16.22 -62.42 -17.35 -51.08
1684257994382145 0.00 0.00 0.00 0.00 3.26 7.75 2.79 8.68 -13.20 -67.13 -19.00 -59.47
1684257994395144 0.00 0.00 0.00 0.00 3.26 7.75 2.79 8.22 -31.34 -74.52 -22.92 -68.78
1684257994411384 0.00 0.00 0.00 0.00 0.77 10.24 2.32 8.53 0.00 28.80 -20.09 -55.22
1684257994427905 0.00 0.00 0.00 0.00 2.01 7.75 2.32 8.53 28.26 -18.88 -11.11 -48.21
1684257994443673 0.00 0.00 0.00 0.00 2.01 10.24 2.17 8.68 -0.00 0.00 -9.25 -41.04
1684257994460658 0.00 0.00 0.00 0.00 3.26 7.75 2.32 8.68 9.16 -9.18 -5.16 -34.05
1684257994476558 0.00 0.00 0.00 0.00 2.01 6.50 2.32 8.53 -9.79 -0.00 -4.14 -25.41
1684257994492968 0.00 0.00 0.00 0.00 0.77 6.50 2.17 8.06 0.00 9.52 -2.11 -16.42
1684257994509936 0.00 0.00 0.00 0.00 3.26 6.50 2.17 7.90 9.19 27.60 0.69 -4.58
1684257994525091 0.00 0.00 0.00 0.00 2.01 7.75 2.01 7.90 0.00 10.31 4.60 6.02
1684257994550206 0.00 0.00 0.00 0.00 2.01 7.75 2.17 7.59 6.20 0.00 5.38 2.42
1684257994562752 0.00 0.00 0.00 0.00 0.77 6.50 2.01 7.44 -12.39 24.86 0.30 7.89
1684257994574919 0.00 0.00 0.00 0.00 2.01 5.25 2.01 6.81 12.81 12.84 1.90 9.49
1684257994590526 0.00 0.00 0.00 0.00 2.01 7.75 1.86 6.81 0.02 40.01 0.75 15.64
1684257994608059 0.00 0.00 0.00 0.00 2.01 6.50 1.86 6.81 8.88 0.00 3.09 15.64
1684257994622288 0.00 0.00 0.00 0.00 4.50 5.25 2.32 6.65 0.00 0.00 3.09 14.45
1684257994638862 0.00 0.00 0.00 0.00 2.01 5.25 2.17 6.50 -28.19 9.42 -1.58 12.18
1684257994655878 0.00 0.00 0.00 0.00 2.01 4.00 2.17 6.03 9.16 9.19 -0.44 12.04
1684257994671751 0.00 0.00 0.00 0.00 3.26 5.25 2.32 5.72 0.01 29.54 -1.21 15.73
1684257994687994 0.00 0.00 0.00 0.00 4.50 4.00 2.79 5.40 -9.58 19.23 -0.86 15.03
1684257994704300 0.00 0.00 0.00 0.00 3.26 5.25 2.95 5.40 -28.66 19.17 -6.04 15.82
1684257994720513 0.00 0.00 0.00 0.00 4.50 4.00 3.26 4.94 -9.61 -0.00 -7.25 10.82
1684257994736586 0.00 0.00 0.00 0.00 5.75 7.75 3.73 5.09 -19.38 29.17 -10.78 14.47
1684257994752794 0.00 0.00 0.00 0.00 4.50 5.25 3.73 5.09 -28.82 -9.64 -14.38 13.26
1684257994774749 0.00 0.00 0.00 0.00 5.75 5.25 4.19 5.09 0.00 0.00 -10.86 12.08
1684257994788734 0.00 0.00 0.00 0.00 7.00 6.50 4.82 5.40 -33.42 -0.00 -16.18 10.93
1684257994801849 0.00 0.00 0.00 0.00 6.99 7.75 5.28 5.72 -47.51 -23.84 -22.12 4.26
1684257994818398 0.00 0.00 0.00 0.00 6.99 7.75 5.59 6.19 -28.23 -18.87 -24.45 -0.50
1684257994834534 0.00 0.00 0.00 0.00 8.24 7.75 6.22 6.50 -19.29 -29.05 -23.28 -6.53
1684257994858970 0.00 0.00 0.00 0.00 8.24 8.99 6.68 7.12 -25.49 -12.78 -25.27 -8.13
1684257994871081 0.00 0.00 0.00 0.00 6.99 9.00 6.84 7.28 -38.55 -51.58 -27.66 -18.22
1684257994882807 0.00 0.00 0.00 0.00 9.49 7.75 7.46 7.59 -13.27 -13.30 -25.72 -18.68
1684257994899911 0.00 0.00 0.00 0.00 11.98 7.74 8.24 7.90 -36.42 -18.24 -30.27 -20.96
1684257994916666 0.00 0.00 0.00 0.00 10.74 6.49 8.71 7.90 -46.48 -18.60 -31.90 -23.28
1684257994932398 0.00 0.00 0.00 0.00 11.98 6.49 9.33 7.74 -29.72 0.03 -29.68 -20.30
1684257994947673 0.00 0.00 0.00 0.00 13.23 6.49 10.11 7.59 -40.82 10.28 -31.25 -16.66
1684257994964984 0.00 0.00 0.00 0.00 13.23 6.49 10.74 7.43 -45.03 9.09 -34.47 -11.89
1684257994980488 0.00 0.00 0.00 0.00 16.98 5.23 11.83 6.96 -40.23 10.14 -36.31 -9.02
1684257994996894 0.00 0.00 0.00 0.00 15.74 2.73 12.92 6.18 -66.63 28.70 -39.82 1.01
1684257995012249 0.00 0.00 0.00 0.00 18.24 2.72 14.02 5.55 -71.21 51.05 -47.07 9.06
1684257995029713 0.00 0.00 0.00 0.00 15.74 2.73 14.49 4.92 -62.69 35.99 -50.35 15.84
1684257995044966 0.00 0.00 0.00 0.00 19.50 1.46 15.58 4.29 -30.82 41.11 -48.39 23.30
1684257995061400 0.00 0.00 0.00 0.00 20.76 0.19 16.68 3.50 -66.69 38.32 -53.01 28.08
1684257995076641 0.00 0.00 0.00 0.00 20.77 -1.06 17.62 2.56 -72.01 51.65 -56.91 33.26
1684257995093118 0.00 0.00 0.00 0.00 22.02 -1.07 18.72 1.61 -57.19 57.30 -58.43 39.28
1684257995110479 0.00 0.00 0.00 0.00 23.29 -3.59 19.51 0.51 -63.32 54.42 -61.32 44.82
1684257995126911 0.00 0.00 0.00 0.00 23.29 -3.59 20.45 -0.28 -48.01 67.11 -58.99 49.62
1684257995146298 0.00 0.00 0.00 0.00 23.31 -6.12 21.09 -1.38 -48.71 40.75 -56.18 48.33
1684257995158525 0.00 0.00 0.00 0.00 23.31 -6.12 22.03 -2.49 -51.76 90.32 -54.81 55.12
1684257995175750 0.00 0.00 0.00 0.00 23.32 -8.64 22.51 -3.75 -54.91 64.17 -57.82 58.00
1684257995191823 0.00 0.00 0.00 0.00 23.32 -8.64 22.83 -4.86 -29.69 78.54 -53.20 63.03
1684257995209149 0.00 0.00 0.00 0.00 25.84 -8.65 23.46 -5.80 -18.45 63.75 -46.50 64.54
1684257995223635 0.00 0.00 0.00 0.00 24.58 -9.91 23.78 -6.91 -43.74 65.51 -44.82 65.57
1684257995239992 0.00 0.00 0.00 0.00 24.59 -11.18 23.95 -7.86 -19.56 67.57 -39.35 67.21
1684257995255886 0.00 0.00 0.00 0.00 25.85 -11.18 24.26 -8.81 -10.19 59.62 -34.63 66.28
1684257995273245 0.00 0.00 0.00 0.00 23.33 -11.17 24.27 -9.44 -18.40 54.63 -30.84 68.01
1684257995288213 0.00 0.00 0.00 0.00 24.59 -11.18 24.43 -10.07 -0.20 42.20 -24.39 62.00
1684257995304876 0.00 0.00 0.00 0.00 25.86 -12.44 24.75 -10.54 -9.63 37.95 -18.73 58.72
1684257995321217 0.00 0.00 0.00 0.00 24.59 -11.18 24.90 -10.86 -19.39 29.08 -17.45 52.54
1684257995338743 0.00 0.00 0.00 0.00 24.59 -11.18 24.75 -11.18 -9.06 18.07 -16.27 46.83
1684257995353441 0.00 0.00 0.00 0.00 27.11 -12.45 25.06 -11.49 10.61 21.44 -9.48 41.32
1684257995370014 0.00 0.00 0.00 0.00 23.33 -11.17 24.91 -11.49 -19.08 19.14 -9.42 35.27
1684257995385633 0.00 0.00 0.00 0.00 24.58 -9.91 24.75 -11.33 10.07 -0.05 -6.89 27.81
1684257995402005 0.00 0.00 0.00 0.00 23.33 -9.91 24.75 -11.18 9.66 -9.69 -3.38 19.77
1684257995418688 0.00 0.00 0.00 0.00 25.84 -8.65 24.90 -10.86 0.04 -9.47 -3.35 13.31
1684257995438480 0.00 0.00 0.00 0.00 23.31 -7.38 24.59 -10.23 -7.88 -15.92 -3.13 6.58
1684257995451161 0.00 0.00 0.00 0.00 23.31 -7.38 24.43 -9.75 25.05 -49.93 2.43 -3.30
1684257995467157 0.00 0.00 0.00 0.00 23.31 -6.12 24.27 -9.12 9.98 -29.66 4.81 -9.27
1684257995483034 0.00 0.00 0.00 0.00 23.30 -4.86 23.79 -8.17 10.10 -39.83 4.74 -16.93
1684257995499480 0.00 0.00 0.00 0.00 23.29 -3.59 23.78 -7.22 28.99 -57.72 10.75 -26.53
1684257995516765 0.00 0.00 0.00 0.00 23.29 -3.59 23.62 -6.44 0.27 -54.78 9.53 -33.38
1684257995531765 0.00 0.00 0.00 0.00 23.29 -3.59 23.62 -5.65 10.75 -52.65 9.66 -38.75
1684257995548228 0.00 0.00 0.00 0.00 23.28 -1.08 23.30 -4.70 0.24 -47.92 9.69 -43.55
1684257995564684 0.00 0.00 0.00 0.00 23.28 -1.08 23.30 -3.91 19.42 -57.57 13.10 -48.76
1684257995581147 0.00 0.00 0.00 0.00 22.02 0.19 23.13 -2.96 0.24 -47.86 10.00 -48.50
1684257995598069 0.00 0.00 0.00 0.00 22.04 -3.59 22.98 -2.65 9.57 -55.90 9.95 -51.78
1684257995614022 0.00 0.00 0.00 0.00 22.02 0.19 22.82 -2.02 9.95 -19.81 9.93 -49.28
1684257995637102 0.00 0.00 0.00 0.00 20.76 1.45 22.50 -1.39 6.94 -27.32 7.17 -45.48
1684257995648980 0.00 0.00 0.00 0.00 22.01 2.70 22.34 -0.60 26.70 -53.10 10.48 -45.27
1684257995662158 0.00 0.00 0.00 0.00 20.75 2.71 22.02 0.19 12.21 -59.72 10.66 -46.15
1684257995680013 0.00 0.00 0.00 0.00 19.50 2.71 21.55 0.66 17.80 -44.11 12.85 -45.68
1684257995695874 0.00 0.00 0.00 0.00 22.01 2.70 21.39 1.13 29.82 -29.85 14.15 -42.21
1684257995710714 0.00 0.00 0.00 0.00 20.75 2.71 21.23 1.45 10.73 -31.81 15.47 -40.20
1684257995727065 0.00 0.00 0.00 0.00 20.75 3.96 21.07 2.39 9.68 -19.25 15.48 -35.62
1684257995744738 0.00 0.00 0.00 0.00 22.01 2.70 21.07 2.71 9.13 -53.40 15.38 -39.82
1684257995759755 0.00 0.00 0.00 0.00 20.76 1.45 21.07 2.71 0.09 -20.92 14.52 -39.02
1684257995776416 0.00 0.00 0.00 0.00 20.75 2.71 20.91 2.71 0.00 0.00 11.18 -32.38
1684257995795822 0.00 0.00 0.00 0.00 20.75 2.71 20.91 2.71 8.09 -0.03 10.67 -24.92
1684257995808760 0.00 0.00 0.00 0.00 20.76 1.45 21.07 2.55 0.00 0.00 8.44 -19.41
1684257995825820 0.00 0.00 0.00 0.00 22.01 1.45 21.07 2.39 -9.23 9.24 3.56 -14.52
1684257995840923 0.00 0.00 0.00 0.00 20.76 0.19 21.07 2.08 -0.05 10.40 2.21 -9.25
1684257995857896 0.00 0.00 0.00 0.00 20.76 0.19 21.07 1.61 -0.08 18.50 0.99 -4.53
1684257995874461 0.00 0.00 0.00 0.00 22.02 -1.07 21.07 1.13 -0.12 28.43 -0.16 5.70
1684257995890831 0.00 0.00 0.00 0.00 20.77 -1.06 21.07 0.82 -0.13 28.79 -0.19 11.92
1684257995907537 0.00 0.00 0.00 0.00 20.77 -2.32 21.08 0.19 -0.08 18.82 -0.20 14.27
1684257995923024 0.00 0.00 0.00 0.00 20.78 -3.58 21.08 -0.59 -0.18 40.59 -1.23 19.35
1684257995938287 0.00 0.00 0.00 0.00 22.04 -4.85 21.24 -1.38 -0.23 51.50 -1.26 25.78
1684257995955690 0.00 0.00 0.00 0.00 20.79 -6.10 21.09 -2.33 -9.24 45.25 -1.26 30.28
1684257995975154 0.00 0.00 0.00 0.00 20.80 -7.37 21.09 -3.27 7.84 48.49 -0.28 35.05
1684257995987819 0.00 0.00 0.00 0.00 22.06 -7.37 21.25 -4.22 -0.35 74.63 -0.31 42.06
1684257996005152 0.00 0.00 0.00 0.00 23.31 -7.38 21.42 -5.01 -9.32 54.57 -1.46 45.33
1684257996019480 0.00 0.00 0.00 0.00 20.80 -8.63 21.42 -5.95 -11.25 55.05 -2.85 48.61
1684257996036725 0.00 0.00 0.00 0.00 22.07 -9.90 21.58 -6.90 -0.26 54.85 -2.87 53.12
1684257996052671 0.00 0.00 0.00 0.00 20.82 -11.16 21.59 -7.85 -10.14 59.40 -4.12 55.47
1684257996068288 0.00 0.00 0.00 0.00 20.82 -11.16 21.43 -8.63 -0.28 60.64 -4.13 56.61
1684257996083908 0.00 0.00 0.00 0.00 20.82 -11.16 21.44 -9.27 9.82 50.50 -1.74 57.27
1684257996100661 0.00 0.00 0.00 0.00 20.82 -11.16 21.44 -9.74 -0.17 37.71 -2.74 55.92
1684257996116810 0.00 0.00 0.00 0.00 23.34 -12.43 21.60 -10.37 -0.13 29.35 -2.72 50.26
1684257996133610 0.00 0.00 0.00 0.00 23.34 -12.43 21.60 -11.00 -9.53 37.66 -2.74 48.15
1684257996148784 0.00 0.00 0.00 0.00 22.08 -12.43 21.76 -11.48 -0.19 41.64 -1.36 46.47
1684257996165474 0.00 0.00 0.00 0.00 23.33 -11.17 21.92 -11.64 -9.55 28.45 -2.52 43.17
1684257996182840 0.00 0.00 0.00 0.00 22.07 -11.16 22.08 -11.64 -9.10 9.14 -2.39 36.89
1684257996199657 0.00 0.00 0.00 0.00 23.33 -9.91 22.39 -11.48 -9.35 0.04 -3.53 29.31
1684257996214890 0.00 0.00 0.00 0.00 22.07 -9.90 22.55 -11.32 -20.60 -10.28 -7.33 21.71
1684257996230699 0.00 0.00 0.00 0.00 22.07 -9.90 22.70 -11.17 -9.90 -9.95 -8.54 15.76
1684257996246732 0.00 0.00 0.00 0.00 22.06 -8.64 22.54 -10.69 -9.76 -9.81 -9.75 10.86
1684257996264585 0.00 0.00 0.00 0.00 22.06 -8.64 22.38 -10.22 8.93 -26.59 -7.44 2.83
1684257996278670 0.00 0.00 0.00 0.00 22.06 -7.37 22.38 -9.59 11.32 -33.70 -6.00 -6.59
1684257996295789 0.00 0.00 0.00 0.00 20.79 -6.10 22.06 -8.95 0.17 -36.92 -4.79 -14.76
1684257996311611 0.00 0.00 0.00 0.00 20.79 -4.84 21.90 -8.16 20.06 -40.02 -1.14 -20.90
1684257996328994 0.00 0.00 0.00 0.00 20.78 -3.58 21.58 -7.37 9.26 -45.46 1.18 -26.59
1684257996343984 0.00 0.00 0.00 0.00 22.03 -2.33 21.58 -6.43 21.23 -52.74 6.41 -31.90
1684257996360639 0.00 0.00 0.00 0.00 23.28 -1.08 21.73 -5.32 0.28 -56.83 7.68 -37.76
1684257996377543 0.00 0.00 0.00 0.00 22.02 -1.07 21.73 -4.38 -8.98 -65.26 7.78 -44.69
1684257996392987 0.00 0.00 0.00 0.00 20.76 0.19 21.56 -3.27 0.30 -61.25 6.70 -49.02
1684257996409154 0.00 0.00 0.00 0.00 22.01 1.45 21.56 -2.17 10.04 -68.28 6.54 -53.34
1684257996425639 0.00 0.00 0.00 0.00 22.02 0.19 21.71 -1.38 0.33 -66.87 6.56 -57.09
1684257996441171 0.00 0.00 0.00 0.00 20.75 2.71 21.71 -0.44 -9.87 -50.65 2.82 -58.42
1684257996458666 0.00 0.00 0.00 0.00 22.01 2.70 21.86 0.35 0.25 -53.94 1.70 -59.48
1684257996474137 0.00 0.00 0.00 0.00 19.50 2.71 21.54 0.98 -9.91 -50.77 -2.20 -59.23
1684257996490717 0.00 0.00 0.00 0.00 18.24 2.72 20.92 1.45 19.10 -38.00 0.16 -56.88
1684257996508575 0.00 0.00 0.00 0.00 19.49 3.97 20.60 2.08 35.26 -26.55 5.69 -52.04
1684257996522911 0.00 0.00 0.00 0.00 18.24 2.72 20.28 2.39 22.08 -43.91 8.41 -49.87
1684257996539337 0.00 0.00 0.00 0.00 20.75 2.71 20.13 2.55 19.17 -19.20 9.55 -43.73
1684257996556092 0.00 0.00 0.00 0.00 19.49 3.97 19.81 3.02 9.41 -9.41 10.68 -36.55
1684257996572978 0.00 0.00 0.00 0.00 20.75 2.71 19.81 3.02 18.70 -27.96 14.26 -33.72
1684257996588522 0.00 0.00 0.00 0.00 18.24 3.97 19.34 3.18 0.00 0.00 14.22 -26.97
1684257996604734 0.00 0.00 0.00 0.00 19.50 2.71 19.34 3.18 29.05 -9.79 19.09 -21.85
1684257996622703 0.00 0.00 0.00 0.00 18.24 2.72 19.34 3.18 0.00 0.00 16.71 -17.10
1684257996636731 0.00 0.00 0.00 0.00 18.25 1.46 19.18 2.87 0.00 0.00 12.30 -13.78
1684257996653752 0.00 0.00 0.00 0.00 20.76 1.45 19.50 2.71 9.13 18.39 10.68 -6.00
1684257996673857 0.00 0.00 0.00 0.00 18.25 1.46 19.19 2.56 -15.62 7.87 6.33 -2.61
1684257996686145 0.00 0.00 0.00 0.00 20.76 0.19 19.34 2.08 25.46 12.67 8.34 0.15
1684257996703583 0.00 0.00 0.00 0.00 18.26 -1.05 19.03 1.61 -9.10 27.04 4.86 7.02
1684257996718079 0.00 0.00 0.00 0.00 19.51 -1.06 19.19 0.99 21.50 32.41 7.55 11.07
1684257996735689 0.00 0.00 0.00 0.00 18.26 -2.31 19.04 0.36 -9.04 35.69 2.79 16.76
1684257996750332 0.00 0.00 0.00 0.00 22.03 -2.33 19.51 -0.27 10.53 42.88 4.11 22.12
1684257996767317 0.00 0.00 0.00 0.00 20.78 -3.58 19.83 -0.90 -27.87 37.13 0.62 26.76
1684257996784796 0.00 0.00 0.00 0.00 18.28 -4.83 19.52 -1.69 -18.10 36.07 -2.78 28.97
1684257996799965 0.00 0.00 0.00 0.00 18.28 -6.09 19.52 -2.63 20.45 51.77 1.73 34.46
1684257996817098 0.00 0.00 0.00 0.00 18.29 -7.36 19.21 -3.58 -0.23 55.12 -1.48 39.76
1684257996831585 0.00 0.00 0.00 0.00 19.55 -8.62 19.37 -4.52 21.37 65.15 2.33 44.53
1684257996848129 0.00 0.00 0.00 0.00 17.04 -8.61 19.06 -5.47 -9.74 57.21 -1.58 47.63
1684257996865018 0.00 0.00 0.00 0.00 19.55 -9.89 19.22 -6.41 18.34 55.93 1.84 50.16
1684257996880560 0.00 0.00 0.00 0.00 19.55 -9.89 18.91 -7.36 -10.37 60.95 -0.77 52.41
1684257996896949 0.00 0.00 0.00 0.00 19.55 -9.89 18.76 -8.15 18.90 57.66 5.08 54.98
1684257996912762 0.00 0.00 0.00 0.00 19.56 -11.15 18.92 -8.94 9.70 49.85 8.55 56.70
1684257996928989 0.00 0.00 0.00 0.00 19.56 -11.15 19.08 -9.57 -9.89 48.70 4.76 56.32
1684257996946259 0.00 0.00 0.00 0.00 18.31 -13.68 19.08 -10.36 -9.25 36.63 3.63 54.01
1684257996961781 0.00 0.00 0.00 0.00 18.30 -11.15 18.93 -10.68 -0.21 50.92 0.94 52.23
1684257996979395 0.00 0.00 0.00 0.00 20.82 -11.16 19.40 -10.99 8.84 17.91 3.26 47.32
1684257996995412 0.00 0.00 0.00 0.00 19.55 -9.89 19.40 -10.99 -29.50 19.86 -2.72 42.81
1684257997018035 0.00 0.00 0.00 0.00 17.04 -9.88 19.09 -10.99 0.00 0.00 -1.43 35.19
1684257997031517 0.00 0.00 0.00 0.00 18.30 -9.88 18.93 -10.99 23.29 -0.10 -0.88 27.97
1684257997043200 0.00 0.00 0.00 0.00 18.29 -8.62 18.77 -10.68 13.44 -0.06 -0.41 21.73
1684257997059049 0.00 0.00 0.00 0.00 17.04 -8.61 18.46 -10.36 9.99 -19.99 2.08 13.15
1684257997075529 0.00 0.00 0.00 0.00 15.78 -7.35 18.14 -9.57 19.13 -19.26 5.63 6.16
1684257997092687 0.00 0.00 0.00 0.00 17.03 -6.09 17.98 -8.93 18.47 -46.14 7.96 -5.97
1684257997107077 0.00 0.00 0.00 0.00 15.77 -4.82 17.35 -8.14 11.09 -43.96 8.24 -13.71
1684257997123529 0.00 0.00 0.00 0.00 18.27 -3.57 17.19 -7.35 38.36 -48.16 16.72 -22.21
1684257997139238 0.00 0.00 0.00 0.00 17.02 -3.57 17.19 -6.56 10.21 -50.28 18.00 -28.49
1684257997156277 0.00 0.00 0.00 0.00 19.52 -2.32 17.34 -5.62 0.19 -46.31 15.11 -34.27
1684257997173447 0.00 0.00 0.00 0.00 15.76 -2.30 17.02 -4.83 -8.90 -55.09 12.32 -41.15
1684257997190553 0.00 0.00 0.00 0.00 15.75 -1.04 16.86 -3.88 18.52 -46.17 13.38 -44.42
1684257997204733 0.00 0.00 0.00 0.00 15.75 -1.04 16.86 -3.09 11.31 -66.75 12.41 -50.36
1684257997221154 0.00 0.00 0.00 0.00 15.75 0.21 16.70 -2.31 0.18 -47.98 10.12 -50.59
1684257997237443 0.00 0.00 0.00 0.00 15.75 0.21 16.70 -1.68 9.80 -48.37 9.96 -51.14
1684257997253871 0.00 0.00 0.00 0.00 16.99 2.72 16.54 -0.89 0.14 -38.32 5.18 -49.91
1684257997270108 0.00 0.00 0.00 0.00 15.74 1.47 16.38 -0.26 9.84 -48.44 5.13 -49.68
1684257997287122 0.00 0.00 0.00 0.00 14.49 1.47 15.75 0.21 9.34 -37.00 6.28 -48.51
1684257997303311 0.00 0.00 0.00 0.00 16.99 3.97 15.90 1.00 38.80 -29.27 12.24 -45.28
1684257997319264 0.00 0.00 0.00 0.00 15.74 2.73 15.90 1.47 -9.64 -49.18 8.72 -45.66
1684257997334526 0.00 0.00 0.00 0.00 15.74 3.98 15.90 2.10 0.10 -30.86 7.32 -41.17
1684257997351529 0.00 0.00 0.00 0.00 15.74 3.98 15.90 2.57 0.12 -36.92 7.31 -39.79
1684257997368929 0.00 0.00 0.00 0.00 16.99 2.72 16.05 2.88 0.09 -27.04 6.10 -37.13
1684257997383751 0.00 0.00 0.00 0.00 15.74 3.98 15.90 3.04 -10.48 -21.14 4.77 -34.98
1684257997403342 0.00 0.00 0.00 0.00 14.49 2.73 15.74 3.20 8.01 -8.03 4.54 -29.93
1684257997417154 0.00 0.00 0.00 0.00 15.74 2.73 15.90 3.35 11.36 -11.39 4.80 -26.73
1684257997432149 0.00 0.00 0.00 0.00 15.74 2.73 15.74 3.20 -10.40 -10.43 -1.35 -24.37
1684257997449014 0.00 0.00 0.00 0.00 15.74 1.47 15.74 3.04 9.25 9.26 1.01 -17.07
1684257997464626 0.00 0.00 0.00 0.00 15.74 1.47 15.74 2.72 -0.03 10.05 0.99 -11.95
1684257997481674 0.00 0.00 0.00 0.00 15.74 1.47 15.74 2.41 -0.06 18.39 0.97 -5.04
1684257997497489 0.00 0.00 0.00 0.00 17.00 0.21 15.74 2.10 -0.06 19.83 0.95 0.82
1684257997514910 0.00 0.00 0.00 0.00 15.75 -1.04 15.74 1.47 -0.06 18.02 2.25 5.71
1684257997529743 0.00 0.00 0.00 0.00 15.75 -1.04 15.90 1.00 -0.14 42.32 1.23 12.01
1684257997546130 0.00 0.00 0.00 0.00 15.76 -2.30 15.91 0.37 -9.64 28.77 -1.39 17.03
1684257997563604 0.00 0.00 0.00 0.00 17.01 -2.31 16.06 -0.26 -0.12 35.96 -0.11 22.82
1684257997578885 0.00 0.00 0.00 0.00 15.76 -3.56 16.07 -0.89 -10.39 41.15 -2.56 26.81
1684257997595007 0.00 0.00 0.00 0.00 15.77 -4.82 16.07 -1.67 -0.14 39.01 -2.58 30.43
1684257997613463 0.00 0.00 0.00 0.00 17.03 -6.09 16.23 -2.62 -0.15 42.61 -2.59 33.46
1684257997627830 0.00 0.00 0.00 0.00 15.77 -6.08 16.08 -3.41 -11.15 65.76 -3.97 39.20
1684257997644991 0.00 0.00 0.00 0.00 15.78 -7.35 16.08 -4.19 8.95 45.84 -2.85 42.68
1684257997660655 0.00 0.00 0.00 0.00 14.53 -8.60 15.92 -5.14 -0.19 50.30 -2.85 43.67
1684257997676774 0.00 0.00 0.00 0.00 15.78 -8.61 15.93 -5.93 9.51 58.64 -0.46 47.41
1684257997694190 0.00 0.00 0.00 0.00 15.79 -9.87 15.77 -6.87 -0.17 45.28 -0.46 48.57
1684257997708756 0.00 0.00 0.00 0.00 14.53 -9.87 15.62 -7.66 10.51 64.94 2.15 51.55
1684257997726310 0.00 0.00 0.00 0.00 14.53 -9.87 15.47 -8.29 8.77 44.93 3.26 52.29
1684257997741390 0.00 0.00 0.00 0.00 13.28 -9.87 15.00 -8.76 10.25 41.84 4.56 52.19
1684257997758283 0.00 0.00 0.00 0.00 14.53 -9.87 14.84 -9.24 27.74 27.95 9.42 47.46
1684257997774323 0.00 0.00 0.00 0.00 13.28 -11.13 14.53 -9.71 9.67 29.51 9.51 45.42
1684257997790759 0.00 0.00 0.00 0.00 14.54 -13.67 14.53 -10.34 18.98 28.79 11.91 42.73
1684257997807336 0.00 0.00 0.00 0.00 13.28 -9.87 14.22 -10.50 -0.12 38.17 10.70 40.18
1684257997822444 0.00 0.00 0.00 0.00 12.02 -8.60 13.75 -10.34 20.72 10.39 13.32 35.82
1684257997839676 0.00 0.00 0.00 0.00 13.28 -9.87 13.59 -10.34 27.32 -9.26 15.42 26.54
1684257997854863 0.00 0.00 0.00 0.00 10.76 -7.33 13.12 -10.02 10.32 -0.03 15.61 20.92
1684257997871406 0.00 0.00 0.00 0.00 10.76 -7.33 12.81 -9.71 28.47 -19.19 17.89 13.29
1684257997887650 0.00 0.00 0.00 0.00 10.76 -6.07 12.34 -9.23 19.34 -19.51 16.84 7.36
1684257997903841 0.00 0.00 0.00 0.00 12.01 -6.07 12.18 -8.60 29.11 -29.35 19.27 0.00
1684257997919803 0.00 0.00 0.00 0.00 10.76 -4.81 11.70 -7.49 9.93 -39.63 18.14 -8.55
1684257997936331 0.00 0.00 0.00 0.00 10.76 -4.81 11.39 -6.86 28.63 -67.01 21.73 -21.70
1684257997961667 0.00 0.00 0.00 0.00 12.01 -3.55 11.39 -6.23 12.43 -24.96 20.69 -26.12
1684257997975025 0.00 0.00 0.00 0.00 10.75 -2.29 11.07 -5.28 0.13 -47.25 17.29 -30.87
1684257997987173 0.00 0.00 0.00 0.00 10.75 -2.29 11.07 -4.65 25.98 -77.99 19.25 -40.61
1684257998000334 0.00 0.00 0.00 0.00 10.75 -1.03 11.07 -3.86 0.11 -47.91 15.70 -44.20
1684257998016681 0.00 0.00 0.00 0.00 9.50 0.23 10.91 -3.08 0.11 -48.19 13.30 -47.79
1684257998032877 0.00 0.00 0.00 0.00 10.75 0.23 10.75 -2.29 9.75 -48.61 10.88 -50.19
1684257998049468 0.00 0.00 0.00 0.00 9.50 1.49 10.59 -1.50 9.54 -47.46 10.83 -51.17
1684257998065063 0.00 0.00 0.00 0.00 10.74 1.48 10.59 -0.71 10.12 -50.43 8.52 -49.10
1684257998081991 0.00 0.00 0.00 0.00 9.49 2.74 10.28 0.07 0.10 -46.45 6.98 -51.79
1684257998098311 0.00 0.00 0.00 0.00 10.74 2.74 10.28 0.70 19.24 -48.17 9.37 -51.90
1684257998114536 0.00 0.00 0.00 0.00 10.74 2.74 10.28 1.33 0.08 -38.71 6.13 -46.99
1684257998132551 0.00 0.00 0.00 0.00 9.49 2.74 10.12 1.80 0.07 -34.86 6.13 -45.36
1684257998147074 0.00 0.00 0.00 0.00 9.49 2.74 10.12 2.11 10.81 -32.44 7.46 -43.39
1684257998162943 0.00 0.00 0.00 0.00 9.49 2.74 9.96 2.43 0.03 -19.77 6.25 -39.79
1684257998179806 0.00 0.00 0.00 0.00 11.99 3.99 10.27 2.74 9.29 -18.62 6.22 -36.18
1684257998195594 0.00 0.00 0.00 0.00 9.49 3.99 10.12 3.05 -19.73 -19.81 2.49 -32.35
1684257998211584 0.00 0.00 0.00 0.00 10.74 2.74 10.27 3.05 9.79 -19.62 3.70 -29.00
1684257998227624 0.00 0.00 0.00 0.00 10.74 1.48 10.27 2.90 -9.73 0.02 0.08 -22.98
1684257998244370 0.00 0.00 0.00 0.00 10.74 1.48 10.27 2.74 -0.02 9.36 0.06 -16.97
1684257998260598 0.00 0.00 0.00 0.00 9.50 1.49 10.27 2.58 -0.02 9.66 0.05 -11.40
1684257998277725 0.00 0.00 0.00 0.00 10.74 1.48 10.43 2.42 -0.01 9.15 -1.30 -6.20
1684257998293059 0.00 0.00 0.00 0.00 10.75 0.23 10.59 2.11 -10.19 10.24 -2.58 -2.45
1684257998309258 0.00 0.00 0.00 0.00 12.00 0.23 10.59 1.64 -9.67 19.38 -4.95 2.30
1684257998325602 0.00 0.00 0.00 0.00 12.00 0.23 10.90 1.17 -0.07 28.78 -2.49 8.37
1684257998341542 0.00 0.00 0.00 0.00 12.00 -1.03 11.06 0.70 -19.64 29.55 -6.17 14.52
1684257998357749 0.00 0.00 0.00 0.00 10.75 -2.29 11.06 0.23 -9.70 29.07 -6.17 18.15
1684257998381546 0.00 0.00 0.00 0.00 10.75 -2.29 11.06 -0.24 -0.04 19.80 -6.17 19.46
1684257998394744 0.00 0.00 0.00 0.00 10.76 -3.55 11.22 -0.87 -0.08 35.71 -6.18 22.71
1684257998407367 0.00 0.00 0.00 0.00 10.76 -3.55 11.22 -1.50 -12.47 49.83 -7.73 27.80
1684257998422867 0.00 0.00 0.00 0.00 9.51 -4.80 11.06 -2.13 -0.09 40.56 -6.47 31.58
1684257998439299 0.00 0.00 0.00 0.00 10.76 -4.81 10.91 -2.76 9.43 38.28 -4.08 33.95
1684257998455440 0.00 0.00 0.00 0.00 12.01 -6.07 10.91 -3.55 9.59 38.96 -2.87 35.22
1684257998472018 0.00 0.00 0.00 0.00 10.76 -6.07 10.76 -4.18 -0.12 47.47 -0.43 37.46
1684257998487961 0.00 0.00 0.00 0.00 10.76 -6.07 10.76 -4.65 9.71 39.49 1.99 38.76
1684257998504435 0.00 0.00 0.00 0.00 10.76 -7.33 10.76 -5.28 -0.06 28.69 1.99 39.87
1684257998520701 0.00 0.00 0.00 0.00 12.02 -7.33 10.92 -5.75 -0.09 38.76 1.99 40.25
1684257998536963 0.00 0.00 0.00 0.00 10.76 -7.33 10.92 -6.23 -9.69 29.12 2.33 37.67
1684257998553218 0.00 0.00 0.00 0.00 9.51 -8.59 10.92 -6.70 -0.07 29.11 2.34 36.23
1684257998569323 0.00 0.00 0.00 0.00 9.52 -9.86 10.76 -7.33 -0.06 29.40 1.15 35.13
1684257998585338 0.00 0.00 0.00 0.00 9.52 -9.86 10.45 -7.80 9.69 39.42 1.16 35.18
1684257998602086 0.00 0.00 0.00 0.00 9.51 -8.59 10.30 -8.12 18.63 28.25 3.51 32.78
1684257998618195 0.00 0.00 0.00 0.00 8.26 -9.85 9.98 -8.59 9.68 19.59 3.50 30.29
1684257998637491 0.00 0.00 0.00 0.00 8.26 -8.59 9.67 -8.75 16.18 24.53 5.53 29.77
1684257998651310 0.00 0.00 0.00 0.00 9.51 -8.59 9.36 -8.91 22.63 11.39 8.37 26.35
1684257998666520 0.00 0.00 0.00 0.00 8.26 -9.85 9.05 -9.22 20.56 10.34 12.16 24.00
1684257998682773 0.00 0.00 0.00 0.00 8.26 -8.59 8.89 -9.22 19.23 19.41 14.57 22.79
1684257998699843 0.00 0.00 0.00 0.00 9.51 -7.33 8.89 -8.91 9.17 -0.02 15.72 19.11
1684257998715889 0.00 0.00 0.00 0.00 8.26 -7.33 8.73 -8.59 0.04 -19.70 14.51 11.72
1684257998732040 0.00 0.00 0.00 0.00 8.26 -7.33 8.57 -8.43 9.73 -19.59 13.40 5.74
1684257998748333 0.00 0.00 0.00 0.00 8.26 -7.33 8.57 -8.12 9.62 -9.71 13.39 2.08
1684257998764516 0.00 0.00 0.00 0.00 5.76 -4.80 8.26 -7.64 0.03 -19.53 11.38 -3.43
1684257998780836 0.00 0.00 0.00 0.00 8.26 -6.06 8.10 -7.33 19.20 -29.04 10.95 -8.48
1684257998796493 0.00 0.00 0.00 0.00 8.26 -6.06 8.10 -6.85 10.03 -20.19 9.63 -12.29
1684257998814100 0.00 0.00 0.00 0.00 7.01 -4.80 7.95 -6.38 0.04 -26.92 7.23 -18.09
1684257998830108 0.00 0.00 0.00 0.00 5.76 -6.06 7.48 -6.22 9.81 -29.59 7.31 -21.78
1684257998845912 0.00 0.00 0.00 0.00 5.76 -4.80 7.16 -5.90 29.70 -10.02 11.02 -20.57
1684257998862880 0.00 0.00 0.00 0.00 8.25 -3.54 7.16 -5.43 18.45 -18.61 12.11 -20.45
1684257998878459 0.00 0.00 0.00 0.00 7.00 -3.54 7.01 -4.96 0.04 -30.37 10.91 -23.03
1684257998897432 0.00 0.00 0.00 0.00 5.75 -2.28 7.01 -4.64 8.27 -24.94 11.94 -23.71
1684257998910503 0.00 0.00 0.00 0.00 8.25 -2.28 7.01 -4.17 0.01 -24.09 9.54 -23.09
1684257998927124 0.00 0.00 0.00 0.00 9.50 -2.28 7.16 -3.70 0.04 -28.44 8.30 -24.12
1684257998946728 0.00 0.00 0.00 0.00 9.50 -2.28 7.47 -3.38 -7.93 -24.10 7.30 -23.77
1684257998959432 0.00 0.00 0.00 0.00 8.25 -2.28 7.78 -2.91 -24.57 -24.76 3.00 -23.17
1684257998975688 0.00 0.00 0.00 0.00 9.50 -2.28 8.25 -2.60 -19.20 -29.06 -3.11 -25.55
1684257998992316 0.00 0.00 0.00 0.00 8.25 -1.02 8.25 -2.28 -28.16 -18.90 -8.94 -25.58
1684257999007817 0.00 0.00 0.00 0.00 9.50 -2.28 8.57 -2.13 0.03 -20.30 -8.94 -24.32
1684257999023581 0.00 0.00 0.00 0.00 8.25 -2.28 8.88 -2.13 -19.81 -9.96 -12.45 -22.45
1684257999039581 0.00 0.00 0.00 0.00 9.50 -1.03 9.03 -1.97 -19.52 0.02 -14.89 -19.44
1684257999055756 0.00 0.00 0.00 0.00 9.50 -2.28 9.03 -1.97 -9.64 -9.71 -16.10 -17.09
1684257999072496 0.00 0.00 0.00 0.00 9.50 -2.28 9.03 -1.97 -0.00 0.00 -15.11 -14.08
1684257999090149 0.00 0.00 0.00 0.00 10.75 -2.29 9.35 -1.97 0.00 0.00 -12.04 -10.99
1684257999105122 0.00 0.00 0.00 0.00 9.50 -3.54 9.35 -2.13 -20.87 0.04 -12.25 -7.35
1684257999121786 0.00 0.00 0.00 0.00 10.76 -3.55 9.66 -2.44 -0.02 9.45 -8.73 -3.81
1684257999137563 0.00 0.00 0.00 0.00 8.25 -2.28 9.50 -2.44 -19.84 19.98 -11.21 1.23
1684257999153878 0.00 0.00 0.00 0.00 7.00 -3.54 9.35 -2.60 9.57 -0.02 -7.54 2.47
1684257999170179 0.00 0.00 0.00 0.00 10.76 -3.55 9.50 -2.91 9.57 9.64 -3.90 3.67
1684257999186020 0.00 0.00 0.00 0.00 9.51 -4.80 9.50 -3.23 -9.90 19.88 -3.94 7.37
1684257999204431 0.00 0.00 0.00 0.00 9.51 -4.80 9.50 -3.54 -0.03 17.11 -3.94 9.51
1684257999218654 0.00 0.00 0.00 0.00 10.76 -4.81 9.51 -3.86 -0.04 22.14 -3.94 12.28
1684257999235936 0.00 0.00 0.00 0.00 8.26 -6.06 9.35 -4.17 -0.04 18.22 -1.34 14.55
1684257999251227 0.00 0.00 0.00 0.00 8.26 -4.80 9.04 -4.33 10.19 20.60 -0.07 15.95
1684257999267626 80.00 0.00 0.00 0.00 8.26 -6.06 9.04 -4.80 19.05 9.57 4.80 14.64
1684257999283678 80.00 0.00 0.00 0.00 8.26 -6.06 9.19 -5.12 -0.04 29.45 3.59 18.33
1684257999308986 80.00 0.00 0.00 0.00 8.26 -6.06 8.88 -5.43 -6.19 12.46 1.62 18.68
1684257999322319 80.00 0.00 0.00 0.00 8.26 -7.33 8.73 -5.75 23.41 23.60 5.79 19.14
1684257999335780 80.00 0.00 0.00 0.00 8.26 -7.33 8.57 -6.06 11.58 23.42 7.24 19.93
1684257999348791 80.00 0.00 0.00 0.00 9.51 -7.33 8.42 -6.38 11.98 24.23 8.74 20.19
1684257999364867 80.00 0.00 0.00 0.00 9.51 -6.06 8.57 -6.38 9.69 19.61 9.96 20.37
1684257999381920 80.00 0.00 0.00 0.00 10.76 -6.07 8.88 -6.54 -9.17 0.02 7.54 17.79
1684257999398136 80.00 0.00 0.00 0.00 10.76 -6.07 9.20 -6.54 -19.31 9.76 2.74 17.82
1684257999414838 80.00 0.00 0.00 0.00 12.01 -6.07 9.67 -6.54 -18.73 0.04 0.41 14.14
1684257999430434 80.00 0.00 0.00 0.00 13.27 -6.07 10.29 -6.54 -30.09 0.06 -2.58 12.59
1684257999446848 80.00 0.00 0.00 0.00 15.77 -6.08 11.23 -6.39 -38.13 0.09 -10.27 9.65
1684257999462671 80.00 0.00 0.00 0.00 15.77 -6.08 12.17 -6.23 -59.34 -9.82 -19.14 5.50
1684257999479051 80.00 0.00 0.00 0.00 15.77 -6.08 12.95 -6.07 -57.32 -9.48 -27.80 1.28
1684257999495357 80.00 0.00 0.00 0.00 18.28 -4.83 14.05 -5.92 -47.99 -9.54 -35.01 -2.36
1684257999514715 80.00 0.00 0.00 0.00 20.79 -4.84 15.30 -5.77 -56.61 -7.97 -40.94 -3.36
1684257999527752 80.00 0.00 0.00 0.00 23.30 -4.86 16.87 -5.62 -96.13 -11.74 -50.54 -6.04
1684257999545787 80.00 0.00 0.00 0.00 24.56 -4.86 18.44 -5.46 -86.91 -8.40 -59.07 -7.10
1684257999561369 80.00 0.00 0.00 0.00 25.82 -4.87 20.01 -5.31 -100.65 -9.70 -67.89 -8.32
1684257999583696 80.00 0.00 0.00 0.00 28.33 -3.62 21.58 -5.01 -70.28 -6.75 -71.90 -9.17
1684257999595984 80.00 0.00 0.00 0.00 32.11 -2.38 23.62 -4.54 -127.78 -25.04 -80.46 -11.08
1684257999609992 80.00 0.00 0.00 0.00 33.37 -2.39 25.82 -4.08 -145.81 -33.04 -91.52 -14.02
1684257999625125 80.00 0.00 0.00 0.00 38.43 -2.41 28.34 -3.78 -145.39 -30.53 -103.70 -16.65
1684257999642253 80.00 0.00 0.00 0.00 38.42 -1.15 30.54 -3.32 -147.06 -17.69 -115.00 -17.86
1684257999657729 80.00 0.00 0.00 0.00 42.21 -1.16 32.91 -2.85 -142.44 -29.84 -120.79 -20.12
1684257999674092 80.00 0.00 0.00 0.00 44.73 0.10 35.43 -2.23 -144.44 -28.24 -127.98 -22.60
1684257999689987 80.00 0.00 0.00 0.00 45.98 -6.18 37.95 -2.40 -158.59 -38.98 -135.22 -26.26
1684257999708015 80.00 0.00 0.00 0.00 49.75 7.64 40.62 -0.99 -139.76 9.12 -143.91 -24.28
1684257999722916 80.00 0.00 0.00 0.00 49.70 -7.42 42.82 -1.62 -179.70 -94.43 -150.40 -32.95
1684257999739588 80.00 0.00 0.00 0.00 52.23 0.11 45.18 -1.31 -131.91 37.76 -148.66 -24.10
1684257999755210 80.00 0.00 0.00 0.00 50.99 1.36 46.75 -0.84 -150.90 -19.97 -149.35 -22.78
1684257999772351 80.00 0.00 0.00 0.00 52.24 1.36 48.48 -0.52 -91.65 -27.46 -142.42 -24.01
1684257999787529 80.00 0.00 0.00 0.00 54.72 2.63 50.04 -0.05 -113.79 -20.69 -138.84 -22.86
1684257999804248 80.00 0.00 0.00 0.00 55.86 -6.10 51.44 -0.83 -93.56 -28.32 -132.48 -22.87
1684257999820995 80.00 0.00 0.00 0.00 58.40 2.66 52.99 0.28 -83.13 46.25 -123.05 -12.22
1684257999836960 80.00 0.00 0.00 0.00 58.40 2.66 54.07 -0.34 -97.28 -69.23 -117.74 -22.01
1684257999852553 80.00 0.00 0.00 0.00 60.83 3.93 55.46 1.08 -69.31 39.91 -103.94 -5.22
1684257999870007 80.00 0.00 0.00 0.00 62.03 3.94 56.69 1.56 -79.70 -81.27 -97.42 -20.10
1684257999885164 80.00 0.00 0.00 0.00 63.21 2.72 58.21 1.72 -80.85 -31.63 -88.66 -21.55
1684257999901517 80.00 0.00 0.00 0.00 63.23 3.96 59.59 2.05 -93.39 -10.38 -88.88 -19.42
1684257999917372 80.00 0.00 0.00 0.00 63.23 3.96 60.65 2.22 -86.64 -20.48 -85.48 -19.39
1684257999933994 80.00 0.00 0.00 0.00 65.57 2.76 61.86 3.32 -63.97 -10.01 -81.78 -17.10
1684257999955827 80.00 0.00 0.00 0.00 65.59 4.00 62.76 3.49 -55.56 -50.71 -78.34 -29.22
1684257999967804 80.00 0.00 0.00 0.00 65.57 2.76 63.66 3.50 -75.01 -13.98 -75.55 -22.32
1684257999983331 80.00 0.00 0.00 0.00 65.57 2.76 64.25 3.36 -57.70 -0.80 -74.10 -27.41
1684257999999653 80.00 0.00 0.00 0.00 67.88 2.80 64.98 3.21 -36.24 9.00 -68.67 -16.12
1684258000014480 80.00 0.00 0.00 0.00 66.73 2.78 65.42 3.22 -49.31 9.63 -64.73 -10.97
1684258000031415 80.00 0.00 0.00 0.00 67.88 2.80 66.00 3.08 -25.98 -0.46 -56.30 -9.73
1684258000047647 80.00 0.00 0.00 0.00 69.03 2.83 66.73 2.93 -35.86 8.91 -49.95 -6.05
1684258000062844 80.00 0.00 0.00 0.00 67.86 1.57 67.01 2.79 -47.71 9.31 -47.92 -3.64
1684258000081153 80.00 0.00 0.00 0.00 70.16 2.86 67.58 2.64 -15.65 8.11 -42.93 3.71
1684258000096013 80.00 0.00 0.00 0.00 69.03 2.83 68.02 2.65 -38.48 9.59 -38.36 6.66
1684258000113437 80.00 0.00 0.00 0.00 70.16 2.86 68.59 2.67 -24.83 -0.52 -34.26 6.69
1684258000128155 80.00 0.00 0.00 0.00 69.03 2.83 68.73 2.67 -39.02 -0.86 -34.61 5.46
1684258000144262 80.00 0.00 0.00 0.00 70.16 2.86 69.16 2.68 -8.88 -0.20 -29.55 4.23
1684258000160877 80.00 0.00 0.00 0.00 71.28 2.89 69.59 2.69 -25.81 -0.59 -29.53 4.22
1684258000178019 80.00 0.00 0.00 0.00 70.16 2.86 69.73 2.69 -24.78 -0.61 -28.14 3.03
1684258000192957 80.00 0.00 0.00 0.00 70.16 2.86 70.02 2.85 -9.48 -0.23 -23.37 1.83
1684258000209210 80.00 0.00 0.00 0.00 70.19 4.09 70.02 3.01 -17.71 -9.92 -23.62 -0.42
1684258000225934 80.00 0.00 0.00 0.00 71.31 4.12 70.31 3.17 -0.21 -9.21 -18.84 -2.77
1684258000241604 80.00 0.00 0.00 0.00 71.31 4.12 70.45 3.33 -18.22 -10.27 -18.01 -3.99
1684258000258056 80.00 0.00 0.00 0.00 71.28 2.89 70.73 3.33 -8.75 -9.57 -14.23 -5.08
1684258000274795 80.00 0.00 0.00 0.00 71.31 4.12 70.88 3.49 -16.84 -0.43 -15.23 -5.10
1684258000290286 80.00 0.00 0.00 0.00 72.39 2.92 71.02 3.49 -9.29 -10.16 -13.16 -6.30
1684258000307575 80.00 0.00 0.00 0.00 72.39 2.92 71.29 3.50 -8.03 -0.23 -11.07 -6.25
1684258000323469 80.00 0.00 0.00 0.00 71.14 -2.01 71.42 2.89 -17.56 -0.48 -12.07 -6.28
1684258000340201 80.00 0.00 0.00 0.00 71.28 2.89 71.55 2.74 -7.31 36.38 -10.77 -0.50
1684258000356218 80.00 0.00 0.00 0.00 72.42 4.15 71.69 2.75 -8.54 9.38 -11.82 1.83
1684258000372078 80.00 0.00 0.00 0.00 71.28 2.89 71.69 2.59 -8.77 -0.23 -10.63 3.08
1684258000388778 80.00 0.00 0.00 0.00 72.42 4.15 71.83 2.75 0.22 9.20 -9.51 5.43
1684258000406758 80.00 0.00 0.00 0.00 72.39 2.92 71.97 2.60 -7.94 -8.75 -8.40 4.39
1684258000420814 80.00 0.00 0.00 0.00 72.39 2.92 71.97 2.60 -9.61 10.66 -8.44 6.99
1684258000437352 80.00 0.00 0.00 0.00 72.42 4.15 71.97 2.75 0.00 0.00 -7.44 7.02
1684258000452485 80.00 0.00 0.00 0.00 72.39 2.92 72.13 3.37 -0.26 -10.14 -5.27 5.81
1684258000469550 80.00 0.00 0.00 0.00 72.39 2.92 72.27 3.37 -9.18 -36.12 -5.51 -3.25
1684258000490514 80.00 0.00 0.00 0.00 72.42 4.15 72.27 3.37 -6.62 -0.19 -5.27 -4.45
1684258000505133 80.00 0.00 0.00 0.00 72.39 2.92 72.40 3.38 0.00 0.00 -4.17 -4.42
1684258000518678 80.00 0.00 0.00 0.00 72.36 1.69 72.40 3.07 -10.25 -0.29 -5.48 -5.60
1684258000534593 80.00 0.00 0.00 0.00 72.39 2.92 72.40 3.07 0.51 19.26 -4.43 -2.10
1684258000552084 80.00 0.00 0.00 0.00 72.39 2.92 72.40 3.07 0.00 0.00 -3.23 -3.43
1684258000567983 80.00 0.00 0.00 0.00 72.39 2.92 72.39 2.92 0.00 -0.00 -3.23 -3.43
1684258000583736 80.00 0.00 0.00 0.00 73.49 2.95 72.53 2.92 0.25 9.74 -3.16 -0.95
1684258000599574 80.00 0.00 0.00 0.00 72.28 -0.75 72.52 2.46 -8.67 -0.26 -3.10 3.53
1684258000615772 80.00 0.00 0.00 0.00 74.54 1.77 72.78 2.17 0.84 28.32 -2.16 7.10
1684258000639780 80.00 0.00 0.00 0.00 73.46 1.73 72.91 2.02 -11.02 12.38 -3.54 8.64
1684258000651815 80.00 0.00 0.00 0.00 74.67 6.66 73.20 2.64 -11.04 12.35 -3.64 10.22
1684258000664394 80.00 0.00 0.00 0.00 74.67 6.66 73.49 3.11 -23.00 -49.33 -6.58 1.65
1684258000680706 80.00 0.00 0.00 0.00 74.54 1.77 73.76 2.96 -17.47 -28.65 -8.76 -1.93
1684258000697966 80.00 0.00 0.00 0.00 74.54 1.77 74.02 2.82 -15.55 8.34 -10.71 -0.89
1684258000713179 80.00 0.00 0.00 0.00 75.57 0.59 74.28 2.52 -17.65 9.46 -12.95 -0.92
1684258000730132 80.00 0.00 0.00 0.00 73.23 -4.35 74.40 2.07 -15.33 17.40 -13.78 1.28
1684258000745622 80.00 0.00 0.00 0.00 74.54 1.77 74.40 2.07 -7.68 29.04 -14.84 1.37
1684258000761722 80.00 0.00 0.00 0.00 74.54 1.77 74.54 2.08 -0.00 0.00 -13.47 -0.17
1684258000778491 80.00 0.00 0.00 0.00 74.54 1.77 74.52 1.47 -8.09 -0.28 -13.10 -1.75
1684258000799861 80.00 0.00 0.00 0.00 75.57 0.59 74.63 0.71 0.78 28.61 -10.12 7.99
1684258000811719 80.00 0.00 0.00 0.00 75.61 1.81 74.77 0.71 -9.46 63.94 -9.12 19.56
1684258000826636 80.00 0.00 0.00 0.00 75.61 1.81 74.90 0.72 -8.99 -0.33 -8.30 18.48
1684258000843719 80.00 0.00 0.00 0.00 75.53 -0.62 74.90 0.57 -7.85 -0.29 -7.08 17.26
1684258000860456 80.00 0.00 0.00 0.00 76.67 1.85 75.33 1.34 0.34 9.05 -5.12 16.22
1684258000876020 80.00 0.00 0.00 0.00 77.72 1.89 75.72 1.36 -27.61 -49.78 -7.61 6.36
1684258000891869 80.00 0.00 0.00 0.00 76.67 1.85 75.99 1.37 -25.08 -0.98 -10.75 6.24
1684258000911996 80.00 0.00 0.00 0.00 77.72 1.89 76.39 1.38 -13.24 -0.50 -11.39 6.21
1684258000925162 80.00 0.00 0.00 0.00 78.75 1.94 76.79 1.55 -30.19 -1.18 -15.26 2.49
1684258000943776 80.00 0.00 0.00 0.00 78.75 1.94 77.18 1.57 -21.38 -9.03 -16.75 -6.63
1684258000957085 80.00 0.00 0.00 0.00 78.80 3.14 77.58 1.73 -29.51 -1.22 -19.31 -6.74
1684258000974837 80.00 0.00 0.00 0.00 79.78 1.98 78.11 2.06 -22.43 -9.42 -21.14 -7.88
1684258000989874 80.00 0.00 0.00 0.00 80.78 2.03 78.62 2.08 -35.33 -21.64 -25.60 -11.72
1684258001007736 80.00 0.00 0.00 0.00 79.86 4.39 78.89 2.40 -28.77 -1.28 -25.74 -5.66
1684258001020961 80.00 0.00 0.00 0.00 81.83 3.28 79.53 2.57 -20.26 -23.65 -25.14 -8.49
1684258001042767 80.00 0.00 0.00 0.00 80.83 3.23 79.92 2.74 -29.55 -8.20 -27.18 -9.45
1684258001055428 80.00 0.00 0.00 0.00 81.91 5.68 80.32 3.21 -30.72 -13.23 -27.24 -10.96
1684258001075068 80.00 0.00 0.00 0.00 81.83 3.28 80.70 3.38 -20.11 -23.82 -27.08 -12.81
1684258001087493 80.00 0.00 0.00 0.00 80.95 6.85 80.97 3.84 -30.92 -13.50 -27.26 -14.34
1684258001102263 80.00 0.00 0.00 0.00 81.83 3.28 81.23 4.00 -18.23 -31.34 -26.74 -17.08
1684258001118766 80.00 0.00 0.00 0.00 81.87 4.48 81.36 4.31 -15.54 -9.81 -24.26 -15.60
1684258001134440 80.00 0.00 0.00 0.00 82.81 3.33 81.73 4.17 -8.68 -19.51 -21.75 -17.88
1684258001150849 80.00 0.00 0.00 0.00 81.91 5.68 81.74 4.47 -22.45 8.13 -22.03 -13.91
1684258001167192 80.00 0.00 0.00 0.00 82.94 6.92 82.01 4.94 -0.66 -18.36 -18.42 -15.18
1684258001183542 80.00 0.00 0.00 0.00 82.90 5.72 82.13 4.94 -16.12 -28.19 -16.59 -17.05
1684258001199874 80.00 0.00 0.00 0.00 83.87 5.76 82.39 5.25 -7.54 -0.31 -15.02 -14.11
1684258001216090 80.00 0.00 0.00 0.00 83.91 6.96 82.76 5.26 -15.76 -19.14 -13.12 -14.82
1684258001232774 80.00 0.00 0.00 0.00 84.79 4.61 83.13 5.43 -22.18 -0.83 -13.62 -11.00
1684258001251254 80.00 0.00 0.00 0.00 83.87 5.76 83.38 5.59 -20.01 -9.03 -14.18 -10.91
1684258001264751 80.00 0.00 0.00 0.00 84.83 5.80 83.63 5.90 -18.52 -11.89 -15.41 -9.95
1684258001289985 80.00 0.00 0.00 0.00 84.83 5.80 83.99 5.92 -10.01 -12.28 -13.85 -12.50
1684258001304222 80.00 0.00 0.00 0.00 84.83 5.80 84.23 5.78 -25.61 -1.10 -16.97 -10.35
1684258001316658 80.00 0.00 0.00 0.00 84.91 8.19 84.48 6.09 -19.02 11.21 -17.33 -5.42
1684258001331333 80.00 0.00 0.00 0.00 86.75 7.08 84.84 6.25 -17.13 -21.05 -18.53 -8.01
1684258001346287 80.00 0.00 0.00 0.00 85.78 5.85 85.07 6.11 -24.07 -11.01 -19.57 -7.00
1684258001363471 80.00 0.00 0.00 0.00 86.95 15.41 85.34 7.46 -13.56 8.07 -18.49 -5.88
1684258001378480 80.00 0.00 0.00 0.00 86.79 8.26 85.71 7.78 -18.01 -89.94 -18.24 -16.00
1684258001395411 80.00 0.00 0.00 0.00 85.82 7.04 85.83 7.93 -21.55 -18.48 -18.62 -16.82
1684258001410802 80.00 0.00 0.00 0.00 87.71 8.30 86.19 8.24 -8.02 -10.01 -18.37 -16.54
1684258001428445 80.00 0.00 0.00 0.00 90.08 1.43 86.85 7.70 -20.41 -17.70 -17.72 -18.61
1684258001443905 80.00 0.00 0.00 0.00 87.71 8.30 87.20 7.71 -42.40 35.38 -20.65 -15.59
1684258001460938 80.00 0.00 0.00 0.00 87.71 8.30 87.32 7.86 -20.56 -0.82 -21.07 -13.06
1684258001481807 80.00 0.00 0.00 0.00 88.66 9.52 87.68 8.32 -5.75 -7.34 -18.78 -12.61
1684258001495118 80.00 0.00 0.00 0.00 87.71 8.30 87.77 7.43 -27.04 -34.50 -20.47 -17.93
1684258001508397 80.00 0.00 0.00 0.00 88.62 8.34 88.00 7.44 -7.19 66.94 -19.12 1.68
1684258001525183 80.00 0.00 0.00 0.00 87.71 8.30 88.24 7.60 -13.61 -0.57 -18.12 3.92
1684258001542411 80.00 0.00 0.00 0.00 87.75 9.49 88.24 7.75 -13.74 -9.18 -18.84 4.03
1684258001558509 80.00 0.00 0.00 0.00 87.67 7.12 87.94 8.46 -0.28 -9.20 -16.32 5.09
1684258001573749 80.00 0.00 0.00 0.00 87.71 8.30 87.94 8.46 19.72 -46.68 -8.56 -5.17
1684258001592241 80.00 0.00 0.00 0.00 88.66 9.52 88.06 8.61 0.00 0.00 -5.99 -5.07
1684258001606623 80.00 0.00 0.00 0.00 89.55 9.56 88.17 8.62 -8.21 -10.60 -6.29 -5.47
1684258001624061 80.00 0.00 0.00 0.00 89.55 9.56 88.40 8.77 -6.41 -0.25 -3.71 -1.19
1684258001639051 80.00 0.00 0.00 0.00 89.47 7.21 88.51 8.63 -15.33 -10.46 -4.73 -10.87
1684258001656051 80.00 0.00 0.00 0.00 89.51 8.38 88.73 8.64 -6.26 8.35 -3.81 -9.75
1684258001671491 80.00 0.00 0.00 0.00 89.20 1.36 88.92 7.63 -14.58 -0.63 -3.92 -8.69
1684258001687531 80.00 0.00 0.00 0.00 89.51 8.38 89.15 7.78 -11.31 63.31 -5.30 0.38
1684258001704021 80.00 0.00 0.00 0.00 89.47 7.21 89.37 7.65 -13.96 -9.56 -9.51 5.02
1684258001720177 80.00 0.00 0.00 0.00 89.55 9.56 89.48 7.65 -13.61 8.48 -11.21 6.08
1684258001736997 80.00 0.00 0.00 0.00 90.30 6.08 89.57 7.22 -6.65 -0.26 -11.01 7.37
1684258001753035 80.00 0.00 0.00 0.00 89.47 7.21 89.56 6.92 -5.87 27.09 -10.95 10.79
1684258001769325 80.00 0.00 0.00 0.00 89.32 3.69 89.54 6.48 0.61 18.04 -8.95 14.35
1684258001786355 80.00 0.00 0.00 0.00 89.47 7.21 89.54 6.34 1.10 25.78 -8.03 16.53
1684258001801483 80.00 0.00 0.00 0.00 89.47 7.21 89.57 7.07 0.35 9.71 -6.17 17.82
1684258001818152 80.00 0.00 0.00 0.00 90.47 10.77 89.69 7.37 -2.03 -43.82 -5.01 4.43
1684258001834973 80.00 0.00 0.00 0.00 89.51 8.38 89.70 7.51 -7.09 -17.73 -4.15 3.41
1684258001850211 80.00 0.00 0.00 0.00 90.39 8.42 89.80 7.37 -0.34 -9.64 -2.49 1.15
1684258001866674 80.00 0.00 0.00 0.00 90.43 9.59 89.82 7.81 -6.40 8.63 -2.46 2.26
1684258001882724 80.00 0.00 0.00 0.00 90.20 3.75 89.91 7.38 -1.00 -27.35 -1.85 -4.55
1684258001899136 80.00 0.00 0.00 0.00 89.51 8.38 89.93 7.96 -5.54 26.32 -2.62 -3.51
1684258001914850 80.00 0.00 0.00 0.00 89.59 10.74 89.95 8.40 -1.53 -37.29 -2.95 -11.40
1684258001931839 80.00 0.00 0.00 0.00 89.55 9.56 89.96 8.70 -0.84 -25.97 -3.10 -15.86
1684258001947465 80.00 0.00 0.00 0.00 89.55 9.56 89.84 8.55 -0.64 -18.81 -2.92 -12.73
1684258001964162 80.00 0.00 0.00 0.00 89.55 9.56 89.85 8.69 6.86 9.06 -1.18 -9.38
1684258001980238 80.00 0.00 0.00 0.00 90.43 9.59 89.85 8.84 -0.29 -9.15 -1.17 -9.32
1684258001997025 80.00 0.00 0.00 0.00 89.55 9.56 89.74 8.84 -0.29 -8.73 -0.41 -11.49
1684258002012422 80.00 0.00 0.00 0.00 89.59 10.74 89.67 9.71 7.16 0.29 0.61 -8.03
1684258002029039 80.00 0.00 0.00 0.00 89.20 1.36 89.63 8.83 4.62 -52.55 1.88 -17.89
1684258002044066 80.00 0.00 0.00 0.00 90.43 9.59 89.73 8.69 2.60 58.38 2.40 -5.93
1684258002061729 80.00 0.00 0.00 0.00 90.43 9.59 89.84 8.69 -6.00 8.08 1.75 -1.68
1684258002076940 80.00 0.00 0.00 0.00 89.55 9.56 89.84 8.69 -7.24 -0.30 0.93 0.64
1684258002092661 80.00 0.00 0.00 0.00 91.30 9.63 90.06 8.70 0.00 0.00 0.07 -0.50
1684258002112141 80.00 0.00 0.00 0.00 90.39 8.42 90.06 8.56 -11.23 -0.47 -1.30 0.59
1684258002125564 80.00 0.00 0.00 0.00 89.51 8.38 90.05 8.41 0.36 10.92 -1.22 3.04
1684258002142629 80.00 0.00 0.00 0.00 91.39 13.14 90.28 8.71 0.28 8.62 -2.08 4.08
1684258002157895 80.00 0.00 0.00 0.00 91.42 14.32 90.55 10.33 -14.80 -19.71 -4.50 8.19
1684258002174969 80.00 0.00 0.00 0.00 91.30 9.63 90.66 10.33 -16.22 -94.84 -6.86 -10.96
1684258002190410 80.00 0.00 0.00 0.00 91.26 8.46 90.77 10.19 -7.03 -0.30 -6.99 -12.01
1684258002207213 80.00 0.00 0.00 0.00 91.26 8.46 90.98 10.06 -6.17 8.42 -6.85 -10.92
1684258002222914 80.00 0.00 0.00 0.00 91.22 7.30 90.97 9.76 -13.62 8.72 -8.55 -9.83
1684258002241718 80.00 0.00 0.00 0.00 91.26 8.46 91.08 9.77 0.55 15.52 -7.08 -7.83
1684258002255207 80.00 0.00 0.00 0.00 91.26 8.46 91.30 9.78 -8.04 -0.38 -8.13 -9.24
1684258002272124 80.00 0.00 0.00 0.00 91.26 8.46 91.28 9.19 -12.92 -0.60 -9.78 -10.40
1684258002289227 80.00 0.00 0.00 0.00 92.07 7.34 91.36 8.32 0.96 34.21 -7.81 -3.66
1684258002304495 80.00 0.00 0.00 0.00 91.26 8.46 91.36 8.18 -5.38 57.10 -6.46 15.34
1684258002321298 80.00 0.00 0.00 0.00 93.74 7.43 91.67 8.05 0.29 8.69 -5.54 16.46
1684258002337030 80.00 0.00 0.00 0.00 92.87 6.23 91.87 7.77 -19.72 8.17 -7.24 16.43
1684258002353582 80.00 0.00 0.00 0.00 93.00 9.71 92.09 8.07 -12.11 16.85 -7.05 17.44
1684258002377995 80.00 0.00 0.00 0.00 92.96 8.55 92.30 8.08 -9.12 -12.34 -8.25 13.96
1684258002390058 80.00 0.00 0.00 0.00 91.22 7.30 92.30 7.94 -17.58 -0.87 -9.45 13.90
1684258002402053 80.00 0.00 0.00 0.00 93.74 7.43 92.61 7.81 0.45 12.16 -7.78 15.50
1684258002417952 80.00 0.00 0.00 0.00 92.87 6.23 92.71 7.67 -19.51 8.08 -10.34 12.23
1684258002435549 80.00 0.00 0.00 0.00 92.91 7.39 92.91 7.53 -5.63 7.88 -10.37 6.08
1684258002450581 80.00 0.00 0.00 0.00 92.02 6.18 92.70 7.38 -13.74 8.94 -12.12 6.11
1684258002466701 80.00 0.00 0.00 0.00 93.74 7.43 92.81 7.53 13.33 9.72 -7.99 6.30
1684258002483497 80.00 0.00 0.00 0.00 93.74 7.43 92.90 7.24 -6.53 -8.95 -7.29 3.08
1684258002499515 80.00 0.00 0.00 0.00 93.03 10.87 92.91 7.53 -5.81 17.72 -6.88 6.83
1684258002515804 80.00 0.00 0.00 0.00 93.69 6.28 93.22 7.41 -0.58 -17.81 -4.75 4.72
1684258002531570 80.00 0.00 0.00 0.00 93.69 6.28 93.21 7.26 -19.63 8.03 -7.26 4.20
1684258002548435 80.00 0.00 0.00 0.00 94.65 9.78 93.44 7.71 0.37 8.54 -4.78 4.26
1684258002564292 80.00 0.00 0.00 0.00 93.69 6.28 93.53 7.57 -14.04 -27.99 -5.83 -0.23
1684258002580565 80.00 0.00 0.00 0.00 94.68 10.93 93.87 8.16 -5.99 8.49 -4.86 -0.28
1684258002597152 80.00 0.00 0.00 0.00 94.68 10.93 93.98 8.60 -20.04 -35.83 -9.03 -5.98
1684258002613432 80.00 0.00 0.00 0.00 94.56 7.48 94.09 8.61 -7.22 -26.88 -9.12 -8.22
1684258002629583 80.00 0.00 0.00 0.00 94.79 15.56 94.31 9.19 -6.32 -0.37 -9.18 -10.48
1684258002645773 80.00 0.00 0.00 0.00 94.56 7.48 94.41 9.34 -13.52 -36.21 -10.80 -12.78
1684258002662089 80.00 0.00 0.00 0.00 94.61 8.63 94.53 9.64 -6.64 -9.19 -9.17 -14.93
1684258002678073 80.00 0.00 0.00 0.00 94.68 10.93 94.53 9.78 -7.13 -18.37 -10.11 -18.29
1684258002694622 80.00 0.00 0.00 0.00 94.34 2.90 94.61 9.36 -0.28 -8.71 -8.39 -15.88
1684258002712549 80.00 0.00 0.00 0.00 93.79 8.59 94.50 9.06 -4.47 23.56 -8.20 -14.00
1684258002727406 80.00 0.00 0.00 0.00 94.56 7.48 94.48 8.63 7.53 19.74 -4.75 -7.05
1684258002743650 80.00 0.00 0.00 0.00 94.61 8.63 94.49 8.78 0.95 26.57 -3.73 -0.37
1684258002760682 80.00 0.00 0.00 0.00 94.61 8.63 94.47 7.91 -0.33 -8.44 -2.99 -1.38
1684258002775306 80.00 0.00 0.00 0.00 94.72 12.09 94.49 8.49 1.54 59.20 -1.10 10.55
1684258002792046 80.00 0.00 0.00 0.00 95.45 9.82 94.59 8.64 -1.16 -34.40 -0.42 7.39
1684258002809938 80.00 0.00 0.00 0.00 94.61 8.63 94.58 8.35 -5.91 -8.31 -0.27 8.65
1684258002824428 80.00 0.00 0.00 0.00 94.56 7.48 94.61 8.92 0.67 19.87 -0.15 12.22
1684258002840864 80.00 0.00 0.00 0.00 94.51 6.33 94.70 8.64 -1.71 -34.82 0.20 4.93
1684258002856581 80.00 0.00 0.00 0.00 94.56 7.48 94.70 8.64 -5.74 17.93 -1.46 4.70
1684258002874796 80.00 0.00 0.00 0.00 94.61 8.63 94.70 8.64 0.00 0.00 -1.58 1.38
1684258002889066 80.00 0.00 0.00 0.00 96.11 6.44 94.89 8.36 0.00 0.00 -1.54 2.43
1684258002909673 80.00 0.00 0.00 0.00 95.41 8.67 94.98 7.94 -9.11 13.30 -2.87 -3.30
1684258002924208 80.00 0.00 0.00 0.00 94.68 10.93 94.88 8.08 -5.98 29.36 -3.47 4.67
1684258002938020 80.00 0.00 0.00 0.00 94.56 7.48 94.87 7.93 6.96 -10.08 -1.86 4.44
1684258002954521 80.00 0.00 0.00 0.00 94.56 7.48 94.87 7.93 0.34 8.71 -1.90 3.05
1684258002971152 80.00 0.00 0.00 0.00 93.74 7.43 94.78 8.07 0.00 0.00 -1.69 7.40
1684258002987073 80.00 0.00 0.00 0.00 94.68 10.93 94.79 8.50 6.02 -8.64 -0.22 4.08
1684258003002854 80.00 0.00 0.00 0.00 94.61 8.63 94.79 8.50 -0.98 -27.35 -0.34 0.66
1684258003020049 80.00 0.00 0.00 0.00 94.56 7.48 94.60 8.63 0.00 0.00 -0.34 0.66
1684258003035443 80.00 0.00 0.00 0.00 95.36 7.53 94.60 8.49 12.56 -8.47 2.37 -2.06
1684258003051261 80.00 0.00 0.00 0.00 93.79 8.59 94.48 8.20 0.36 9.05 3.16 -4.60
1684258003067135 80.00 0.00 0.00 0.00 94.40 4.05 94.46 7.77 7.05 18.48 3.17 -1.03
1684258003083771 80.00 0.00 0.00 0.00 94.61 8.63 94.47 7.91 1.22 25.82 3.28 1.11
1684258003099843 80.00 0.00 0.00 0.00 94.61 8.63 94.58 8.06 -0.35 -8.94 3.24 -0.01
1684258003116510 80.00 0.00 0.00 0.00 94.68 10.93 94.58 8.06 -6.47 -8.98 1.67 -0.05
1684258003134035 80.00 0.00 0.00 0.00 94.34 2.90 94.54 7.34 0.00 0.00 1.80 3.37
1684258003148970 80.00 0.00 0.00 0.00 95.07 1.84 94.61 6.64 2.27 47.93 2.08 9.36
1684258003165091 80.00 0.00 0.00 0.00 94.61 8.63 94.51 6.78 -3.95 43.78 0.02 15.89
1684258003181169 80.00 0.00 0.00 0.00 94.51 6.33 94.60 6.49 5.90 -8.56 0.71 13.69
1684258003200774 80.00 0.00 0.00 0.00 94.56 7.48 94.62 6.92 -4.60 14.37 -0.75 13.18
1684258003213558 80.00 0.00 0.00 0.00 94.61 8.63 94.62 6.92 -1.59 -33.60 -1.10 5.75
1684258003231191 80.00 0.00 0.00 0.00 93.83 9.74 94.52 7.06 0.00 0.00 -1.06 6.87
1684258003245968 80.00 0.00 0.00 0.00 94.61 8.63 94.52 6.77 6.57 -9.41 0.57 6.81
1684258003271247 80.00 0.00 0.00 0.00 93.79 8.59 94.45 7.48 0.38 11.39 0.62 8.24
1684258003288851 80.00 0.00 0.00 0.00 93.79 8.59 94.29 8.33 3.88 -40.36 0.82 -2.80
1684258003300750 80.00 0.00 0.00 0.00 94.61 8.63 94.29 8.33 13.46 -70.94 3.00 -17.14
1684258003312732 80.00 0.00 0.00 0.00 94.56 7.48 94.29 8.47 0.00 0.00 2.26 -16.07
1684258003327550 80.00 0.00 0.00 0.00 94.65 9.78 94.30 8.76 -0.42 -9.68 2.79 -19.08
1684258003343730 80.00 0.00 0.00 0.00 92.96 8.55 94.10 8.75 -0.67 -17.77 2.90 -17.10
1684258003363778 80.00 0.00 0.00 0.00 93.79 8.59 94.09 8.60 10.27 0.53 4.18 -17.03
1684258003378848 80.00 0.00 0.00 0.00 93.00 9.71 93.89 8.74 0.34 9.58 3.41 -14.66
1684258003393191 80.00 0.00 0.00 0.00 93.52 2.84 93.86 8.02 14.00 -9.36 5.11 -17.25
1684258003408812 80.00 0.00 0.00 0.00 91.43 15.49 93.56 8.88 2.14 46.00 4.89 -6.45
1684258003425545 80.00 0.00 0.00 0.00 93.12 14.36 93.38 9.60 17.59 -51.56 5.41 -4.03
1684258003442795 80.00 0.00 0.00 0.00 91.17 6.13 92.95 9.43 10.79 -41.50 6.76 -9.22
1684258003457943 80.00 0.00 0.00 0.00 92.81 5.08 92.73 8.84 27.97 11.15 10.30 -6.62
1684258003474270 80.00 0.00 0.00 0.00 92.91 7.39 92.72 8.70 14.04 36.02 12.14 0.11
1684258003490413 80.00 0.00 0.00 0.00 92.07 7.34 92.51 8.54 0.34 8.97 10.90 1.16
1684258003507843 80.00 0.00 0.00 0.00 92.87 6.23 92.49 8.11 12.30 8.94 12.40 1.08
1684258003522593 80.00 0.00 0.00 0.00 92.87 6.23 92.41 8.53 1.13 29.44 10.79 5.93
1684258003538482 80.00 0.00 0.00 0.00 91.97 5.02 92.47 7.22 5.15 -26.68 11.17 -3.15
1684258003555124 80.00 0.00 0.00 0.00 92.81 5.08 92.44 6.06 -4.05 78.62 8.46 13.12
1684258003571059 80.00 0.00 0.00 0.00 91.17 6.13 92.44 6.06 2.38 72.80 7.41 27.41
1684258003587550 80.00 0.00 0.00 0.00 91.17 6.13 92.23 6.19 0.00 0.00 3.91 26.01
1684258003604961 80.00 0.00 0.00 0.00 91.17 6.13 92.01 6.04 11.79 -7.57 3.63 20.57
1684258003620517 80.00 0.00 0.00 0.00 91.12 4.97 91.89 5.74 14.01 10.10 5.34 20.71
1684258003637240 80.00 0.00 0.00 0.00 90.20 3.75 91.56 5.43 7.13 17.74 4.69 21.81
1684258003652702 80.00 0.00 0.00 0.00 90.20 3.75 91.23 5.12 21.56 20.06 7.25 20.63
1684258003669752 80.00 0.00 0.00 0.00 91.92 3.87 91.22 4.98 19.55 18.19 9.05 26.24
1684258003685496 80.00 0.00 0.00 0.00 91.06 3.81 91.00 4.82 0.45 9.18 9.61 17.56
1684258003703274 80.00 0.00 0.00 0.00 91.06 3.81 90.99 4.53 12.30 8.93 10.85 9.58
1684258003717363 80.00 0.00 0.00 0.00 91.06 3.81 90.97 4.24 0.95 20.61 10.97 12.15
1684258003733587 80.00 0.00 0.00 0.00 90.80 -0.81 90.93 3.37 0.83 17.90 9.60 15.34
1684258003750999 80.00 0.00 0.00 0.00 90.20 3.75 90.81 3.22 2.68 49.83 8.18 20.30
1684258003768108 80.00 0.00 0.00 0.00 90.20 3.75 90.81 3.22 6.73 8.90 8.13 19.20
1684258003783130 80.00 0.00 0.00 0.00 89.55 9.56 90.73 3.94 -0.00 0.00 5.44 16.69
1684258003799118 80.00 0.00 0.00 0.00 89.26 2.53 90.40 3.78 5.06 -45.41 3.62 8.74
1684258003814937 80.00 0.00 0.00 0.00 90.20 3.75 90.29 3.77 20.96 10.58 6.19 8.92
1684258003831569 80.00 0.00 0.00 0.00 89.26 2.53 90.07 3.61 6.50 0.43 5.46 7.86
1684258003847950 80.00 0.00 0.00 0.00 91.22 7.30 90.09 4.04 13.74 9.77 7.06 6.50
1684258003865604 80.00 0.00 0.00 0.00 89.43 6.03 89.91 4.90 -1.10 -24.70 6.82 1.18
1684258003886846 80.00 0.00 0.00 0.00 89.32 3.69 89.80 4.89 8.08 -40.27 7.50 -10.09
1684258003898922 80.00 0.00 0.00 0.00 89.32 3.69 89.70 4.89 9.08 0.59 7.79 -11.12
1684258003916664 80.00 0.00 0.00 0.00 88.37 2.47 89.55 4.00 6.18 0.40 8.56 -11.07
1684258003929418 80.00 0.00 0.00 0.00 89.20 1.36 89.54 3.85 11.55 69.50 9.37 3.29
1684258003947302 80.00 0.00 0.00 0.00 88.31 1.30 89.30 3.55 0.44 8.14 6.81 2.98
1684258003961751 80.00 0.00 0.00 0.00 88.43 3.64 89.20 3.69 16.32 21.21 8.04 5.58
1684258003979209 80.00 0.00 0.00 0.00 87.41 1.24 88.72 2.93 5.96 -7.95 7.06 3.36
1684258003994333 80.00 0.00 0.00 0.00 87.47 2.41 88.48 2.48 31.47 50.08 11.14 12.71
1684258004009754 80.00 0.00 0.00 0.00 87.63 5.94 88.27 2.76 15.84 29.38 12.11 21.42
1684258004025468 80.00 0.00 0.00 0.00 87.41 1.24 88.03 2.45 13.47 -17.86 12.65 19.11
1684258004041910 80.00 0.00 0.00 0.00 86.50 1.18 87.79 2.29 14.53 18.68 13.70 21.40
1684258004058082 80.00 0.00 0.00 0.00 86.43 0.00 87.45 2.12 14.51 9.99 14.07 13.96
1684258004074736 80.00 0.00 0.00 0.00 85.51 -0.06 87.10 1.95 20.77 10.22 16.61 14.22
1684258004090896 80.00 0.00 0.00 0.00 85.51 -0.06 86.73 1.48 21.70 10.54 17.28 12.88
1684258004111810 80.00 0.00 0.00 0.00 85.63 2.29 86.51 1.62 17.48 22.12 18.72 16.64
1684258004124022 80.00 0.00 0.00 0.00 86.71 5.89 86.41 2.05 18.26 -10.83 17.07 9.03
1684258004140953 80.00 0.00 0.00 0.00 85.51 -0.06 86.15 1.30 5.62 -25.73 15.79 2.14
1684258004155653 80.00 0.00 0.00 0.00 84.79 4.61 85.82 1.72 18.04 51.04 16.36 10.75
1684258004172614 80.00 0.00 0.00 0.00 84.50 -1.30 85.57 1.41 19.34 -24.89 16.96 5.31
1684258004188503 80.00 0.00 0.00 0.00 83.55 -1.37 85.21 1.24 15.68 19.50 17.11 6.50
1684258004204959 80.00 0.00 0.00 0.00 85.68 3.48 85.23 1.68 21.88 10.42 17.25 6.52
1684258004220897 80.00 0.00 0.00 0.00 83.87 5.76 85.03 2.41 -1.36 -27.76 14.37 1.73
1684258004237083 80.00 0.00 0.00 0.00 83.62 -0.19 84.78 2.10 12.62 -44.98 13.76 -6.65
1684258004258688 80.00 0.00 0.00 0.00 83.87 5.76 84.42 2.09 11.64 14.36 12.93 -3.50
1684258004270582 80.00 0.00 0.00 0.00 82.59 -1.43 84.06 1.91 29.81 1.38 15.96 -0.12
1684258004285387 80.00 0.00 0.00 0.00 82.59 -1.43 83.78 1.16 24.64 11.57 16.78 -5.05
1684258004302636 80.00 0.00 0.00 0.00 82.59 -1.43 83.54 1.14 15.93 43.82 16.35 3.54
1684258004320651 80.00 0.00 0.00 0.00 82.59 -1.43 83.42 1.13 13.29 0.90 16.06 1.21
1684258004334800 80.00 0.00 0.00 0.00 82.52 -2.62 83.03 0.37 8.52 0.56 14.38 -0.02
1684258004351068 80.00 0.00 0.00 0.00 82.65 -0.25 82.88 -0.38 24.26 46.82 17.59 9.30
1684258004367338 80.00 0.00 0.00 0.00 82.59 -1.43 82.75 -0.53 9.40 46.17 17.18 20.70
1684258004383483 80.00 0.00 0.00 0.00 82.65 -0.25 82.60 -1.28 7.95 9.65 16.72 20.11
1684258004400613 80.00 0.00 0.00 0.00 81.61 -1.50 82.47 -1.29 8.93 43.85 14.11 25.42
1684258004416800 80.00 0.00 0.00 0.00 81.55 -2.68 82.34 -1.45 7.55 0.48 11.98 24.03
1684258004432479 80.00 0.00 0.00 0.00 82.52 -2.62 82.34 -1.60 8.29 9.96 11.02 19.80
1684258004448684 80.00 0.00 0.00 0.00 82.76 2.13 82.36 -1.15 0.50 9.12 9.42 20.83
1684258004465000 80.00 0.00 0.00 0.00 81.61 -1.50 82.24 -1.01 -1.32 -27.32 8.19 17.34
1684258004481414 80.00 0.00 0.00 0.00 81.55 -2.68 82.11 -1.31 6.95 -8.54 6.03 10.42
1684258004497095 80.00 0.00 0.00 0.00 81.55 -2.68 81.98 -1.47 8.78 19.41 5.95 7.08
1684258004513329 80.00 0.00 0.00 0.00 80.56 -2.75 81.71 -1.78 8.01 9.62 5.96 7.07
1684258004529366 80.00 0.00 0.00 0.00 81.61 -1.50 81.71 -1.78 16.29 19.48 6.88 4.03
1684258004553718 80.00 0.00 0.00 0.00 80.49 -3.93 81.58 -1.94 0.00 0.00 5.94 3.97
1684258004565839 80.00 0.00 0.00 0.00 82.38 -4.97 81.56 -2.23 10.86 12.90 6.26 4.33
1684258004582048 80.00 0.00 0.00 0.00 80.49 -3.93 81.28 -2.99 1.09 18.17 6.33 5.47
1684258004594279 80.00 0.00 0.00 0.00 81.48 -3.87 81.27 -3.29 23.16 62.00 9.39 16.63
1684258004610498 80.00 0.00 0.00 0.00 81.48 -3.87 81.26 -3.44 1.00 18.27 8.65 19.98
1684258004627046 80.00 0.00 0.00 0.00 81.48 -3.87 81.25 -3.58 0.50 8.94 7.61 18.67
1684258004643219 80.00 0.00 0.00 0.00 81.48 -3.87 81.36 -3.72 0.52 9.15 6.68 18.61
1684258004660482 80.00 0.00 0.00 0.00 81.83 3.28 81.39 -3.13 -6.67 8.11 3.81 17.19
1684258004676021 80.00 0.00 0.00 0.00 82.45 -3.80 81.64 -3.11 -1.74 -38.41 3.59 12.39
1684258004692959 80.00 0.00 0.00 0.00 80.49 -3.93 81.40 -2.98 -14.46 -1.01 0.42 10.65
1684258004708635 80.00 0.00 0.00 0.00 81.55 -2.68 81.53 -2.82 15.05 -8.29 2.17 7.34
1684258004725227 80.00 0.00 0.00 0.00 81.55 -2.68 81.54 -2.68 -7.94 -9.43 -1.72 -1.58
1684258004742436 80.00 0.00 0.00 0.00 81.48 -3.87 81.54 -2.68 -0.49 -8.60 -1.90 -4.94
1684258004757755 80.00 0.00 0.00 0.00 81.41 -5.05 81.53 -2.82 0.00 0.00 -1.97 -6.06
1684258004773984 80.00 0.00 0.00 0.00 81.48 -3.87 81.53 -2.82 0.54 9.09 -1.96 -6.07
1684258004789741 80.00 0.00 0.00 0.00 80.49 -3.93 81.36 -3.73 0.00 0.00 -1.13 -7.08
1684258004806655 80.00 0.00 0.00 0.00 80.49 -3.93 81.12 -3.74 9.85 53.30 0.32 4.38
1684258004822312 80.00 0.00 0.00 0.00 80.56 -2.75 81.13 -3.59 15.65 1.10 4.08 4.65
1684258004838661 80.00 0.00 0.00 0.00 80.49 -3.93 81.00 -3.75 -0.50 -9.08 2.14 4.55
1684258004855316 80.00 0.00 0.00 0.00 81.48 -3.87 80.99 -3.90 7.91 9.39 4.12 6.90
1684258004871055 80.00 0.00 0.00 0.00 81.55 -2.68 81.00 -3.75 0.53 9.40 4.25 9.15
1684258004887252 80.00 0.00 0.00 0.00 81.48 -3.87 81.00 -3.60 -0.52 -9.13 4.18 8.01
1684258004903240 80.00 0.00 0.00 0.00 80.49 -3.93 80.88 -3.61 -0.55 -9.23 4.05 5.72
1684258004920404 80.00 0.00 0.00 0.00 80.73 0.83 80.91 -3.02 7.18 0.49 4.94 5.78
1684258004935762 80.00 0.00 0.00 0.00 81.48 -3.87 81.03 -3.01 -1.94 -38.79 3.47 -5.73
1684258004956134 80.00 0.00 0.00 0.00 81.55 -2.68 81.16 -3.00 -6.05 -0.42 0.76 -5.92
1684258004968640 80.00 0.00 0.00 0.00 80.43 -5.12 81.15 -3.15 -9.88 -0.64 -0.41 -4.87
1684258004985018 80.00 0.00 0.00 0.00 81.73 0.89 81.18 -2.55 0.52 9.04 -1.34 -4.91
1684258005000101 80.00 0.00 0.00 0.00 81.48 -3.87 81.17 -2.70 -2.03 -39.38 -1.66 -11.01
1684258005017110 80.00 0.00 0.00 0.00 80.56 -2.75 81.06 -2.56 0.49 8.70 -1.53 -8.78
1684258005032070 80.00 0.00 0.00 0.00 80.49 -3.93 81.06 -2.56 7.70 -9.35 -0.50 -8.79
1684258005048833 80.00 0.00 0.00 0.00 81.73 0.89 81.18 -2.55 0.00 0.00 -1.40 -8.86
1684258005069953 80.00 0.00 0.00 0.00 80.49 -3.93 81.06 -2.56 -5.88 -0.32 -1.89 -4.05
1684258005082099 80.00 0.00 0.00 0.00 81.55 -2.68 81.06 -2.56 10.15 0.70 0.13 -3.91
1684258005098046 80.00 0.00 0.00 0.00 80.56 -2.75 81.07 -2.27 0.00 0.00 1.37 -3.83
1684258005113962 80.00 0.00 0.00 0.00 80.43 -5.12 80.91 -3.02 -1.05 -18.62 1.17 -7.28
1684258005130438 80.00 0.00 0.00 0.00 79.50 -4.00 80.66 -3.03 9.87 45.55 2.66 3.33
1684258005146153 80.00 0.00 0.00 0.00 80.49 -3.93 80.66 -3.18 15.80 1.06 4.57 2.38
1684258005162316 80.00 0.00 0.00 0.00 80.49 -3.93 80.66 -3.18 0.50 9.18 3.67 4.69
1684258005179360 80.00 0.00 0.00 0.00 80.43 -5.12 80.49 -3.93 0.00 0.00 3.67 4.69
1684258005196389 80.00 0.00 0.00 0.00 80.43 -5.12 80.48 -4.08 9.55 44.07 5.60 10.24
1684258005211413 80.00 0.00 0.00 0.00 80.49 -3.93 80.35 -4.24 0.57 9.85 4.40 11.39
1684258005235266 80.00 0.00 0.00 0.00 80.35 -6.30 80.33 -4.68 5.52 6.56 5.09 12.21
1684258005247479 80.00 0.00 0.00 0.00 80.35 -6.30 80.32 -4.83 2.11 36.35 5.49 19.08
1684258005260907 80.00 0.00 0.00 0.00 79.36 -6.37 80.30 -5.12 0.67 10.99 4.34 14.76
1684258005276295 80.00 0.00 0.00 0.00 79.28 -7.55 80.15 -5.58 1.11 19.27 2.50 17.03
1684258005293051 80.00 0.00 0.00 0.00 79.36 -6.37 80.01 -5.88 9.03 26.99 3.57 19.26
1684258005308946 80.00 0.00 0.00 0.00 79.50 -4.00 79.89 -5.74 8.94 19.17 4.69 21.65
1684258005325869 80.00 0.00 0.00 0.00 79.56 -2.81 79.78 -5.45 6.87 -8.26 4.35 15.11
1684258005342135 80.00 0.00 0.00 0.00 79.28 -7.55 79.63 -5.91 6.67 -17.74 5.11 11.66
1684258005358121 80.00 0.00 0.00 0.00 78.28 -7.63 79.37 -6.07 9.46 28.29 5.61 14.38
1684258005373992 80.00 0.00 0.00 0.00 78.54 -2.87 79.15 -5.64 16.34 10.46 7.39 11.15
1684258005391039 80.00 0.00 0.00 0.00 77.72 1.89 78.94 -4.61 13.27 -25.14 8.96 6.63
1684258005406868 80.00 0.00 0.00 0.00 78.28 -7.63 78.81 -4.62 12.94 -65.25 10.44 -3.93
1684258005423551 80.00 0.00 0.00 0.00 78.28 -7.63 78.68 -4.78 7.54 0.56 10.25 -7.24
1684258005441926 80.00 0.00 0.00 0.00 78.54 -2.87 78.56 -4.64 7.34 8.54 10.05 -8.57
1684258005455613 80.00 0.00 0.00 0.00 78.35 -6.44 78.41 -5.09 8.69 -10.32 10.28 -8.83
1684258005471845 80.00 0.00 0.00 0.00 78.35 -6.44 78.29 -4.95 9.30 27.98 10.61 -3.11
1684258005488374 80.00 0.00 0.00 0.00 78.35 -6.44 78.30 -4.80 7.06 -8.39 10.31 -7.70
1684258005506968 80.00 0.00 0.00 0.00 77.33 -6.51 78.15 -5.26 -0.48 -7.96 8.21 -10.00
1684258005520639 80.00 0.00 0.00 0.00 77.26 -7.70 78.09 -6.46 11.10 33.30 7.94 -2.69
1684258005536383 80.00 0.00 0.00 0.00 77.33 -6.51 77.97 -6.32 3.65 76.14 6.78 14.98
