#Task Selector: 5
#PID Parameters: kp: 0.05, kd: 0.04, ki: 0.02
#n_pos: 8
#n_vel: 8
t x_ref y_ref vx_ref vy_ref x_raw y_raw x y vx_raw vy_raw vx vy
1684258353403344 0.00 0.00 0.00 0.00 -0.48 2.74 -0.06 0.34 0.00 0.00 0.00 0.00
1684258353403345 0.00 0.00 0.00 0.00 -0.48 2.74 -0.12 0.69 3.69 -20.88 0.46 -2.61
1684258353421016 0.00 0.00 0.00 0.00 -0.49 1.49 -0.18 0.87 3.43 -19.40 0.89 -5.03
1684258353435840 0.00 0.00 0.00 0.00 -0.49 1.49 -0.24 1.06 4.10 -12.54 1.40 -6.60
1684258353453338 0.00 0.00 0.00 0.00 0.76 1.49 -0.15 1.24 3.47 -10.63 1.84 -7.93
1684258353469340 0.00 0.00 0.00 0.00 0.76 1.49 -0.05 1.43 -5.95 -11.63 1.09 -9.39
1684258353484023 0.00 0.00 0.00 0.00 0.76 1.49 0.04 1.62 -6.49 -12.68 0.28 -10.97
1684258353500333 0.00 0.00 0.00 0.00 0.76 1.49 0.14 1.80 -5.84 -11.41 -0.45 -12.40
1684258353516554 0.00 0.00 0.00 0.00 2.01 1.49 0.45 1.65 -5.87 -11.48 -1.18 -13.83
1684258353533396 0.00 0.00 0.00 0.00 3.26 0.24 0.92 1.33 -18.51 9.29 -3.96 -10.06
1684258353548931 0.00 0.00 0.00 0.00 2.01 1.49 1.23 1.33 -30.10 20.17 -8.15 -5.11
1684258353565000 0.00 0.00 0.00 0.00 3.26 0.24 1.70 1.18 -19.41 -0.02 -11.09 -3.55
1684258353581789 0.00 0.00 0.00 0.00 2.01 0.23 1.85 1.02 -27.87 9.32 -15.01 -1.05
1684258353598126 0.00 0.00 0.00 0.00 4.50 1.49 2.32 1.02 -9.54 9.60 -15.45 1.60
1684258353614110 0.00 0.00 0.00 0.00 5.75 -1.02 2.95 0.71 -29.27 -0.01 -18.30 3.18
1684258353630352 0.00 0.00 0.00 0.00 4.50 0.24 3.41 0.55 -38.42 19.32 -22.37 7.02
1684258353646539 0.00 0.00 0.00 0.00 7.00 -1.02 4.04 0.23 -28.90 9.68 -25.25 9.67
1684258353663557 0.00 0.00 0.00 0.00 7.00 -1.02 4.51 0.08 -36.67 18.45 -27.52 10.81
1684258353678975 0.00 0.00 0.00 0.00 7.00 -2.28 5.13 -0.39 -30.36 10.20 -27.56 9.57
1684258353696333 0.00 0.00 0.00 0.00 9.50 -1.03 5.91 -0.55 -35.96 27.15 -29.62 12.96
1684258353711432 0.00 0.00 0.00 0.00 9.50 -1.03 6.85 -0.71 -51.69 10.44 -32.60 13.10
1684258353728282 0.00 0.00 0.00 0.00 10.75 -2.29 7.63 -1.18 -55.57 9.35 -38.36 13.07
1684258353744019 0.00 0.00 0.00 0.00 13.25 -2.29 8.56 -1.34 -49.63 30.00 -40.90 16.83
1684258353760898 0.00 0.00 0.00 0.00 13.26 -3.55 9.66 -1.81 -55.55 9.42 -43.04 15.59
1684258353776429 0.00 0.00 0.00 0.00 13.26 -3.55 10.44 -2.13 -70.45 30.48 -48.23 18.19
1684258353792705 0.00 0.00 0.00 0.00 15.76 -3.56 11.54 -2.45 -48.04 19.43 -49.66 18.31
1684258353809297 0.00 0.00 0.00 0.00 15.76 -3.56 12.63 -2.61 -66.00 19.12 -54.11 19.42
1684258353826860 0.00 0.00 0.00 0.00 17.02 -4.83 13.57 -3.08 -62.34 9.11 -57.41 17.17
1684258353841957 0.00 0.00 0.00 0.00 18.28 -4.83 14.67 -3.56 -62.27 31.47 -58.73 19.80
1684258353858817 0.00 0.00 0.00 0.00 20.79 -4.84 15.92 -3.88 -65.06 28.22 -59.92 22.16
1684258353876182 0.00 0.00 0.00 0.00 22.05 -6.11 17.02 -4.35 -72.23 18.40 -62.74 20.71
1684258353892006 0.00 0.00 0.00 0.00 22.05 -6.11 18.12 -4.67 -69.48 30.16 -64.49 23.30
1684258353906977 0.00 0.00 0.00 0.00 22.04 -4.85 19.22 -4.84 -73.41 21.36 -64.86 22.16
1684258353923355 0.00 0.00 0.00 0.00 25.83 -6.13 20.48 -5.16 -67.06 9.90 -67.23 20.97
1684258353939486 0.00 0.00 0.00 0.00 23.31 -7.38 21.42 -5.64 -77.98 19.91 -68.73 21.07
1684258353956334 0.00 0.00 0.00 0.00 23.31 -6.12 22.21 -5.80 -56.03 28.33 -67.94 23.47
1684258353971882 0.00 0.00 0.00 0.00 23.31 -6.12 22.84 -5.96 -50.54 10.38 -66.47 20.83
1684258353990111 0.00 0.00 0.00 0.00 23.31 -6.12 23.15 -6.12 -34.51 8.82 -62.65 18.41
1684258354003272 0.00 0.00 0.00 0.00 24.57 -7.39 23.47 -6.28 -23.94 12.10 -56.62 17.62
1684258354020027 0.00 0.00 0.00 0.00 24.57 -6.12 23.78 -6.28 -18.82 9.51 -50.29 15.04
1684258354035597 0.00 0.00 0.00 0.00 23.31 -7.38 23.94 -6.59 -20.20 0.10 -43.63 12.38
1684258354051916 0.00 0.00 0.00 0.00 25.83 -6.13 23.94 -6.59 -9.73 19.38 -36.47 13.57
1684258354070455 0.00 0.00 0.00 0.00 27.09 -7.40 24.41 -6.60 0.00 0.00 -26.72 11.08
1684258354084317 0.00 0.00 0.00 0.00 24.57 -7.39 24.57 -6.75 -34.07 0.17 -23.98 7.56
1684258354103053 0.00 0.00 0.00 0.00 25.83 -6.13 24.88 -6.76 -8.44 8.47 -18.71 7.32
1684258354117105 0.00 0.00 0.00 0.00 25.83 -7.39 25.20 -6.92 -22.40 0.12 -17.20 6.23
1684258354133234 0.00 0.00 0.00 0.00 25.83 -6.13 25.36 -6.76 -19.56 9.88 -16.65 5.95
1684258354149778 0.00 0.00 0.00 0.00 25.83 -6.13 25.51 -6.76 -9.46 -9.49 -15.48 3.58
1684258354165986 0.00 0.00 0.00 0.00 25.83 -6.13 25.83 -6.60 -9.71 0.05 -14.17 3.57
1684258354182408 0.00 0.00 0.00 0.00 24.57 -7.39 25.67 -6.76 -19.12 -9.51 -15.34 -0.04
1684258354198764 0.00 0.00 0.00 0.00 24.57 -7.39 25.36 -6.76 9.57 9.60 -14.15 1.16
1684258354215054 0.00 0.00 0.00 0.00 24.57 -7.39 25.36 -6.76 19.33 -0.10 -7.47 1.13
1684258354230749 0.00 0.00 0.00 0.00 25.83 -6.13 25.36 -6.76 -0.00 0.00 -6.42 0.07
1684258354247557 0.00 0.00 0.00 0.00 23.31 -7.38 25.04 -6.76 0.00 -0.00 -3.62 0.05
1684258354263881 0.00 0.00 0.00 0.00 23.31 -7.38 24.73 -6.91 19.28 -0.10 1.24 -1.19
1684258354280813 0.00 0.00 0.00 0.00 23.31 -7.38 24.41 -7.07 18.54 9.22 4.74 1.15
1684258354296056 0.00 0.00 0.00 0.00 23.31 -7.38 24.10 -7.23 20.59 10.25 8.52 2.42
1684258354312337 0.00 0.00 0.00 0.00 23.31 -7.38 23.94 -7.22 19.28 9.59 13.32 4.81
1684258354330478 0.00 0.00 0.00 0.00 23.31 -7.38 23.79 -7.22 8.67 -0.04 13.21 3.60
1684258354345443 0.00 0.00 0.00 0.00 23.31 -6.12 23.63 -7.07 10.51 -0.05 12.11 3.61
1684258354360808 0.00 0.00 0.00 0.00 23.31 -7.38 23.31 -7.22 10.29 -10.32 13.40 2.32
1684258354377272 0.00 0.00 0.00 0.00 23.31 -7.38 23.31 -7.22 19.07 9.49 15.78 3.50
1684258354393553 0.00 0.00 0.00 0.00 23.31 -7.38 23.31 -7.22 0.00 0.00 13.37 3.52
1684258354412504 0.00 0.00 0.00 0.00 24.57 -7.39 23.47 -7.22 0.00 0.00 11.05 2.36
1684258354426295 0.00 0.00 0.00 0.00 24.57 -7.39 23.63 -7.22 -11.41 0.06 7.05 1.09
1684258354442063 0.00 0.00 0.00 0.00 23.31 -7.38 23.63 -7.22 -9.98 0.05 3.39 -0.10
1684258354459817 0.00 0.00 0.00 0.00 23.32 -8.64 23.63 -7.38 0.00 0.00 2.31 -0.10
1684258354474750 0.00 0.00 0.00 0.00 23.32 -8.64 23.63 -7.70 -0.05 10.57 0.99 1.23
1684258354491635 0.00 0.00 0.00 0.00 23.32 -8.64 23.63 -7.85 -0.09 18.70 -0.31 4.86
1684258354507293 0.00 0.00 0.00 0.00 23.31 -7.38 23.63 -7.85 -0.05 10.08 -2.70 4.93
1684258354525178 0.00 0.00 0.00 0.00 23.31 -7.38 23.63 -7.85 0.00 0.00 -2.70 4.93
1684258354542683 0.00 0.00 0.00 0.00 23.31 -6.12 23.47 -7.70 0.00 0.00 -2.70 4.93
1684258354557412 0.00 0.00 0.00 0.00 23.31 -7.38 23.32 -7.70 10.73 -10.77 0.07 3.58
1684258354572667 0.00 0.00 0.00 0.00 24.57 -7.39 23.47 -7.70 10.31 -0.05 2.61 3.57
1684258354590168 0.00 0.00 0.00 0.00 23.31 -7.38 23.47 -7.54 -8.99 0.05 1.48 3.57
1684258354607625 0.00 0.00 0.00 0.00 23.31 -7.38 23.47 -7.38 0.04 -9.04 1.49 1.12
1684258354621265 0.00 0.00 0.00 0.00 23.31 -7.38 23.47 -7.22 0.06 -11.57 1.51 -2.66
1684258354636888 0.00 0.00 0.00 0.00 23.31 -6.12 23.47 -7.06 0.05 -10.11 1.53 -5.19
1684258354654162 0.00 0.00 0.00 0.00 24.57 -7.39 23.63 -7.07 0.05 -9.14 1.53 -6.33
1684258354670163 0.00 0.00 0.00 0.00 23.31 -7.38 23.63 -7.22 -9.83 0.05 0.30 -6.32
1684258354688414 0.00 0.00 0.00 0.00 23.31 -7.38 23.63 -7.22 -0.04 8.65 -1.04 -3.90
1684258354702511 0.00 0.00 0.00 0.00 23.31 -7.38 23.47 -7.22 0.00 0.00 -2.33 -3.89
1684258354720379 0.00 0.00 0.00 0.00 23.31 -7.38 23.47 -7.22 8.81 -0.04 -0.11 -3.90
1684258354736008 0.00 0.00 0.00 0.00 23.31 -7.38 23.47 -7.22 0.00 -0.00 -0.11 -2.77
1684258354750850 0.00 0.00 0.00 0.00 23.31 -7.38 23.47 -7.22 0.00 0.00 -0.12 -1.32
1684258354767240 0.00 0.00 0.00 0.00 23.31 -7.38 23.47 -7.38 0.00 -0.00 -0.13 -0.06
1684258354783618 0.00 0.00 0.00 0.00 25.83 -7.39 23.63 -7.38 -0.05 9.63 -0.14 2.29
1684258354800766 0.00 0.00 0.00 0.00 23.31 -7.38 23.63 -7.38 -9.18 0.05 -0.06 2.29
1684258354817368 0.00 0.00 0.00 0.00 23.31 -7.38 23.63 -7.38 0.00 0.00 -0.05 1.20
1684258354833644 0.00 0.00 0.00 0.00 23.31 -7.38 23.63 -7.38 0.00 0.00 -0.05 1.20
1684258354852718 0.00 0.00 0.00 0.00 24.57 -7.39 23.79 -7.38 0.00 0.00 -1.15 1.21
1684258354865213 0.00 0.00 0.00 0.00 24.57 -7.39 23.94 -7.38 -12.59 0.06 -2.73 1.22
1684258354881243 0.00 0.00 0.00 0.00 23.31 -6.12 23.94 -7.22 -9.81 0.05 -3.95 1.22
1684258354897584 0.00 0.00 0.00 0.00 23.31 -7.38 23.94 -7.22 0.05 -9.66 -3.95 0.02
1684258354913833 0.00 0.00 0.00 0.00 23.31 -7.38 23.63 -7.22 0.00 0.00 -3.94 -1.19
1684258354930180 0.00 0.00 0.00 0.00 24.57 -6.12 23.78 -7.07 19.25 -0.10 -0.39 -1.21
1684258354946625 0.00 0.00 0.00 0.00 23.31 -6.12 23.78 -6.91 -9.52 -9.55 -1.58 -2.40
1684258354967285 0.00 0.00 0.00 0.00 23.27 1.44 23.78 -5.81 0.04 -7.64 -1.57 -3.35
1684258354979536 0.00 0.00 0.00 0.00 23.31 -7.38 23.62 -5.81 0.45 -89.98 -1.52 -14.60
1684258354996053 0.00 0.00 0.00 0.00 24.57 -6.12 23.62 -5.65 9.53 -0.05 1.25 -14.62
1684258355010429 0.00 0.00 0.00 0.00 23.31 -6.12 23.62 -5.65 0.06 -10.98 2.48 -15.99
1684258355029468 0.00 0.00 0.00 0.00 23.31 -6.12 23.62 -5.49 -0.00 0.00 2.48 -14.79
1684258355043087 0.00 0.00 0.00 0.00 23.31 -7.38 23.62 -5.49 0.06 -11.59 2.48 -16.23
1684258355058972 0.00 0.00 0.00 0.00 24.57 -7.39 23.62 -5.65 -0.00 -0.00 0.08 -16.22
1684258355075124 0.00 0.00 0.00 0.00 23.31 -7.38 23.62 -5.81 -0.05 9.77 1.26 -13.81
1684258355091457 0.00 0.00 0.00 0.00 23.31 -7.38 23.63 -6.91 -0.05 9.66 1.25 -11.65
1684258355108402 0.00 0.00 0.00 0.00 23.32 -8.64 23.63 -7.07 -0.33 65.06 1.15 7.73
1684258355126224 0.00 0.00 0.00 0.00 23.32 -8.64 23.47 -7.38 -0.04 8.86 -0.04 8.85
1684258355140061 0.00 0.00 0.00 0.00 23.31 -7.38 23.47 -7.54 11.25 22.76 1.36 13.06
1684258355156105 0.00 0.00 0.00 0.00 25.84 -8.65 23.79 -7.86 -0.05 9.84 1.35 14.29
1684258355173456 0.00 0.00 0.00 0.00 23.32 -8.64 23.79 -8.01 -18.23 18.28 -0.94 18.03
1684258355189130 0.00 0.00 0.00 0.00 24.58 -8.65 23.79 -8.17 -0.05 10.07 -0.94 19.29
1684258355205088 0.00 0.00 0.00 0.00 22.06 -8.64 23.63 -8.33 -0.05 9.89 -0.94 19.30
1684258355222664 0.00 0.00 0.00 0.00 20.81 -9.89 23.32 -8.64 8.90 8.94 0.18 19.21
1684258355238316 0.00 0.00 0.00 0.00 23.32 -8.64 23.32 -8.64 19.99 20.08 2.72 13.59
1684258355254703 0.00 0.00 0.00 0.00 22.06 -8.64 23.16 -8.64 0.00 0.00 2.72 12.48
1684258355270230 0.00 0.00 0.00 0.00 20.81 -9.89 22.85 -8.96 10.13 -0.05 2.58 9.63
1684258355287562 0.00 0.00 0.00 0.00 23.32 -8.64 22.54 -8.95 18.05 18.14 4.84 10.67
1684258355302892 0.00 0.00 0.00 0.00 22.07 -9.90 22.38 -9.11 20.53 -0.10 9.69 8.37
1684258355319096 0.00 0.00 0.00 0.00 22.07 -9.90 22.07 -9.27 9.66 9.70 10.90 8.33
1684258355336112 0.00 0.00 0.00 0.00 20.81 -9.89 21.91 -9.43 18.44 9.19 13.21 8.24
1684258355352336 0.00 0.00 0.00 0.00 22.06 -8.64 22.07 -9.27 9.64 9.69 13.31 8.33
1684258355367825 0.00 0.00 0.00 0.00 22.06 -8.64 21.91 -9.27 -10.10 -10.15 9.54 4.55
1684258355385444 0.00 0.00 0.00 0.00 20.80 -8.63 21.75 -9.27 8.93 -0.04 10.66 4.55
1684258355400455 0.00 0.00 0.00 0.00 23.31 -7.38 22.06 -8.95 10.47 -0.05 10.70 4.55
1684258355417893 0.00 0.00 0.00 0.00 20.80 -7.37 21.75 -8.79 -17.95 -18.03 6.20 0.03
1684258355432647 0.00 0.00 0.00 0.00 20.80 -7.37 21.59 -8.48 21.36 -10.81 6.31 -1.31
1684258355449540 0.00 0.00 0.00 0.00 22.06 -7.37 21.59 -8.16 9.39 -18.74 6.27 -4.87
1684258355465819 0.00 0.00 0.00 0.00 23.31 -6.12 21.90 -7.69 0.09 -19.40 3.98 -8.44
1684258355484968 0.00 0.00 0.00 0.00 23.31 -6.12 22.06 -7.37 -16.30 -24.66 0.74 -12.74
1684258355498455 0.00 0.00 0.00 0.00 23.31 -6.12 22.21 -7.06 -11.54 -23.35 0.56 -14.39
1684258355514333 0.00 0.00 0.00 0.00 23.30 -4.86 22.52 -6.59 -9.80 -19.83 -1.78 -16.86
1684258355531265 0.00 0.00 0.00 0.00 23.30 -4.86 22.52 -6.27 -18.43 -27.87 -5.40 -20.34
1684258355547712 0.00 0.00 0.00 0.00 23.30 -4.86 22.84 -5.96 0.10 -19.18 -3.14 -20.48
1684258355565867 0.00 0.00 0.00 0.00 23.30 -4.86 23.15 -5.64 -17.23 -17.29 -7.97 -21.29
1684258355580507 0.00 0.00 0.00 0.00 24.56 -4.86 23.46 -5.33 -21.37 -21.45 -11.81 -21.63
1684258355595901 0.00 0.00 0.00 0.00 22.04 -3.59 23.30 -5.01 -20.33 -20.39 -14.36 -21.75
1684258355611815 0.00 0.00 0.00 0.00 23.30 -4.86 23.30 -4.86 9.98 -19.86 -11.08 -21.15
1684258355629911 0.00 0.00 0.00 0.00 24.55 -3.60 23.46 -4.54 0.04 -8.71 -9.63 -19.32
1684258355644775 0.00 0.00 0.00 0.00 24.55 -3.60 23.61 -4.38 -10.47 -21.16 -9.71 -19.49
1684258355660571 0.00 0.00 0.00 0.00 24.55 -3.60 23.77 -4.23 -9.91 -9.93 -8.65 -17.25
1684258355677397 0.00 0.00 0.00 0.00 24.55 -3.60 23.93 -4.07 -9.30 -9.32 -9.82 -16.01
1684258355694260 0.00 0.00 0.00 0.00 25.81 -3.61 24.24 -3.91 -9.28 -9.30 -8.83 -15.02
1684258355709594 0.00 0.00 0.00 0.00 23.30 -4.86 24.08 -3.91 -20.47 -10.17 -8.72 -13.61
1684258355725017 0.00 0.00 0.00 0.00 23.29 -3.59 24.24 -3.91 10.20 -0.05 -4.90 -11.06
1684258355742071 0.00 0.00 0.00 0.00 24.55 -3.60 24.40 -3.76 -9.22 0.05 -7.30 -8.57
1684258355758867 0.00 0.00 0.00 0.00 23.29 -3.59 24.24 -3.76 -9.32 -9.33 -8.47 -8.65
1684258355774010 0.00 0.00 0.00 0.00 23.30 -4.86 24.08 -3.91 10.39 -0.05 -5.86 -6.01
1684258355792877 0.00 0.00 0.00 0.00 23.30 -4.86 23.93 -4.07 8.29 8.31 -3.59 -3.73
1684258355807074 0.00 0.00 0.00 0.00 23.30 -4.86 23.77 -4.23 11.02 11.04 -1.05 -1.19
1684258355824671 0.00 0.00 0.00 0.00 23.29 -3.59 23.46 -4.23 8.89 8.91 1.22 1.09
1684258355839612 0.00 0.00 0.00 0.00 24.57 -6.12 23.61 -4.38 21.06 -0.11 6.41 2.34
1684258355855711 0.00 0.00 0.00 0.00 24.57 -6.12 23.77 -4.70 -9.82 9.85 3.91 3.58
1684258355871600 0.00 0.00 0.00 0.00 24.57 -6.12 23.77 -5.02 -10.00 19.90 3.81 6.06
1684258355888669 0.00 0.00 0.00 0.00 24.57 -7.39 23.93 -5.49 -0.10 18.47 4.97 9.54
1684258355905789 0.00 0.00 0.00 0.00 23.31 -6.12 23.93 -5.65 -9.33 27.68 2.50 13.01
1684258355922880 0.00 0.00 0.00 0.00 22.06 -7.37 23.78 -5.96 -0.05 9.23 1.46 13.12
1684258355937842 0.00 0.00 0.00 0.00 23.31 -7.38 23.78 -6.28 10.40 21.04 1.38 14.37
1684258355953023 0.00 0.00 0.00 0.00 22.06 -8.64 23.63 -6.91 -0.11 20.78 0.26 15.85
1684258355969313 0.00 0.00 0.00 0.00 20.80 -7.37 23.16 -7.06 9.46 38.69 -1.19 20.70
1684258355986005 0.00 0.00 0.00 0.00 20.80 -8.63 22.69 -7.38 28.21 9.31 3.56 20.64
1684258356001652 0.00 0.00 0.00 0.00 20.80 -8.63 22.21 -7.69 30.05 20.03 8.57 20.65
1684258356017432 0.00 0.00 0.00 0.00 20.80 -8.63 21.74 -7.85 29.79 19.86 12.30 20.83
1684258356033267 0.00 0.00 0.00 0.00 22.04 -3.59 21.59 -7.53 29.74 9.83 17.19 18.59
1684258356052497 0.00 0.00 0.00 0.00 20.80 -8.63 21.43 -7.69 8.26 -16.44 18.23 15.39
1684258356065690 0.00 0.00 0.00 0.00 19.55 -8.62 20.96 -7.84 11.86 11.91 18.41 14.25
1684258356082025 0.00 0.00 0.00 0.00 19.55 -8.62 20.64 -7.84 28.82 9.53 22.02 12.84
1684258356098442 0.00 0.00 0.00 0.00 19.55 -8.62 20.49 -8.00 19.14 -0.09 23.23 7.99
1684258356115939 0.00 0.00 0.00 0.00 20.80 -7.37 20.49 -7.84 8.94 8.98 20.82 7.95
1684258356131009 0.00 0.00 0.00 0.00 18.30 -9.88 20.17 -8.00 0.05 -10.48 17.07 4.14
1684258356147514 0.00 0.00 0.00 0.00 18.29 -8.62 19.86 -8.00 18.99 9.49 15.72 2.84
1684258356163192 0.00 0.00 0.00 0.00 19.55 -8.62 19.55 -8.62 20.04 -0.09 14.51 1.60
1684258356179750 0.00 0.00 0.00 0.00 18.29 -8.62 19.23 -8.62 18.79 38.02 15.83 8.41
1684258356196049 0.00 0.00 0.00 0.00 19.55 -8.62 19.23 -8.62 19.27 -0.09 16.75 6.91
1684258356212748 0.00 0.00 0.00 0.00 18.29 -8.62 19.08 -8.62 0.00 0.00 13.15 5.72
1684258356229282 0.00 0.00 0.00 0.00 19.54 -7.36 19.08 -8.46 9.50 -0.04 11.95 5.72
1684258356244667 0.00 0.00 0.00 0.00 18.29 -7.36 18.76 -8.46 0.05 -10.26 10.84 3.32
1684258356261358 0.00 0.00 0.00 0.00 19.54 -7.36 18.92 -8.15 18.82 -0.09 13.18 4.62
1684258356277548 0.00 0.00 0.00 0.00 18.29 -8.62 18.92 -8.15 -9.61 -19.47 9.61 1.00
1684258356293907 0.00 0.00 0.00 0.00 18.29 -7.36 18.76 -7.99 0.00 0.00 7.10 1.01
1684258356310248 0.00 0.00 0.00 0.00 18.29 -7.36 18.76 -7.83 9.65 -9.71 5.96 -4.96
1684258356326682 0.00 0.00 0.00 0.00 18.29 -7.36 18.60 -7.67 0.04 -9.61 3.55 -6.15
1684258356342752 0.00 0.00 0.00 0.00 18.29 -7.36 18.60 -7.52 9.81 -9.87 4.78 -7.38
1684258356361834 0.00 0.00 0.00 0.00 18.29 -7.36 18.44 -7.51 0.04 -8.28 3.60 -8.41
1684258356382795 0.00 0.00 0.00 0.00 18.29 -7.36 18.44 -7.51 7.49 -0.03 4.53 -7.13
1684258356395028 0.00 0.00 0.00 0.00 17.03 -7.35 18.13 -7.51 0.00 0.00 2.18 -7.12
1684258356407721 0.00 0.00 0.00 0.00 20.80 -7.37 18.44 -7.36 24.73 -0.11 6.47 -4.70
1684258356423184 0.00 0.00 0.00 0.00 17.03 -7.35 18.29 -7.36 -20.27 -10.12 3.94 -5.97
1684258356440400 0.00 0.00 0.00 0.00 18.28 -6.09 18.29 -7.20 9.11 -0.04 3.87 -4.76
1684258356456205 0.00 0.00 0.00 0.00 18.28 -4.83 18.28 -6.88 0.04 -9.99 3.87 -4.80
1684258356472546 0.00 0.00 0.00 0.00 19.53 -4.84 18.44 -6.57 0.08 -19.31 2.65 -5.98
1684258356489333 0.00 0.00 0.00 0.00 17.02 -4.83 18.28 -6.25 -9.27 -18.76 1.49 -7.29
1684258356505166 0.00 0.00 0.00 0.00 18.28 -4.83 18.28 -5.94 9.99 -19.97 1.80 -9.79
1684258356521031 0.00 0.00 0.00 0.00 17.03 -6.09 18.28 -5.78 0.09 -19.89 1.81 -12.27
1684258356537604 0.00 0.00 0.00 0.00 19.53 -4.84 18.12 -5.46 0.04 -9.52 -1.27 -13.45
1684258356556828 0.00 0.00 0.00 0.00 17.03 -6.09 18.12 -5.30 8.25 -16.45 2.29 -14.24
1684258356569978 0.00 0.00 0.00 0.00 20.79 -4.84 18.43 -5.15 0.05 -12.00 1.16 -15.74
1684258356591055 0.00 0.00 0.00 0.00 18.28 -4.83 18.43 -5.15 -14.86 -7.41 -0.70 -15.42
1684258356603257 0.00 0.00 0.00 0.00 19.53 -4.84 18.43 -5.15 -0.00 0.00 -0.71 -13.00
1684258356619140 0.00 0.00 0.00 0.00 18.28 -4.83 18.59 -5.15 0.00 -0.00 0.44 -10.66
1684258356635608 0.00 0.00 0.00 0.00 18.28 -4.83 18.59 -5.15 -9.52 0.04 -2.00 -8.16
1684258356652014 0.00 0.00 0.00 0.00 18.27 -3.57 18.75 -4.83 0.00 0.00 -2.01 -5.67
1684258356667770 0.00 0.00 0.00 0.00 18.27 -3.57 18.59 -4.68 -9.87 -19.97 -3.24 -6.97
1684258356683964 0.00 0.00 0.00 0.00 19.53 -4.84 18.90 -4.52 9.73 -9.78 -3.06 -6.14
1684258356700380 0.00 0.00 0.00 0.00 19.52 -3.58 18.74 -4.36 -19.07 -9.52 -5.45 -5.83
1684258356716989 0.00 0.00 0.00 0.00 19.52 -3.58 18.90 -4.20 9.50 -9.53 -2.40 -6.10
1684258356733445 0.00 0.00 0.00 0.00 19.52 -3.58 18.90 -4.05 -9.49 -9.53 -3.59 -7.29
1684258356750278 0.00 0.00 0.00 0.00 20.78 -3.58 19.21 -3.89 0.04 -9.36 -3.59 -8.46
1684258356764691 0.00 0.00 0.00 0.00 18.27 -3.57 19.21 -3.73 -21.73 -10.83 -5.11 -9.82
1684258356780980 0.00 0.00 0.00 0.00 19.52 -3.58 19.37 -3.73 0.04 -9.67 -5.11 -11.03
1684258356797545 0.00 0.00 0.00 0.00 18.27 -3.57 19.37 -3.73 -9.47 0.04 -5.06 -8.52
1684258356813987 0.00 0.00 0.00 0.00 19.52 -3.58 19.37 -3.58 0.00 0.00 -6.27 -7.30
1684258356831262 0.00 0.00 0.00 0.00 19.52 -2.32 19.37 -3.42 0.04 -9.12 -3.88 -7.25
1684258356846919 0.00 0.00 0.00 0.00 19.52 -2.32 19.37 -3.26 0.05 -10.06 -5.06 -7.32
1684258356862388 0.00 0.00 0.00 0.00 20.77 -2.32 19.52 -3.10 0.05 -10.18 -3.87 -7.40
1684258356878993 0.00 0.00 0.00 0.00 20.78 -3.58 19.52 -3.10 -9.41 -9.44 -5.05 -7.41
1684258356895124 0.00 0.00 0.00 0.00 19.51 -1.06 19.68 -2.79 0.00 0.00 -2.34 -6.05
1684258356911514 0.00 0.00 0.00 0.00 18.27 -3.57 19.52 -2.79 -9.48 -19.16 -3.53 -7.24
1684258356930466 0.00 0.00 0.00 0.00 19.52 -3.58 19.68 -2.79 8.28 -0.04 -1.31 -7.25
1684258356943425 0.00 0.00 0.00 0.00 18.27 -3.57 19.52 -2.79 -12.10 0.05 -2.82 -7.24
1684258356963390 0.00 0.00 0.00 0.00 19.52 -3.58 19.52 -2.95 7.86 -0.03 -1.85 -6.11
1684258356976786 0.00 0.00 0.00 0.00 17.02 -3.57 19.21 -3.10 -0.05 11.75 -1.86 -3.38
1684258356994552 0.00 0.00 0.00 0.00 15.76 -3.56 18.58 -3.26 17.61 8.79 0.34 -1.01
1684258357008722 0.00 0.00 0.00 0.00 17.01 -2.31 18.11 -3.10 44.22 10.92 7.04 1.54
1684258357024110 0.00 0.00 0.00 0.00 19.52 -3.58 18.11 -3.41 30.62 -10.37 10.87 0.24
1684258357040211 0.00 0.00 0.00 0.00 15.76 -3.56 17.80 -3.41 -0.09 19.55 12.04 5.08
1684258357057546 0.00 0.00 0.00 0.00 17.02 -3.57 17.49 -3.41 18.08 -0.07 13.27 5.07
1684258357073323 0.00 0.00 0.00 0.00 15.76 -2.30 17.17 -3.25 19.88 -0.09 17.27 5.06
1684258357089460 0.00 0.00 0.00 0.00 15.76 -3.56 16.70 -3.25 19.46 -9.83 18.72 3.83
1684258357105739 0.00 0.00 0.00 0.00 15.76 -3.56 16.54 -3.25 28.89 -0.12 22.33 2.35
1684258357121860 0.00 0.00 0.00 0.00 14.51 -3.56 16.39 -3.25 9.72 -0.04 21.35 1.24
1684258357137996 0.00 0.00 0.00 0.00 15.76 -2.30 16.23 -3.25 9.70 -0.03 17.03 -0.13
1684258357154804 0.00 0.00 0.00 0.00 15.78 -8.61 15.76 -3.88 9.32 -0.04 14.37 1.17
1684258357170780 0.00 0.00 0.00 0.00 15.76 -2.30 15.76 -3.72 29.29 39.38 18.04 3.64
1684258357187431 0.00 0.00 0.00 0.00 15.76 -2.30 15.61 -3.56 0.03 -9.45 15.79 2.47
1684258357203165 0.00 0.00 0.00 0.00 15.75 0.21 15.60 -3.25 10.00 -10.05 14.55 1.23
1684258357219410 0.00 0.00 0.00 0.00 15.75 -1.04 15.60 -2.93 0.07 -19.36 12.13 0.04
1684258357236327 0.00 0.00 0.00 0.00 15.75 -1.04 15.60 -2.62 0.07 -18.60 8.52 -2.27
1684258357251745 0.00 0.00 0.00 0.00 15.75 -1.04 15.76 -2.30 0.07 -20.41 7.32 -4.82
1684258357267857 0.00 0.00 0.00 0.00 15.75 -1.04 15.76 -2.15 -9.65 -19.50 4.90 -7.25
1684258357284718 0.00 0.00 0.00 0.00 15.75 -1.04 15.75 -1.20 0.03 -9.33 3.74 -8.42
1684258357301187 0.00 0.00 0.00 0.00 15.75 0.21 15.75 -0.89 0.21 -57.43 0.10 -20.52
1684258357316851 0.00 0.00 0.00 0.00 15.75 0.21 15.75 -0.57 0.07 -20.07 0.11 -21.84
1684258357333368 0.00 0.00 0.00 0.00 15.74 1.47 15.75 -0.41 0.07 -19.04 -1.13 -22.97
1684258357349127 0.00 0.00 0.00 0.00 17.00 1.47 15.91 -0.10 0.03 -9.96 -1.14 -21.79
1684258357365339 0.00 0.00 0.00 0.00 15.74 2.73 15.90 0.37 -9.59 -19.34 -2.34 -21.89
1684258357382237 0.00 0.00 0.00 0.00 17.00 1.47 16.06 0.68 0.09 -27.87 -2.34 -22.82
1684258357398644 0.00 0.00 0.00 0.00 15.74 1.47 16.06 1.00 -9.47 -19.11 -2.32 -22.77
1684258357422838 0.00 0.00 0.00 0.00 14.49 1.47 15.90 1.31 0.04 -12.98 -2.32 -23.23
1684258357435796 0.00 0.00 0.00 0.00 16.99 2.72 16.06 1.63 12.15 -24.28 -0.82 -19.08
1684258357447573 0.00 0.00 0.00 0.00 15.74 1.47 16.06 1.78 -13.20 -26.61 -2.48 -19.90
1684258357463773 0.00 0.00 0.00 0.00 15.74 2.73 16.06 1.94 0.03 -9.69 -2.49 -18.73
1684258357479179 0.00 0.00 0.00 0.00 18.28 -6.09 16.22 0.99 0.03 -10.18 -2.49 -18.76
1684258357496208 0.00 0.00 0.00 0.00 15.74 1.47 16.22 0.84 -9.43 55.49 -2.47 -9.41
1684258357511867 0.00 0.00 0.00 0.00 15.74 1.47 16.06 0.84 -0.03 10.02 -2.48 -4.67
1684258357528692 0.00 0.00 0.00 0.00 15.74 1.47 16.06 0.84 9.30 -0.03 -0.14 -2.28
1684258357544055 0.00 0.00 0.00 0.00 17.00 1.47 16.37 0.84 0.00 0.00 -0.14 -0.66
1684258357561664 0.00 0.00 0.00 0.00 17.00 0.21 16.37 0.52 -17.77 0.06 -3.88 2.38
1684258357577709 0.00 0.00 0.00 0.00 17.00 0.21 16.53 0.37 -0.07 19.56 -2.24 8.15
1684258357593835 0.00 0.00 0.00 0.00 15.75 0.21 16.53 0.05 -9.74 9.77 -3.46 10.59
1684258357616005 0.00 0.00 0.00 0.00 15.75 0.21 16.22 0.84 -0.05 14.16 -3.47 13.63
1684258357628071 0.00 0.00 0.00 0.00 14.50 -1.04 16.06 0.53 26.23 -65.35 0.98 -1.48
1684258357642415 0.00 0.00 0.00 0.00 14.50 0.22 15.91 0.37 10.83 21.86 2.34 0.00
1684258357658730 0.00 0.00 0.00 0.00 13.25 -1.03 15.59 0.06 9.56 9.59 2.37 1.21
1684258357674813 0.00 0.00 0.00 0.00 13.25 -1.03 15.12 -0.26 19.39 19.47 4.80 3.64
1684258357690478 0.00 0.00 0.00 0.00 14.50 0.22 14.81 -0.25 29.90 19.96 10.76 6.13
1684258357707174 0.00 0.00 0.00 0.00 13.25 -1.03 14.34 -0.41 18.74 -0.06 13.11 3.67
1684258357724431 0.00 0.00 0.00 0.00 14.50 -1.04 14.19 -0.57 27.17 9.01 17.72 3.58
1684258357739810 0.00 0.00 0.00 0.00 14.51 -2.30 14.03 -0.88 10.14 10.18 19.00 3.08
1684258357757079 0.00 0.00 0.00 0.00 13.26 -3.55 13.88 -1.19 9.00 18.18 16.84 13.52
1684258357772507 0.00 0.00 0.00 0.00 13.26 -3.55 13.72 -1.67 10.08 20.37 16.75 13.34
1684258357788220 0.00 0.00 0.00 0.00 12.01 -3.55 13.57 -1.98 9.86 30.00 16.79 15.89
1684258357804688 0.00 0.00 0.00 0.00 12.01 -3.55 13.41 -2.29 9.44 19.08 15.54 15.84
1684258357820369 0.00 0.00 0.00 0.00 10.76 -4.81 12.94 -2.92 9.92 20.04 13.04 15.85
1684258357837534 0.00 0.00 0.00 0.00 10.76 -3.55 12.63 -3.24 27.23 36.59 14.11 20.43
1684258357853462 0.00 0.00 0.00 0.00 12.01 -4.81 12.32 -3.71 19.58 19.70 13.16 21.77
1684258357869627 0.00 0.00 0.00 0.00 12.01 -4.81 12.01 -4.02 19.27 29.16 14.30 24.14
1684258357885888 0.00 0.00 0.00 0.00 12.01 -4.81 11.85 -4.18 19.19 19.31 15.57 24.28
1684258357902149 0.00 0.00 0.00 0.00 9.51 -4.80 11.38 -4.33 9.59 9.66 15.51 22.94
1684258357918643 0.00 0.00 0.00 0.00 9.51 -4.80 11.07 -4.49 28.42 9.48 17.83 20.38
1684258357943945 0.00 0.00 0.00 0.00 10.76 -4.81 10.91 -4.65 12.35 6.20 18.19 18.77
1684258357956422 0.00 0.00 0.00 0.00 12.01 -4.81 11.07 -4.65 12.51 12.60 18.52 17.84
1684258357968291 0.00 0.00 0.00 0.00 10.76 -6.07 11.07 -4.96 -13.18 0.03 13.47 13.27
1684258357983544 0.00 0.00 0.00 0.00 12.00 0.23 11.07 -4.34 -0.05 20.67 11.01 13.39
1684258357999861 0.00 0.00 0.00 0.00 9.51 -4.80 10.76 -4.33 0.10 -38.57 8.62 4.92
1684258358014495 0.00 0.00 0.00 0.00 10.76 -6.07 10.60 -4.49 21.38 -0.05 8.89 2.50
1684258358033714 0.00 0.00 0.00 0.00 10.76 -6.07 10.76 -4.65 8.12 8.19 8.71 2.32
1684258358046852 0.00 0.00 0.00 0.00 10.76 -6.07 10.91 -4.81 -11.93 12.03 3.66 2.64
1684258358063603 0.00 0.00 0.00 0.00 9.51 -4.80 10.76 -4.81 -9.36 9.43 0.95 3.04
1684258358081257 0.00 0.00 0.00 0.00 10.76 -6.07 10.60 -4.96 8.86 -0.02 0.49 1.46
1684258358095871 0.00 0.00 0.00 0.00 10.76 -6.07 10.60 -4.96 10.68 10.76 3.48 2.81
1684258358112435 0.00 0.00 0.00 0.00 9.51 -4.80 10.29 -5.59 0.00 -0.00 3.48 0.22
1684258358129429 0.00 0.00 0.00 0.00 10.76 -6.07 10.45 -5.75 18.31 36.99 5.76 9.67
1684258358145693 0.00 0.00 0.00 0.00 10.76 -6.07 10.45 -5.75 -9.64 9.72 1.88 10.89
1684258358161123 0.00 0.00 0.00 0.00 12.01 -6.07 10.60 -5.75 0.00 0.00 0.87 9.86
1684258358178017 0.00 0.00 0.00 0.00 10.76 -6.07 10.60 -5.75 -9.26 0.02 1.20 8.36
1684258358193506 0.00 0.00 0.00 0.00 10.76 -6.07 10.76 -5.91 0.00 -0.00 2.37 7.18
1684258358209817 0.00 0.00 0.00 0.00 9.51 -6.06 10.60 -5.91 -9.61 9.69 0.06 8.40
1684258358228051 0.00 0.00 0.00 0.00 10.76 -4.81 10.60 -5.75 8.58 -0.02 -0.20 7.05
1684258358242498 0.00 0.00 0.00 0.00 10.76 -6.07 10.76 -5.91 0.03 -10.92 -0.20 5.69
1684258358259047 0.00 0.00 0.00 0.00 12.01 -4.81 10.92 -5.75 -9.47 9.55 -3.67 2.26
1684258358275047 0.00 0.00 0.00 0.00 10.76 -4.81 10.92 -5.59 -9.76 -9.83 -3.69 -0.19
1684258358291485 0.00 0.00 0.00 0.00 10.76 -4.81 10.76 -5.44 0.02 -9.59 -3.68 -1.39
1684258358307118 0.00 0.00 0.00 0.00 10.76 -4.81 10.76 -5.28 10.03 -10.11 -1.27 -2.65
1684258358323220 0.00 0.00 0.00 0.00 9.51 -4.80 10.60 -5.12 0.02 -9.79 -1.27 -3.88
1684258358340182 0.00 0.00 0.00 0.00 8.26 -4.80 10.45 -4.96 9.24 -9.32 1.09 -6.25
1684258358356149 0.00 0.00 0.00 0.00 9.51 -4.80 10.29 -4.96 9.81 -9.89 1.24 -7.49
1684258358372043 80.00 0.00 0.00 0.00 8.25 -3.54 9.98 -4.65 9.84 -0.02 2.47 -6.13
1684258358389522 80.00 0.00 0.00 0.00 9.51 -4.80 9.66 -4.65 17.93 -18.07 5.89 -9.58
1684258358405115 80.00 0.00 0.00 0.00 8.26 -4.80 9.35 -4.65 20.06 -0.05 9.62 -8.36
1684258358422892 80.00 0.00 0.00 0.00 7.01 -4.80 8.88 -4.64 17.59 -0.03 11.82 -7.16
1684258358440567 80.00 0.00 0.00 0.00 7.01 -4.80 8.41 -4.64 26.54 -0.04 13.88 -5.90
1684258358456441 80.00 0.00 0.00 0.00 9.51 -4.80 8.41 -4.64 29.55 -0.05 17.57 -4.68
1684258358470790 80.00 0.00 0.00 0.00 9.50 -3.54 8.57 -4.49 0.00 0.00 16.41 -3.52
1684258358486858 80.00 0.00 0.00 0.00 9.50 -3.54 8.57 -4.33 -9.71 -9.79 13.97 -3.51
1684258358502639 80.00 0.00 0.00 0.00 10.76 -4.81 8.88 -4.49 0.02 -9.98 12.75 -4.75
1684258358519544 80.00 0.00 0.00 0.00 12.01 -3.55 9.19 -4.33 -18.51 9.35 8.19 -1.32
1684258358535435 80.00 0.00 0.00 0.00 13.26 -3.55 9.82 -4.17 -19.66 -9.87 3.23 -2.55
1684258358551758 80.00 0.00 0.00 0.00 13.26 -3.55 10.60 -4.02 -38.30 -9.56 -3.76 -3.74
1684258358567696 80.00 0.00 0.00 0.00 15.76 -3.56 11.69 -3.86 -49.03 -9.78 -13.21 -4.96
1684258358584585 80.00 0.00 0.00 0.00 15.76 -2.30 12.48 -3.55 -64.81 -9.17 -25.00 -6.10
1684258358601406 80.00 0.00 0.00 0.00 18.26 -2.31 13.57 -3.40 -46.45 -18.59 -30.81 -8.43
1684258358618476 80.00 0.00 0.00 0.00 18.27 -3.57 14.67 -3.40 -64.15 -9.02 -37.61 -8.33
1684258358633436 80.00 0.00 0.00 0.00 20.77 -2.32 15.92 -3.09 -73.24 0.23 -46.77 -7.05
1684258358649016 80.00 0.00 0.00 0.00 22.03 -2.33 17.17 -2.94 -80.36 -19.93 -54.50 -10.71
1684258358665423 80.00 0.00 0.00 0.00 23.29 -2.33 18.43 -2.79 -76.38 -9.30 -61.59 -10.64
1684258358681085 80.00 0.00 0.00 0.00 24.55 -2.34 19.84 -2.63 -80.05 -9.72 -66.81 -10.66
1684258358698101 80.00 0.00 0.00 0.00 27.06 -1.10 21.25 -2.33 -82.93 -8.90 -71.05 -10.55
1684258358714208 80.00 0.00 0.00 0.00 28.33 -2.36 22.82 -2.33 -87.67 -19.14 -73.90 -11.79
1684258358730280 80.00 0.00 0.00 0.00 32.10 0.14 24.55 -2.03 -97.75 0.47 -80.32 -9.41
1684258358746507 80.00 0.00 0.00 0.00 32.10 -1.12 26.28 -1.72 -106.56 -18.86 -85.62 -10.64
1684258358763020 80.00 0.00 0.00 0.00 37.15 1.37 28.32 -1.26 -104.73 -18.54 -89.55 -12.99
1684258358779358 80.00 0.00 0.00 0.00 35.89 -1.14 30.06 -1.11 -125.27 -28.27 -95.17 -14.03
1684258358794863 80.00 0.00 0.00 0.00 38.42 -1.15 31.95 -0.96 -111.77 -9.59 -99.59 -14.07
1684258358811664 80.00 0.00 0.00 0.00 39.67 2.62 33.84 -0.34 -112.60 -8.82 -103.66 -13.96
1684258358827543 80.00 0.00 0.00 0.00 43.47 -7.44 35.89 -1.14 -119.07 -39.07 -108.18 -17.73
1684258358843995 80.00 0.00 0.00 0.00 47.24 -1.16 38.26 -0.99 -124.69 48.25 -112.80 -9.31
1684258358861032 80.00 0.00 0.00 0.00 48.49 -2.41 40.30 -1.30 -138.77 -8.81 -117.93 -10.46
1684258358876527 80.00 0.00 0.00 0.00 48.49 0.10 42.35 -1.15 -132.22 20.58 -121.14 -5.53
1684258358893053 80.00 0.00 0.00 0.00 48.50 3.87 43.77 -0.84 -123.96 -9.21 -123.54 -4.37
1684258358908585 80.00 0.00 0.00 0.00 48.49 -1.16 45.35 -0.84 -91.33 -20.06 -119.30 -3.34
1684258358924941 80.00 0.00 0.00 0.00 52.22 -2.40 47.07 -1.00 -96.26 0.15 -117.36 -2.12
1684258358941947 80.00 0.00 0.00 0.00 50.98 -1.15 48.48 -1.47 -101.41 9.16 -115.96 0.12
1684258358957566 80.00 0.00 0.00 0.00 51.00 5.12 49.43 0.10 -90.54 30.19 -112.40 8.78
1684258358976230 80.00 0.00 0.00 0.00 55.82 -8.58 50.50 -0.83 -50.46 -84.18 -103.12 -7.77
1684258358990403 80.00 0.00 0.00 0.00 57.11 -3.59 51.58 -0.97 -75.71 65.47 -95.24 1.51
1684258359005664 80.00 0.00 0.00 0.00 58.21 -9.77 52.79 -2.21 -70.66 9.68 -87.54 0.15
1684258359022107 80.00 0.00 0.00 0.00 58.34 -2.33 54.02 -2.98 -73.84 75.01 -81.28 10.68
1684258359043479 80.00 0.00 0.00 0.00 59.55 -2.31 55.40 -3.13 -57.59 36.25 -77.06 17.72
1684258359055704 80.00 0.00 0.00 0.00 59.60 1.42 56.33 -2.65 -113.09 11.82 -79.16 19.17
1684258359070456 80.00 0.00 0.00 0.00 60.73 -3.53 57.55 -2.95 -62.55 -32.35 -74.30 13.99
1684258359086847 80.00 0.00 0.00 0.00 61.64 -13.33 58.87 -5.26 -74.29 18.19 -72.27 12.49
1684258359103435 80.00 0.00 0.00 0.00 61.68 -12.12 59.61 -5.70 -80.14 139.10 -75.98 40.40
1684258359118636 80.00 0.00 0.00 0.00 63.07 -4.72 60.35 -5.84 -48.17 29.05 -72.54 35.84
1684258359135381 80.00 0.00 0.00 0.00 64.27 -3.45 61.11 -5.05 -44.45 8.39 -69.26 35.68
1684258359151956 80.00 0.00 0.00 0.00 64.24 -4.69 61.85 -5.34 -45.72 -47.63 -65.75 20.35
1684258359168056 80.00 0.00 0.00 0.00 65.54 1.52 62.59 -4.86 -45.77 18.28 -64.27 18.11
1684258359184586 80.00 0.00 0.00 0.00 64.24 -4.69 63.17 -5.63 -45.33 -28.97 -55.80 13.01
1684258359200452 80.00 0.00 0.00 0.00 65.40 -4.65 63.76 -5.77 -36.54 48.13 -52.55 23.07
1684258359216566 80.00 0.00 0.00 0.00 66.33 -10.71 64.35 -5.44 -36.25 8.68 -47.80 21.88
1684258359232863 80.00 0.00 0.00 0.00 67.73 -3.35 65.10 -4.34 -35.99 -20.10 -42.28 1.98
1684258359250558 80.00 0.00 0.00 0.00 66.55 -4.62 65.54 -4.33 -42.72 -61.90 -41.60 -9.39
1684258359265469 80.00 0.00 0.00 0.00 67.73 -3.35 65.97 -4.32 -29.19 -0.85 -39.69 -10.54
1684258359282021 80.00 0.00 0.00 0.00 68.94 -0.86 66.56 -3.84 -26.13 -0.76 -37.24 -4.69
1684258359300513 80.00 0.00 0.00 0.00 67.73 -3.35 66.83 -4.45 -31.76 -25.84 -35.49 -10.20
1684258359324372 80.00 0.00 0.00 0.00 68.63 -9.40 67.38 -5.04 -11.45 25.52 -31.25 -3.39
1684258359336771 80.00 0.00 0.00 0.00 67.69 -4.58 67.67 -5.03 -44.28 47.50 -32.22 -3.47
1684258359348577 80.00 0.00 0.00 0.00 69.98 -3.28 68.12 -4.10 -24.27 -0.79 -30.73 -4.65
1684258359362713 80.00 0.00 0.00 0.00 68.86 -3.32 68.26 -4.09 -32.32 -65.78 -30.27 -10.36
1684258359381887 80.00 0.00 0.00 0.00 69.98 -3.28 68.69 -3.93 -7.39 -0.25 -25.85 -2.66
1684258359395370 80.00 0.00 0.00 0.00 69.98 -3.28 68.98 -3.92 -31.85 -12.44 -26.18 -4.11
1684258359411774 80.00 0.00 0.00 0.00 70.06 -0.83 69.12 -3.91 -17.19 -0.60 -25.06 -4.09
1684258359428097 80.00 0.00 0.00 0.00 68.86 -3.32 69.26 -3.91 -8.63 -0.27 -22.17 -0.89
1684258359444338 80.00 0.00 0.00 0.00 71.10 -3.23 69.57 -3.14 -8.72 -0.29 -21.83 -4.12
1684258359460864 80.00 0.00 0.00 0.00 71.10 -3.23 69.99 -2.97 -18.65 -46.64 -18.63 -15.88
1684258359476857 80.00 0.00 0.00 0.00 71.10 -3.23 70.13 -2.96 -26.62 -10.53 -18.92 -17.10
1684258359492683 80.00 0.00 0.00 0.00 72.24 -1.97 70.55 -2.80 -8.78 -0.34 -15.98 -8.92
1684258359509266 80.00 0.00 0.00 0.00 72.24 -1.97 70.84 -2.63 -25.47 -10.14 -18.24 -10.16
1684258359525386 80.00 0.00 0.00 0.00 72.20 -3.19 71.11 -2.62 -17.50 -10.12 -16.45 -9.87
1684258359543193 80.00 0.00 0.00 0.00 71.14 -2.01 71.25 -2.77 -15.53 -0.62 -16.24 -9.87
1684258359558130 80.00 0.00 0.00 0.00 74.36 -3.09 71.93 -2.74 -9.01 9.91 -16.28 -8.60
1684258359575293 80.00 0.00 0.00 0.00 72.20 -3.19 72.07 -2.74 -40.05 -1.65 -20.20 -8.77
1684258359590952 80.00 0.00 0.00 0.00 73.33 -1.93 72.35 -2.57 -8.78 -0.36 -18.97 -2.98
1684258359607133 80.00 0.00 0.00 0.00 73.38 -0.71 72.64 -2.26 -17.27 -10.09 -17.80 -2.93
1684258359623224 80.00 0.00 0.00 0.00 74.36 -3.09 72.90 -2.40 -17.71 -19.59 -18.91 -5.33
1684258359640279 80.00 0.00 0.00 0.00 73.28 -3.14 73.03 -2.54 -15.54 8.20 -17.67 -3.04
1684258359655928 80.00 0.00 0.00 0.00 75.69 4.24 73.47 -1.61 -8.34 9.34 -16.53 -0.61
1684258359672234 80.00 0.00 0.00 0.00 74.58 2.99 73.90 -0.99 -26.77 -56.95 -17.93 -7.65
1684258359687975 80.00 0.00 0.00 0.00 75.43 -3.04 74.03 -0.98 -27.31 -39.71 -20.22 -13.85
1684258359704123 80.00 0.00 0.00 0.00 75.31 -5.44 74.42 -1.26 -8.24 -0.40 -16.25 -13.70
1684258359720360 80.00 0.00 0.00 0.00 76.42 -4.18 74.81 -1.55 -23.99 17.37 -18.15 -11.48
1684258359737214 80.00 0.00 0.00 0.00 76.75 4.28 75.23 -0.92 -22.91 16.75 -18.85 -8.12
1684258359753788 80.00 0.00 0.00 0.00 77.46 -4.12 75.62 -1.05 -25.46 -37.62 -19.82 -10.38
1684258359769231 80.00 0.00 0.00 0.00 78.48 -4.06 76.26 -1.17 -25.07 8.38 -21.01 -10.36
1684258359785989 80.00 0.00 0.00 0.00 76.42 -4.18 76.36 -2.22 -38.78 6.89 -24.82 -10.66
1684258359802039 80.00 0.00 0.00 0.00 77.52 -2.93 76.72 -2.96 -5.71 65.63 -22.18 4.66
1684258359818042 80.00 0.00 0.00 0.00 79.43 -5.19 77.22 -3.23 -22.96 46.19 -21.64 15.40
1684258359834284 80.00 0.00 0.00 0.00 80.20 -8.65 77.83 -3.63 -30.81 16.54 -24.46 17.52
1684258359851622 80.00 0.00 0.00 0.00 78.48 -4.06 78.09 -3.61 -35.22 23.10 -25.86 18.23
1684258359867084 80.00 0.00 0.00 0.00 79.43 -5.19 78.43 -4.80 -16.67 -0.98 -25.08 16.02
1684258359883492 80.00 0.00 0.00 0.00 80.43 -5.12 78.80 -4.92 -20.40 72.10 -24.45 29.73
1684258359899616 80.00 0.00 0.00 0.00 81.34 -6.22 79.16 -5.19 -23.01 7.69 -24.19 29.65
1684258359916351 80.00 0.00 0.00 0.00 81.34 -6.22 79.77 -5.45 -21.31 16.13 -22.01 30.80
1684258359931824 80.00 0.00 0.00 0.00 81.41 -5.05 80.26 -5.71 -39.71 16.46 -26.26 24.66
1684258359949448 80.00 0.00 0.00 0.00 82.31 -6.15 80.62 -5.83 -27.61 15.03 -26.84 20.76
1684258359964660 80.00 0.00 0.00 0.00 81.34 -6.22 80.76 -5.53 -23.65 7.88 -25.95 19.68
1684258359980934 80.00 0.00 0.00 0.00 82.45 -3.80 81.25 -5.49 -8.74 -18.63 -22.64 14.46
1684258359997072 80.00 0.00 0.00 0.00 80.68 -0.36 81.41 -4.89 -30.76 -2.07 -24.40 14.33
1684258360012232 80.00 0.00 0.00 0.00 82.31 -6.15 81.65 -5.02 -10.31 -39.78 -23.14 0.34
1684258360028267 80.00 0.00 0.00 0.00 83.26 -6.07 81.89 -5.00 -14.66 8.02 -22.09 0.38
1684258360045240 80.00 0.00 0.00 0.00 83.26 -6.07 82.13 -4.98 -14.19 -1.15 -21.20 -1.78
1684258360060390 80.00 0.00 0.00 0.00 83.55 -1.37 82.40 -4.52 -15.90 -1.29 -18.23 -4.00
1684258360077295 80.00 0.00 0.00 0.00 83.26 -6.07 82.51 -4.51 -15.84 -27.19 -16.76 -9.28
1684258360093398 80.00 0.00 0.00 0.00 83.73 2.19 82.81 -3.46 -7.43 -0.61 -14.73 -10.34
1684258360111246 80.00 0.00 0.00 0.00 84.44 -2.48 83.06 -3.30 -16.76 -58.88 -15.73 -15.37
1684258360126437 80.00 0.00 0.00 0.00 85.14 -5.90 83.62 -3.99 -16.30 -10.83 -13.92 -16.46
1684258360142999 80.00 0.00 0.00 0.00 84.50 -1.30 83.89 -3.38 -33.67 41.82 -16.84 -6.26
1684258360158385 80.00 0.00 0.00 0.00 85.14 -5.90 84.13 -3.36 -17.85 -39.33 -17.24 -12.18
1684258360177340 80.00 0.00 0.00 0.00 85.22 -4.74 84.37 -3.20 -12.37 -1.08 -17.01 -12.17
1684258360191688 80.00 0.00 0.00 0.00 86.22 -3.50 84.71 -3.46 -17.05 -11.54 -17.16 -13.46
1684258360208435 80.00 0.00 0.00 0.00 84.68 2.24 84.88 -2.43 -19.91 15.91 -17.67 -8.07
1684258360223968 80.00 0.00 0.00 0.00 86.96 -5.73 85.29 -3.42 -11.44 -66.84 -18.17 -16.35
1684258360240196 80.00 0.00 0.00 0.00 86.96 -5.73 85.60 -3.82 -24.92 60.99 -19.19 -1.36
1684258360257180 80.00 0.00 0.00 0.00 87.05 -4.58 85.84 -3.66 -18.62 23.95 -19.48 2.99
1684258360272555 80.00 0.00 0.00 0.00 86.96 -5.73 86.15 -4.21 -15.53 -10.76 -17.21 -3.59
1684258360288661 80.00 0.00 0.00 0.00 87.05 -4.58 86.39 -4.05 -19.10 34.38 -17.37 5.63
1684258360305418 80.00 0.00 0.00 0.00 87.86 -5.65 86.72 -4.16 -14.25 -9.87 -17.60 4.53
1684258360321135 80.00 0.00 0.00 0.00 88.02 -13.46 86.94 -5.40 -20.98 7.20 -18.09 6.87
1684258360336911 80.00 0.00 0.00 0.00 87.77 -6.79 87.33 -6.53 -14.24 78.93 -17.38 14.75
1684258360353570 80.00 0.00 0.00 0.00 88.37 2.47 87.51 -5.51 -23.14 67.77 -18.85 31.57
1684258360369664 80.00 0.00 0.00 0.00 87.86 -5.65 87.62 -5.50 -10.94 -63.70 -17.10 15.99
1684258360395279 80.00 0.00 0.00 0.00 87.77 -6.79 87.71 -5.77 -4.36 -0.42 -15.32 12.94
1684258360407452 80.00 0.00 0.00 0.00 88.83 -4.41 87.94 -5.61 -7.39 22.72 -14.30 17.13
1684258360419583 80.00 0.00 0.00 0.00 87.77 -6.79 88.03 -5.88 -19.19 -13.61 -14.31 11.13
1684258360434993 80.00 0.00 0.00 0.00 88.65 -6.70 88.13 -6.02 -5.84 17.95 -13.26 14.60
1684258360451635 80.00 0.00 0.00 0.00 87.86 -5.65 88.11 -5.04 -5.94 7.91 -11.38 14.69
1684258360468193 80.00 0.00 0.00 0.00 88.65 -6.70 88.22 -5.03 1.20 -59.01 -9.45 -2.55
1684258360484391 80.00 0.00 0.00 0.00 89.20 1.36 88.32 -5.17 -6.79 -0.71 -7.41 -11.11
1684258360499783 80.00 0.00 0.00 0.00 88.65 -6.70 88.42 -5.30 -6.72 8.97 -6.88 -2.03
1684258360516121 80.00 0.00 0.00 0.00 88.55 -7.84 88.52 -5.43 -6.05 8.06 -7.09 -0.97
1684258360533069 80.00 0.00 0.00 0.00 88.55 -7.84 88.49 -5.86 -5.79 7.71 -6.89 -2.84
1684258360560055 80.00 0.00 0.00 0.00 89.13 0.20 88.66 -4.98 1.27 15.86 -4.33 0.84
1684258360573489 80.00 0.00 0.00 0.00 90.56 -4.24 88.89 -4.67 -12.70 -65.08 -5.19 -9.54
1684258360585445 80.00 0.00 0.00 0.00 90.14 2.59 89.18 -3.65 -19.93 -25.71 -6.94 -13.74
1684258360598020 80.00 0.00 0.00 0.00 89.78 -3.18 89.32 -3.21 -22.67 -81.86 -9.92 -16.60
1684258360613662 80.00 0.00 0.00 0.00 89.06 -0.96 89.30 -3.50 -9.05 -28.11 -10.21 -20.02
1684258360629780 80.00 0.00 0.00 0.00 89.20 1.36 89.37 -2.49 1.06 17.99 -9.23 -18.89
1684258360646766 80.00 0.00 0.00 0.00 88.99 -2.11 89.43 -1.77 -4.06 -59.34 -8.98 -27.32
1684258360662578 80.00 0.00 0.00 0.00 88.99 -2.11 89.48 -1.06 -3.44 -45.27 -8.69 -33.94
1684258360679112 80.00 0.00 0.00 0.00 90.08 1.43 89.60 -0.90 -3.29 -43.29 -9.26 -41.33
1684258360695145 80.00 0.00 0.00 0.00 88.91 -3.26 89.39 -0.78 -7.35 -9.56 -8.59 -34.39
1684258360711720 80.00 0.00 0.00 0.00 88.99 -2.11 89.25 -1.37 12.41 -7.37 -4.55 -32.10
1684258360727760 80.00 0.00 0.00 0.00 88.91 -3.26 89.14 -1.38 8.97 36.64 -0.59 -17.29
1684258360744346 80.00 0.00 0.00 0.00 89.13 0.20 89.15 -1.23 6.57 0.61 1.36 -13.70
1684258360760101 80.00 0.00 0.00 0.00 88.91 -3.26 89.11 -1.81 -0.56 -9.19 1.16 -17.10
1684258360776788 80.00 0.00 0.00 0.00 89.86 -2.03 89.22 -1.80 2.18 34.66 1.94 -5.35
1684258360792330 80.00 0.00 0.00 0.00 89.86 -2.03 89.33 -1.79 -7.02 -0.62 1.49 0.24
1684258360808773 80.00 0.00 0.00 0.00 88.99 -2.11 89.20 -2.24 -6.63 -0.59 1.07 5.57
1684258360833423 80.00 0.00 0.00 0.00 89.70 -4.33 89.29 -2.37 5.51 17.95 2.68 9.01
1684258360847005 80.00 0.00 0.00 0.00 90.56 -4.24 89.49 -2.63 -7.25 9.79 0.22 11.16
1684258360859624 80.00 0.00 0.00 0.00 88.83 -4.41 89.48 -2.78 -15.52 21.09 -2.84 9.21
1684258360874937 80.00 0.00 0.00 0.00 88.91 -3.26 89.45 -3.21 0.68 9.38 -3.58 10.31
1684258360890861 80.00 0.00 0.00 0.00 90.25 4.92 89.62 -2.19 1.76 27.21 -3.29 14.86
1684258360906707 80.00 0.00 0.00 0.00 89.78 -3.18 89.61 -2.33 -10.60 -64.52 -4.88 2.46
1684258360923758 80.00 0.00 0.00 0.00 88.83 -4.41 89.48 -2.63 0.59 8.42 -3.93 3.59
1684258360939597 80.00 0.00 0.00 0.00 88.83 -4.41 89.46 -2.92 8.16 18.77 -2.08 6.01
1684258360955511 80.00 0.00 0.00 0.00 89.70 -4.33 89.46 -2.92 1.27 18.07 -2.61 6.03
1684258360971441 80.00 0.00 0.00 0.00 88.91 -3.26 89.25 -2.80 0.00 0.00 -1.71 4.80
1684258360992755 80.00 0.00 0.00 0.00 88.83 -4.41 89.25 -2.80 9.65 -5.73 1.44 1.45
1684258361003967 80.00 0.00 0.00 0.00 88.74 -5.56 89.23 -3.08 0.00 0.00 1.35 0.28
1684258361020294 80.00 0.00 0.00 0.00 88.24 -11.23 88.98 -5.10 1.30 17.57 1.30 -0.93
1684258361035185 80.00 0.00 0.00 0.00 88.74 -5.56 88.85 -5.40 16.87 135.50 4.73 24.08
1684258361051966 80.00 0.00 0.00 0.00 88.74 -5.56 88.84 -5.54 7.76 17.70 5.63 25.24
1684258361068389 80.00 0.00 0.00 0.00 88.83 -4.41 88.84 -5.54 0.66 8.72 4.69 23.98
1684258361084031 80.00 0.00 0.00 0.00 87.53 3.58 88.57 -4.55 0.00 -0.00 4.53 21.72
1684258361100871 80.00 0.00 0.00 0.00 89.70 -4.33 88.67 -4.68 16.11 -58.72 6.54 14.38
1684258361117713 80.00 0.00 0.00 0.00 90.14 2.59 88.83 -3.81 -5.84 7.89 4.61 16.08
1684258361133309 80.00 0.00 0.00 0.00 89.86 -2.03 88.97 -3.37 -10.52 -56.11 3.29 9.07
1684258361149242 80.00 0.00 0.00 0.00 89.78 -3.18 89.16 -2.36 -8.80 -27.64 2.03 3.42
1684258361165369 80.00 0.00 0.00 0.00 88.91 -3.26 89.19 -2.08 -11.92 -62.35 -1.57 -21.31
1684258361181986 80.00 0.00 0.00 0.00 91.06 3.81 89.48 -0.91 -1.28 -17.26 -2.70 -25.68
1684258361198456 80.00 0.00 0.00 0.00 89.13 0.20 89.51 -0.33 -17.63 -71.08 -4.98 -35.66
1684258361214849 80.00 0.00 0.00 0.00 89.78 -3.18 89.80 -1.17 -2.34 -35.19 -5.28 -40.06
1684258361230427 80.00 0.00 0.00 0.00 89.94 -0.88 89.83 -0.74 -18.09 54.29 -9.55 -25.93
1684258361252375 80.00 0.00 0.00 0.00 89.86 -2.03 89.79 -1.32 -1.37 -19.62 -8.99 -29.37
1684258361264559 80.00 0.00 0.00 0.00 89.86 -2.03 89.79 -1.32 2.85 47.42 -7.32 -16.43
1684258361279703 80.00 0.00 0.00 0.00 89.06 -0.96 89.70 -1.04 0.00 0.00 -6.22 -12.97
1684258361296022 80.00 0.00 0.00 0.00 89.94 -0.88 89.83 -0.75 5.50 -17.05 -4.04 -7.31
1684258361311703 80.00 0.00 0.00 0.00 89.70 -4.33 89.66 -1.76 -8.19 -18.98 -4.91 -7.53
1684258361328387 80.00 0.00 0.00 0.00 89.94 -0.88 89.76 -1.90 10.24 60.95 -1.42 8.98
1684258361344618 80.00 0.00 0.00 0.00 90.80 -0.81 89.89 -1.60 -6.19 8.36 -1.90 14.42
1684258361360744 80.00 0.00 0.00 0.00 89.94 -0.88 89.89 -1.60 -7.88 -18.40 -0.63 5.34
1684258361377171 80.00 0.00 0.00 0.00 91.72 0.41 90.12 -1.30 -0.00 0.00 -0.46 7.79
1684258361393258 80.00 0.00 0.00 0.00 90.72 -1.96 90.23 -1.29 -14.45 -19.01 -2.62 -0.52
1684258361409772 80.00 0.00 0.00 0.00 91.17 6.13 90.49 -0.40 -6.51 -0.59 -3.43 -0.59
1684258361427353 80.00 0.00 0.00 0.00 90.80 -0.81 90.60 -0.39 -14.99 -50.39 -6.00 -4.76
1684258361442240 80.00 0.00 0.00 0.00 91.17 6.13 90.78 0.92 -7.23 -0.62 -5.88 -2.46
1684258361459976 80.00 0.00 0.00 0.00 91.12 4.97 90.93 1.65 -10.39 -73.71 -8.45 -19.30
1684258361475297 80.00 0.00 0.00 0.00 90.80 -0.81 90.93 1.65 -9.65 -47.74 -8.89 -26.31
1684258361490537 80.00 0.00 0.00 0.00 90.87 0.34 91.05 1.80 0.00 0.00 -7.90 -24.01
1684258361507454 80.00 0.00 0.00 0.00 90.80 -0.81 90.93 1.65 -6.90 -9.05 -8.76 -25.14
1684258361522613 80.00 0.00 0.00 0.00 90.80 -0.81 90.94 1.79 7.61 10.07 -6.01 -21.50
1684258361539455 80.00 0.00 0.00 0.00 90.72 -1.96 90.88 0.78 -0.57 -8.51 -5.26 -22.49
1684258361556275 80.00 0.00 0.00 0.00 91.65 -0.73 90.99 0.79 3.34 60.10 -2.97 -8.68
1684258361573474 80.00 0.00 0.00 0.00 91.85 2.71 91.08 0.36 -6.17 -0.55 -2.84 -8.67
1684258361588075 80.00 0.00 0.00 0.00 91.57 -1.88 91.13 -0.49 -5.85 29.27 -2.27 4.20
1684258361604284 80.00 0.00 0.00 0.00 91.65 -0.73 91.24 -0.48 -3.47 52.79 -1.50 16.77
1684258361622157 80.00 0.00 0.00 0.00 93.52 2.84 91.57 -0.17 -5.94 -0.53 -2.24 16.70
1684258361636814 80.00 0.00 0.00 0.00 91.49 -3.02 91.66 -0.45 -22.60 -21.31 -4.21 15.17
1684258361654000 80.00 0.00 0.00 0.00 91.22 -6.42 91.71 -1.15 -5.01 16.06 -5.78 15.91
1684258361669340 80.00 0.00 0.00 0.00 92.40 -1.80 91.92 -1.13 -3.41 45.68 -6.14 22.69
1684258361685555 80.00 0.00 0.00 0.00 92.40 -1.80 92.01 -1.26 -12.98 -1.23 -8.18 15.02
1684258361701766 80.00 0.00 0.00 0.00 90.14 2.59 91.80 -1.28 -5.84 8.19 -8.14 16.12
1684258361719633 80.00 0.00 0.00 0.00 91.85 2.71 91.83 -0.70 12.00 0.87 -5.91 12.57
1684258361736329 80.00 0.00 0.00 0.00 92.56 0.48 91.95 -0.55 -2.14 -34.36 -5.74 1.67
1684258361750641 80.00 0.00 0.00 0.00 92.40 -1.80 91.81 -1.13 -7.96 -10.64 -5.99 0.41
1684258361767103 80.00 0.00 0.00 0.00 90.72 -1.96 91.71 -1.00 8.47 35.20 -2.11 7.47
1684258361784563 80.00 0.00 0.00 0.00 91.57 -1.88 91.76 -0.43 5.48 -7.59 -0.80 4.52
1684258361799239 80.00 0.00 0.00 0.00 93.23 -1.72 91.86 -0.42 -3.01 -38.66 -0.75 -6.03
1684258361816839 80.00 0.00 0.00 0.00 92.32 -2.93 91.85 -0.56 -5.85 -0.58 0.15 -5.94
1684258361834178 80.00 0.00 0.00 0.00 92.48 -0.66 92.14 -0.97 0.60 8.19 0.95 -5.94
1684258361848249 80.00 0.00 0.00 0.00 91.65 -0.73 92.12 -1.40 -20.82 28.84 -3.15 -2.45
1684258361865128 80.00 0.00 0.00 0.00 91.65 -0.73 92.00 -1.55 1.54 25.52 -2.69 5.04
1684258361881025 80.00 0.00 0.00 0.00 92.48 -0.66 92.01 -1.41 7.16 9.58 -0.80 7.56
1684258361897142 80.00 0.00 0.00 0.00 92.81 5.08 92.27 -0.53 -0.61 -8.83 -1.94 2.06
1684258361913884 80.00 0.00 0.00 0.00 92.69 2.78 92.41 0.05 -15.61 -52.51 -4.58 -3.56
1684258361929137 80.00 0.00 0.00 0.00 91.72 0.41 92.23 0.32 -9.22 -38.13 -5.35 -3.49
1684258361945850 80.00 0.00 0.00 0.00 91.92 3.87 92.18 1.17 11.28 -15.91 -3.21 -5.41
1684258361963197 80.00 0.00 0.00 0.00 91.65 -0.73 92.07 1.16 2.93 -48.99 -2.92 -12.56
1684258361980717 80.00 0.00 0.00 0.00 90.87 0.34 91.97 1.29 5.97 0.54 0.43 -16.09
1684258361995603 80.00 0.00 0.00 0.00 92.56 0.48 92.09 1.45 6.52 -9.03 1.05 -20.41
1684258362009966 80.00 0.00 0.00 0.00 93.31 -0.58 92.19 1.46 -7.93 -10.60 -0.83 -22.93
1684258362026096 80.00 0.00 0.00 0.00 91.85 2.71 92.07 1.16 -6.39 -0.60 -1.56 -21.90
1684258362043106 80.00 0.00 0.00 0.00 91.65 -0.73 91.94 0.72 7.04 17.38 1.27 -13.17
1684258362059078 80.00 0.00 0.00 0.00 92.63 1.63 92.05 0.87 8.19 27.47 3.45 -4.97
1684258362075427 80.00 0.00 0.00 0.00 91.12 4.97 91.95 1.01 -6.94 -9.30 1.17 -4.14
1684258362099682 80.00 0.00 0.00 0.00 91.72 0.41 91.96 1.15 4.10 -5.68 1.32 1.27
1684258362112823 80.00 0.00 0.00 0.00 92.48 -0.66 92.16 1.03 -0.70 -10.90 0.49 -0.16
1684258362126679 80.00 0.00 0.00 0.00 92.81 5.08 92.20 1.60 -14.55 9.01 -2.15 2.10
1684258362147579 80.00 0.00 0.00 0.00 93.64 5.13 92.24 2.32 -1.52 -27.47 -1.35 -0.01
1684258362159454 80.00 0.00 0.00 0.00 92.56 0.48 92.33 2.04 -3.50 -60.15 -0.98 -7.46
1684258362172371 80.00 0.00 0.00 0.00 92.81 5.08 92.47 2.77 -6.80 21.56 -2.71 -6.93
1684258362188941 80.00 0.00 0.00 0.00 91.57 -1.88 92.34 2.33 -8.79 -43.84 -4.84 -15.85
1684258362205089 80.00 0.00 0.00 0.00 92.56 0.48 92.52 1.77 8.20 27.13 -2.95 -11.29
1684258362223044 80.00 0.00 0.00 0.00 92.48 -0.66 92.61 1.63 -10.01 31.22 -4.71 -6.68
1684258362237433 80.00 0.00 0.00 0.00 90.72 -1.96 92.39 1.47 -6.63 9.29 -5.45 -4.15
1684258362255158 80.00 0.00 0.00 0.00 91.49 -3.02 92.23 0.46 12.43 9.16 -2.08 -4.14
1684258362270042 80.00 0.00 0.00 0.00 91.57 -1.88 91.97 -0.42 11.13 67.98 -0.50 7.80
1684258362287788 80.00 0.00 0.00 0.00 92.40 -1.80 91.95 -0.70 14.59 49.38 1.76 21.49
1684258362302778 80.00 0.00 0.00 0.00 92.40 -1.80 91.90 -1.56 1.28 19.02 2.77 21.17
1684258362318874 80.00 0.00 0.00 0.00 91.79 1.56 91.93 -1.13 3.17 53.38 4.27 33.32
1684258362335806 80.00 0.00 0.00 0.00 92.32 -2.93 91.90 -1.56 -1.63 -25.38 3.04 26.76
1684258362352325 80.00 0.00 0.00 0.00 91.40 -4.15 91.76 -2.00 1.78 25.85 4.51 26.08
1684258362367852 80.00 0.00 0.00 0.00 91.40 -4.15 91.85 -2.27 8.71 28.14 6.43 28.44
1684258362384428 80.00 0.00 0.00 0.00 90.14 2.59 91.68 -1.57 -5.13 16.57 4.24 29.37
1684258362400136 80.00 0.00 0.00 0.00 90.56 -4.24 91.55 -1.87 10.72 -44.60 4.19 15.29
1684258362416658 80.00 0.00 0.00 0.00 91.57 -1.88 91.45 -1.88 7.67 17.89 3.32 11.36
1684258362433897 80.00 0.00 0.00 0.00 90.64 -3.10 91.23 -2.04 6.06 0.58 3.92 9.05
1684258362448628 80.00 0.00 0.00 0.00 90.64 -3.10 91.08 -2.62 14.97 11.06 5.40 3.76
1684258362465976 80.00 0.00 0.00 0.00 91.57 -1.88 90.99 -2.49 8.28 33.58 6.64 11.13
1684258362482713 80.00 0.00 0.00 0.00 91.57 -1.88 91.01 -2.20 5.62 -7.88 7.11 6.92
1684258362497893 80.00 0.00 0.00 0.00 91.57 -1.88 91.03 -1.92 -1.38 -18.74 5.85 1.06
1684258362513443 80.00 0.00 0.00 0.00 90.72 -1.96 91.10 -2.49 -1.35 -18.30 6.32 -3.30
1684258362530248 80.00 0.00 0.00 0.00 91.00 2.65 91.16 -1.63 -4.33 33.80 4.44 6.50
1684258362546785 80.00 0.00 0.00 0.00 91.65 -0.73 91.17 -1.48 -3.39 -52.08 3.06 -2.25
1684258362564453 80.00 0.00 0.00 0.00 90.80 -0.81 91.19 -1.20 -0.55 -8.09 2.23 -3.33
1684258362578963 80.00 0.00 0.00 0.00 89.06 -0.96 90.99 -0.93 -1.36 -19.74 0.19 -7.18
1684258362596590 80.00 0.00 0.00 0.00 91.72 0.41 91.01 -0.64 11.18 -15.20 0.56 -13.28
1684258362611348 80.00 0.00 0.00 0.00 92.48 -0.66 91.13 -0.49 -1.28 -19.39 -0.31 -14.72
1684258362627998 80.00 0.00 0.00 0.00 91.06 3.81 91.06 0.22 -6.86 -9.15 -0.99 -13.52
1684258362644800 80.00 0.00 0.00 0.00 91.72 0.41 91.19 0.52 3.76 -42.29 -0.35 -16.52
1684258362659917 80.00 0.00 0.00 0.00 91.06 3.81 91.20 0.66 -8.26 -19.58 -0.84 -23.19
1684258362677159 80.00 0.00 0.00 0.00 90.87 0.34 91.10 0.79 -0.44 -8.40 -0.48 -17.73
1684258362692855 80.00 0.00 0.00 0.00 91.92 3.87 91.24 1.38 6.18 -8.56 0.37 -17.79
1684258362709093 80.00 0.00 0.00 0.00 91.72 0.41 91.57 1.55 -8.60 -35.99 -0.54 -19.82
1684258362725512 80.00 0.00 0.00 0.00 92.63 1.63 91.68 1.70 -20.23 -10.42 -4.47 -19.22
1684258362742926 80.00 0.00 0.00 0.00 90.87 0.34 91.48 1.83 -6.51 -8.73 -5.12 -17.89
1684258362758367 80.00 0.00 0.00 0.00 90.87 0.34 91.46 1.39 13.06 -8.09 -2.63 -17.76
1684258362776550 80.00 0.00 0.00 0.00 90.87 0.34 91.35 1.39 1.33 23.83 -2.94 -9.49
1684258362791864 80.00 0.00 0.00 0.00 91.06 3.81 91.35 1.39 6.94 0.58 -1.04 -6.97
1684258362806241 80.00 0.00 0.00 0.00 91.12 4.97 91.38 1.96 0.00 0.00 -0.98 -5.92
1684258362822801 80.00 0.00 0.00 0.00 90.87 0.34 91.25 1.52 -1.88 -34.93 -1.99 -9.22
1684258362839114 80.00 0.00 0.00 0.00 90.94 1.49 91.15 1.66 8.01 27.01 0.09 -1.34
1684258362855525 80.00 0.00 0.00 0.00 91.79 1.56 91.05 1.65 5.95 -8.24 3.36 -1.07
1684258362871767 80.00 0.00 0.00 0.00 90.08 1.43 90.95 1.79 6.45 0.52 4.98 0.09
1684258362890315 80.00 0.00 0.00 0.00 90.01 0.27 90.84 1.78 5.36 -7.33 4.02 0.18
1684258362905688 80.00 0.00 0.00 0.00 90.94 1.49 90.85 1.92 7.01 0.57 4.73 -2.73
1684258362921498 80.00 0.00 0.00 0.00 90.87 0.34 90.83 1.49 -0.54 -9.12 3.79 -3.94
1684258362937662 80.00 0.00 0.00 0.00 90.94 1.49 90.80 1.05 1.49 26.81 3.98 -0.59
1684258362954579 80.00 0.00 0.00 0.00 90.01 0.27 90.70 1.04 1.33 25.67 4.38 6.99
1684258362969400 80.00 0.00 0.00 0.00 90.87 0.34 90.69 0.90 7.27 0.59 4.29 3.68
1684258362985210 80.00 0.00 0.00 0.00 91.00 2.65 90.59 1.04 0.54 9.12 3.61 5.85
1684258363000626 80.00 0.00 0.00 0.00 90.01 0.27 90.58 0.89 6.38 -8.83 3.60 4.69
1684258363016728 80.00 0.00 0.00 0.00 90.20 3.75 90.61 1.33 0.52 8.98 3.00 6.72
1684258363034231 80.00 0.00 0.00 0.00 90.87 0.34 90.60 1.18 -1.36 -24.85 1.95 3.55
1684258363049148 80.00 0.00 0.00 0.00 90.94 1.49 90.61 1.33 0.57 9.66 2.09 5.89
1684258363066852 80.00 0.00 0.00 0.00 90.01 0.27 90.49 1.17 -0.48 -8.14 1.85 1.53
1684258363081935 80.00 0.00 0.00 0.00 90.01 0.27 90.49 1.17 7.71 10.14 2.64 -0.42
1684258363097927 80.00 0.00 0.00 0.00 89.20 1.36 90.28 1.30 0.00 0.00 1.74 -0.49
1684258363115179 80.00 0.00 0.00 0.00 89.06 -0.96 90.04 0.85 12.10 -7.41 3.18 -2.56
1684258363138720 80.00 0.00 0.00 0.00 89.13 0.20 89.93 0.84 10.30 19.15 3.67 0.94
1684258363150970 80.00 0.00 0.00 0.00 90.25 4.92 89.93 0.99 8.93 0.70 4.72 -0.09
1684258363163623 80.00 0.00 0.00 0.00 89.06 -0.96 89.71 0.83 -0.54 -11.51 4.82 1.57
1684258363179566 80.00 0.00 0.00 0.00 90.01 0.27 89.59 0.67 14.17 10.17 6.52 1.64
1684258363197063 80.00 0.00 0.00 0.00 89.38 4.86 89.51 1.25 6.65 8.74 7.41 3.75
1684258363211831 80.00 0.00 0.00 0.00 88.65 -6.70 89.34 0.38 5.36 -38.87 7.12 -2.38
1684258363228856 80.00 0.00 0.00 0.00 89.06 -0.96 89.33 0.09 9.98 51.18 8.37 4.02
1684258363245698 80.00 0.00 0.00 0.00 89.38 4.86 89.37 0.81 1.02 17.22 6.98 7.10
1684258363260402 80.00 0.00 0.00 0.00 88.18 -1.03 89.25 0.66 -2.65 -49.47 5.36 -1.48
1684258363277079 80.00 0.00 0.00 0.00 89.43 6.03 89.14 0.80 7.17 9.22 5.14 -0.41
1684258363293064 80.00 0.00 0.00 0.00 88.48 4.81 89.07 1.52 6.48 -8.75 6.02 -0.07
1684258363309614 80.00 0.00 0.00 0.00 88.18 -1.03 88.84 1.36 4.38 -43.56 4.80 -6.79
1684258363325758 80.00 0.00 0.00 0.00 89.06 -0.96 88.80 0.63 14.18 10.06 5.74 -6.62
1684258363342828 80.00 0.00 0.00 0.00 87.35 0.07 88.64 1.48 2.28 42.61 5.36 3.56
1684258363359200 80.00 0.00 0.00 0.00 87.28 -1.10 88.42 1.46 9.95 -51.67 5.35 -9.29
1684258363374852 80.00 0.00 0.00 0.00 87.21 -2.26 88.14 0.57 14.26 1.14 7.01 -11.30
1684258363390666 80.00 0.00 0.00 0.00 88.18 -1.03 88.14 0.57 17.15 56.32 9.48 1.92
1684258363408045 80.00 0.00 0.00 0.00 87.28 -1.10 87.88 -0.32 0.00 0.00 8.58 0.77
1684258363423219 80.00 0.00 0.00 0.00 87.21 -2.26 87.72 -1.21 17.69 58.76 9.99 9.21
1684258363440945 80.00 0.00 0.00 0.00 87.13 -3.42 87.59 -1.51 9.01 49.88 10.57 20.89
1684258363455944 80.00 0.00 0.00 0.00 86.37 -1.17 87.25 -1.53 8.73 19.96 9.88 22.13
1684258363472407 80.00 0.00 0.00 0.00 85.51 -0.06 87.02 -1.55 20.48 1.61 12.16 17.00
1684258363500421 80.00 0.00 0.00 0.00 85.44 -1.24 86.79 -1.57 8.21 0.58 11.94 23.53
1684258363514159 80.00 0.00 0.00 0.00 83.87 5.76 86.37 -0.57 16.71 1.25 12.25 23.55
1684258363526587 80.00 0.00 0.00 0.00 85.44 -1.24 86.03 -0.59 33.52 -80.71 14.30 6.42
1684258363538832 80.00 0.00 0.00 0.00 84.57 -0.13 85.69 -0.47 27.93 2.13 17.79 6.68
1684258363553821 80.00 0.00 0.00 0.00 86.30 -2.34 85.58 -0.48 22.60 -8.12 18.40 -1.68
1684258363569392 80.00 0.00 0.00 0.00 85.51 -0.06 85.37 -0.06 7.31 0.59 18.19 -7.84
1684258363585729 80.00 0.00 0.00 0.00 85.68 3.48 85.29 0.52 12.42 -25.71 18.65 -13.55
1684258363603943 80.00 0.00 0.00 0.00 85.44 -1.24 85.28 0.38 4.70 -31.88 16.68 -17.73
1684258363617970 80.00 0.00 0.00 0.00 85.44 -1.24 85.28 0.38 0.58 10.47 15.72 -16.50
1684258363635129 80.00 0.00 0.00 0.00 85.57 1.11 85.49 -0.21 0.00 0.00 13.63 -16.65
1684258363651431 80.00 0.00 0.00 0.00 84.79 4.61 85.41 0.53 -13.00 35.63 7.82 -2.11
1684258363666984 80.00 0.00 0.00 0.00 85.44 -1.24 85.52 0.39 5.26 -47.02 4.98 -8.26
1684258363684057 80.00 0.00 0.00 0.00 85.44 -1.24 85.41 0.52 -6.40 8.14 1.36 -6.22
1684258363700830 80.00 0.00 0.00 0.00 83.87 5.76 85.21 1.25 6.36 -8.19 1.24 -7.32
1684258363718417 80.00 0.00 0.00 0.00 85.73 4.66 85.22 1.40 11.61 -41.40 1.14 -9.28
1684258363733556 80.00 0.00 0.00 0.00 85.44 -1.24 85.22 1.40 -0.41 -9.78 0.50 -6.52
1684258363748460 80.00 0.00 0.00 0.00 85.44 -1.24 85.22 1.40 0.00 0.00 0.43 -7.83
1684258363764276 80.00 0.00 0.00 0.00 86.30 -2.34 85.31 0.97 0.00 0.00 0.43 -7.83
1684258363780938 80.00 0.00 0.00 0.00 86.37 -1.17 85.50 0.25 -5.45 25.89 1.37 -9.05
1684258363796957 80.00 0.00 0.00 0.00 85.37 -2.41 85.49 0.10 -12.33 45.13 -0.83 2.47
1684258363814525 80.00 0.00 0.00 0.00 86.61 3.53 85.64 0.70 0.49 8.34 0.04 2.50
1684258363830324 80.00 0.00 0.00 0.00 86.22 -3.50 85.93 -0.46 -9.25 -37.72 -1.92 -1.19
1684258363845792 80.00 0.00 0.00 0.00 83.83 4.57 85.70 -0.47 -18.97 74.85 -5.74 13.34
1684258363862354 80.00 0.00 0.00 0.00 86.61 3.53 85.84 0.12 14.36 0.71 -3.89 14.65
1684258363878456 80.00 0.00 0.00 0.00 86.30 -2.34 85.95 -0.02 -9.08 -37.01 -5.03 10.02
1684258363894580 80.00 0.00 0.00 0.00 85.30 -3.58 85.83 -0.17 -6.62 8.52 -5.86 11.09
1684258363910997 80.00 0.00 0.00 0.00 85.30 -3.58 85.69 -0.47 7.59 9.45 -4.23 9.03
1684258363928461 80.00 0.00 0.00 0.00 85.30 -3.58 85.68 -0.62 7.64 17.24 -1.73 5.55
1684258363943408 80.00 0.00 0.00 0.00 85.30 -3.58 85.52 -1.51 0.61 9.77 -1.71 5.73
1684258363960218 80.00 0.00 0.00 0.00 86.56 2.35 85.56 -0.77 9.76 52.84 0.66 17.05
1684258363980960 80.00 0.00 0.00 0.00 86.14 -4.66 85.85 -1.93 -2.02 -35.26 2.78 3.28
1684258363994764 80.00 0.00 0.00 0.00 87.53 3.58 85.96 -1.92 -20.94 83.57 -1.63 13.64
1684258364007709 80.00 0.00 0.00 0.00 86.56 2.35 86.00 -1.34 -8.85 -0.52 -1.60 18.20
1684258364023972 80.00 0.00 0.00 0.00 87.05 -4.58 86.22 -1.46 -2.00 -36.03 -1.03 12.63
1684258364041798 80.00 0.00 0.00 0.00 85.14 -5.90 86.20 -1.75 -12.28 7.03 -3.51 12.33
1684258364057367 80.00 0.00 0.00 0.00 85.14 -5.90 86.18 -2.04 1.27 18.68 -4.31 12.51
1684258364073209 80.00 0.00 0.00 0.00 87.77 -15.68 86.49 -3.56 1.25 18.36 -4.23 13.58
1684258364088896 80.00 0.00 0.00 0.00 88.88 -13.34 86.78 -5.52 -19.74 96.45 -7.91 19.03
1684258364106670 80.00 0.00 0.00 0.00 86.96 -5.73 86.88 -5.65 -16.33 110.38 -9.70 37.24
1684258364122326 80.00 0.00 0.00 0.00 85.14 -5.90 86.58 -6.84 -6.58 8.56 -7.91 27.86
1684258364137846 80.00 0.00 0.00 0.00 86.15 -14.81 86.53 -8.98 19.23 76.41 -4.40 37.48
1684258364153793 80.00 0.00 0.00 0.00 86.06 -5.82 86.41 -9.14 3.21 134.54 -3.74 58.80
1684258364174849 80.00 0.00 0.00 0.00 85.97 -6.97 86.51 -9.27 5.88 7.36 -1.47 58.84
1684258364186823 80.00 0.00 0.00 0.00 86.88 -6.88 86.73 -9.39 -8.69 11.17 -2.72 57.90
1684258364213752 80.00 0.00 0.00 0.00 86.88 -6.88 86.61 -8.29 -8.06 4.55 -3.88 56.18
1684258364225908 80.00 0.00 0.00 0.00 86.96 -5.73 86.37 -7.34 9.24 -90.47 -0.26 32.81
1684258364240906 80.00 0.00 0.00 0.00 85.63 2.29 86.21 -6.34 15.94 -63.44 3.77 11.08
1684258364252767 80.00 0.00 0.00 0.00 86.06 -5.82 86.32 -6.33 14.10 -84.60 6.36 -0.56
1684258364268337 80.00 0.00 0.00 0.00 86.14 -4.66 86.32 -5.06 -7.38 -0.67 3.03 -10.20
1684258364283947 80.00 0.00 0.00 0.00 86.56 2.35 86.38 -4.04 0.04 -81.29 2.63 -37.18
1684258364299847 80.00 0.00 0.00 0.00 87.35 0.07 86.56 -3.16 -3.91 -64.23 1.41 -46.12
1684258364316107 80.00 0.00 0.00 0.00 88.35 -10.10 86.74 -3.56 -10.57 -54.12 1.18 -54.29
1684258364336814 80.00 0.00 0.00 0.00 87.21 -2.26 86.78 -2.98 -8.90 19.42 1.07 -52.43
1684258364348708 80.00 0.00 0.00 0.00 86.30 -2.34 86.70 -2.56 -3.46 -48.56 -0.52 -47.19
1684258364365140 80.00 0.00 0.00 0.00 86.30 -2.34 86.78 -3.14 5.09 -25.84 -1.87 -42.49
1684258364382849 80.00 0.00 0.00 0.00 86.43 0.00 86.83 -2.41 -4.72 32.69 -4.23 -27.83
1684258364403343 80.00 0.00 0.00 0.00 87.21 -2.26 86.96 -2.11 -2.28 -35.50 -3.59 -32.18
1684258364415198 80.00 0.00 0.00 0.00 87.35 0.07 87.06 -2.40 -11.22 -25.30 -5.00 -25.18
1684258364431057 80.00 0.00 0.00 0.00 86.37 -1.17 86.94 -2.55 -6.24 18.00 -5.29 -14.90
1684258364446678 80.00 0.00 0.00 0.00 85.44 -1.24 86.57 -1.44 7.84 9.89 -2.99 -6.90
1684258364462558 80.00 0.00 0.00 0.00 87.53 3.58 86.61 -0.71 22.91 -69.77 0.99 -18.05
