#Task Selector: 5
#PID Parameters: kp: 0.03, kd: 0.03, ki: 0.02
#n_pos: 8
#n_vel: 8
t x_ref y_ref vx_ref vy_ref x_raw y_raw x y vx_raw vy_raw vx vy
1684258789601242 0.00 0.00 0.00 0.00 5.75 4.00 0.72 0.50 0.00 0.00 0.00 0.00
1684258789601244 0.00 0.00 0.00 0.00 7.00 2.74 1.59 0.84 -43.43 -30.18 -5.43 -3.77
1684258789617689 0.00 0.00 0.00 0.00 5.75 2.74 2.31 1.19 -53.20 -20.85 -12.08 -6.38
1684258789633787 0.00 0.00 0.00 0.00 5.75 4.00 3.03 1.69 -44.66 -21.31 -17.66 -9.04
1684258789650053 0.00 0.00 0.00 0.00 5.75 2.74 3.75 2.03 -44.20 -30.72 -23.19 -12.88
1684258789665448 0.00 0.00 0.00 0.00 5.75 2.74 4.47 2.37 -46.70 -22.28 -29.02 -15.67
1684258789685749 0.00 0.00 0.00 0.00 7.00 4.00 5.34 2.87 -35.41 -16.90 -33.45 -17.78
1684258789698903 0.00 0.00 0.00 0.00 5.75 4.00 6.06 3.37 -66.50 -37.97 -41.76 -22.53
1684258789714609 0.00 0.00 0.00 0.00 5.75 2.74 6.06 3.21 -45.77 -31.81 -47.48 -26.50
1684258789730784 0.00 0.00 0.00 0.00 4.50 2.74 5.75 3.21 -0.00 9.68 -42.06 -21.52
1684258789748368 0.00 0.00 0.00 0.00 7.00 2.74 5.91 3.21 17.73 -0.01 -33.19 -18.92
1684258789763966 0.00 0.00 0.00 0.00 4.50 2.74 5.75 3.06 -10.00 0.01 -28.86 -16.25
1684258789779995 0.00 0.00 0.00 0.00 4.50 4.00 5.60 3.21 9.72 9.77 -22.12 -11.19
1684258789796102 0.00 0.00 0.00 0.00 3.26 2.74 5.28 3.21 9.68 -9.72 -15.07 -9.62
1684258789813330 0.00 0.00 0.00 0.00 4.50 2.74 4.97 3.06 18.10 -0.00 -8.38 -7.51
1684258789828581 0.00 0.00 0.00 0.00 3.26 2.74 4.66 2.90 20.44 10.26 2.49 -1.48
1684258789844830 0.00 0.00 0.00 0.00 4.50 2.74 4.50 2.90 19.18 9.63 10.61 3.70
1684258789862573 0.00 0.00 0.00 0.00 4.50 2.74 4.50 2.90 8.79 -0.00 11.70 2.49
1684258789877319 0.00 0.00 0.00 0.00 4.50 2.74 4.19 2.90 0.00 0.00 9.49 2.49
1684258789894333 0.00 0.00 0.00 0.00 5.75 2.74 4.35 2.90 18.32 -0.01 13.03 2.49
1684258789909854 0.00 0.00 0.00 0.00 3.26 2.74 4.19 2.74 -10.04 0.00 10.56 1.27
1684258789926315 0.00 0.00 0.00 0.00 5.75 2.74 4.50 2.74 9.47 9.51 10.53 3.67
1684258789943959 0.00 0.00 0.00 0.00 3.26 2.74 4.35 2.74 -17.67 0.00 6.06 3.67
1684258789958176 0.00 0.00 0.00 0.00 4.50 2.74 4.50 2.74 10.96 0.00 4.88 2.39
1684258789975793 0.00 0.00 0.00 0.00 3.26 2.74 4.35 2.74 -8.85 -0.00 1.37 1.19
1684258789991607 0.00 0.00 0.00 0.00 4.50 1.49 4.35 2.59 9.86 0.00 1.51 1.19
1684258790006258 0.00 0.00 0.00 0.00 4.50 2.74 4.35 2.59 -0.00 10.70 1.51 2.53
1684258790023772 0.00 0.00 0.00 0.00 3.26 2.74 4.04 2.59 0.00 0.00 -0.78 2.53
1684258790038901 0.00 0.00 0.00 0.00 5.75 2.74 4.35 2.59 20.61 -0.00 3.05 2.53
1684258790055993 0.00 0.00 0.00 0.00 4.50 2.74 4.19 2.59 -18.24 0.00 -0.42 1.34
1684258790071585 0.00 0.00 0.00 0.00 3.26 2.74 4.19 2.59 10.00 -0.00 3.04 1.34
1684258790089377 0.00 0.00 0.00 0.00 3.26 1.49 4.04 2.43 0.00 0.00 1.67 1.34
1684258790106805 0.00 0.00 0.00 0.00 3.26 2.74 4.04 2.43 8.95 8.99 3.90 2.46
1684258790119314 0.00 0.00 0.00 0.00 3.26 4.00 3.88 2.74 0.00 0.00 2.66 2.46
1684258790135910 0.00 0.00 0.00 0.00 3.26 2.74 3.73 2.74 9.39 -18.88 3.84 -1.24
1684258790153032 0.00 0.00 0.00 0.00 3.26 2.74 3.73 2.74 9.10 0.00 4.98 -1.24
1684258790168291 0.00 0.00 0.00 0.00 3.26 4.00 3.41 2.90 0.00 0.00 2.40 -1.24
1684258790186262 0.00 0.00 0.00 0.00 3.26 4.00 3.26 3.06 17.35 -8.72 6.85 -2.33
1684258790200798 0.00 0.00 0.00 0.00 3.26 4.00 3.26 3.21 10.72 -10.77 6.94 -3.67
1684258790218441 0.00 0.00 0.00 0.00 3.26 4.00 3.26 3.53 -0.00 -8.88 6.94 -4.78
1684258790234400 0.00 0.00 0.00 0.00 3.26 4.00 3.26 3.68 -0.00 -19.63 5.82 -8.36
1684258790252965 0.00 0.00 0.00 0.00 4.50 5.25 3.41 3.84 -0.00 -8.43 5.82 -9.41
1684258790266249 0.00 0.00 0.00 0.00 3.26 5.25 3.41 4.15 -11.73 -11.78 3.18 -8.53
1684258790282960 0.00 0.00 0.00 0.00 3.26 4.00 3.41 4.31 -0.00 -18.73 2.04 -10.87
1684258790298616 0.00 0.00 0.00 0.00 3.26 5.25 3.41 4.47 -0.00 -10.00 2.04 -12.12
1684258790316896 0.00 0.00 0.00 0.00 4.50 5.25 3.57 4.62 -0.00 -8.56 -0.13 -12.10
1684258790331109 0.00 0.00 0.00 0.00 4.50 5.25 3.73 4.78 -10.96 -11.01 -2.84 -12.13
1684258790347966 0.00 0.00 0.00 0.00 7.00 5.25 4.19 4.94 -9.24 -9.28 -3.99 -12.18
1684258790367509 0.00 0.00 0.00 0.00 7.00 4.00 4.66 4.94 -23.92 -8.00 -6.98 -10.72
1684258790380862 0.00 0.00 0.00 0.00 7.00 4.00 4.97 4.78 -35.01 0.01 -11.36 -9.67
1684258790396831 0.00 0.00 0.00 0.00 7.00 5.25 5.44 4.78 -19.52 9.81 -12.33 -6.97
1684258790412954 0.00 0.00 0.00 0.00 7.00 5.25 5.91 4.94 -28.99 0.01 -15.95 -4.63
1684258790430624 0.00 0.00 0.00 0.00 9.49 5.24 6.69 4.93 -26.45 -8.85 -19.26 -4.48
1684258790445511 0.00 0.00 0.00 0.00 10.74 3.99 7.46 4.78 -52.33 0.03 -25.80 -3.41
1684258790461523 0.00 0.00 0.00 0.00 10.74 5.24 8.24 4.78 -48.68 9.82 -30.52 -0.81
1684258790478391 0.00 0.00 0.00 0.00 13.24 3.99 9.02 4.62 -46.19 0.04 -35.13 0.36
1684258790496840 0.00 0.00 0.00 0.00 13.24 3.99 9.80 4.62 -42.28 8.55 -37.43 2.43
1684258790511162 0.00 0.00 0.00 0.00 13.24 3.99 10.58 4.62 -54.46 0.09 -39.86 2.44
1684258790527265 0.00 0.00 0.00 0.00 15.73 5.23 11.68 4.61 -48.43 0.08 -43.48 1.22
1684258790543492 0.00 0.00 0.00 0.00 14.49 2.73 12.61 4.30 -67.30 0.12 -48.27 1.24
1684258790560338 0.00 0.00 0.00 0.00 18.24 5.22 13.71 4.30 -55.60 18.69 -51.91 4.68
1684258790577159 0.00 0.00 0.00 0.00 20.75 2.71 14.96 4.14 -64.99 0.16 -53.49 4.69
1684258790593210 0.00 0.00 0.00 0.00 22.01 2.70 16.37 3.82 -77.97 10.00 -57.15 4.72
1684258790609062 0.00 0.00 0.00 0.00 22.01 2.70 17.46 3.66 -88.87 20.04 -62.49 7.22
1684258790624132 0.00 0.00 0.00 0.00 23.26 2.70 18.72 3.50 -72.75 10.65 -66.30 7.48
1684258790639872 0.00 0.00 0.00 0.00 23.26 2.70 19.97 3.34 -79.64 10.25 -69.44 8.75
1684258790656130 0.00 0.00 0.00 0.00 24.52 2.69 21.07 3.02 -77.09 9.92 -73.03 9.98
1684258790672969 0.00 0.00 0.00 0.00 25.82 -4.87 22.48 2.07 -65.24 18.87 -72.77 12.32
1684258790688925 0.00 0.00 0.00 0.00 27.04 2.68 23.58 1.75 -88.75 59.52 -76.91 17.43
1684258790705430 0.00 0.00 0.00 0.00 24.49 11.46 24.05 2.84 -66.67 19.28 -77.12 19.82
1684258790721164 0.00 0.00 0.00 0.00 28.35 -6.14 24.84 1.74 -29.68 -69.54 -71.09 9.87
1684258790737472 0.00 0.00 0.00 0.00 30.83 1.40 25.95 1.58 -48.58 67.79 -66.05 15.84
1684258790754248 0.00 0.00 0.00 0.00 30.83 1.40 26.89 1.41 -65.73 9.68 -65.17 15.72
1684258790770474 0.00 0.00 0.00 0.00 33.36 1.39 28.15 1.25 -58.28 9.97 -62.50 15.69
1684258790786986 0.00 0.00 0.00 0.00 32.10 0.14 29.10 0.93 -76.40 9.89 -62.42 15.68
1684258790802583 0.00 0.00 0.00 0.00 33.36 0.13 30.04 1.56 -60.72 20.45 -61.85 15.88
1684258790820440 0.00 0.00 0.00 0.00 33.36 1.39 30.83 1.40 -52.80 -35.00 -57.36 4.06
1684258790835395 0.00 0.00 0.00 0.00 33.36 1.39 31.94 0.14 -52.79 10.77 -55.62 3.00
1684258790851987 0.00 0.00 0.00 0.00 33.40 -7.43 32.57 -0.02 -66.81 75.87 -60.26 21.18
1684258790868267 0.00 0.00 0.00 0.00 37.14 2.63 33.36 0.13 -38.78 9.86 -59.04 13.94
1684258790885280 0.00 0.00 0.00 0.00 33.36 0.13 33.68 -0.03 -46.39 -9.03 -56.62 11.60
1684258790901852 0.00 0.00 0.00 0.00 33.36 0.13 33.68 -0.19 -19.10 9.58 -51.72 11.55
1684258790917125 0.00 0.00 0.00 0.00 33.32 10.18 33.83 1.07 -0.05 10.30 -42.18 11.60
1684258790933007 0.00 0.00 0.00 0.00 34.62 1.38 33.99 1.23 -9.61 -79.06 -35.79 -0.84
1684258790949791 0.00 0.00 0.00 0.00 34.61 2.64 34.15 1.38 -9.37 -9.33 -30.36 2.37
1684258790965453 0.00 0.00 0.00 0.00 35.89 0.12 34.46 1.22 -10.04 -9.99 -25.02 -0.22
1684258790981968 0.00 0.00 0.00 0.00 33.36 0.13 34.46 2.17 -19.18 9.61 -19.06 -8.51
1684258790997847 0.00 0.00 0.00 0.00 33.37 -1.13 33.99 1.70 0.27 -59.51 -14.18 -17.18
1684258791013273 0.00 0.00 0.00 0.00 33.37 -1.13 33.99 1.54 30.59 30.46 -4.56 -12.24
1684258791029265 0.00 0.00 0.00 0.00 33.36 1.39 33.99 1.70 -0.05 9.84 -2.18 -12.21
1684258791046114 0.00 0.00 0.00 0.00 33.36 0.13 33.99 0.44 0.04 -9.34 -2.17 -14.66
1684258791062265 0.00 0.00 0.00 0.00 33.36 0.13 33.83 0.29 -0.33 77.78 -1.01 4.94
1684258791078595 0.00 0.00 0.00 0.00 33.37 -1.13 33.68 -0.18 9.63 9.59 1.37 7.30
1684258791097091 0.00 0.00 0.00 0.00 33.36 0.13 33.36 -0.18 8.42 25.47 3.68 11.74
1684258791110685 0.00 0.00 0.00 0.00 35.88 1.38 33.68 -0.03 23.24 -0.11 8.98 10.52
1684258791126946 0.00 0.00 0.00 0.00 33.36 0.13 33.68 0.13 -19.39 -9.58 6.52 16.76
1684258791143463 0.00 0.00 0.00 0.00 32.13 -6.16 33.52 -0.50 0.05 -9.53 2.70 11.77
1684258791159732 0.00 0.00 0.00 0.00 33.35 2.65 33.52 -0.34 9.52 38.68 3.90 15.37
1684258791175457 0.00 0.00 0.00 0.00 30.87 -6.16 33.21 -1.13 0.05 -10.00 3.90 15.29
1684258791193098 0.00 0.00 0.00 0.00 30.80 8.94 32.89 -0.03 17.67 44.55 6.15 11.13
1684258791208360 0.00 0.00 0.00 0.00 30.84 0.14 32.57 0.13 21.01 -72.12 7.57 0.92
1684258791224752 0.00 0.00 0.00 0.00 32.13 -7.42 32.42 -0.81 19.31 -9.70 8.93 -3.47
1684258791240909 0.00 0.00 0.00 0.00 30.84 0.14 31.79 -0.97 9.49 58.45 7.21 3.84
1684258791256843 0.00 0.00 0.00 0.00 32.12 -4.90 31.63 -1.60 39.60 9.68 14.59 6.25
1684258791275219 0.00 0.00 0.00 0.00 30.84 0.14 31.47 -0.81 8.42 34.23 15.63 11.72
1684258791289416 0.00 0.00 0.00 0.00 29.57 0.15 31.00 -1.12 11.39 -55.52 15.87 -0.05
1684258791306234 0.00 0.00 0.00 0.00 29.57 1.41 30.84 -0.17 28.07 18.56 19.37 3.52
1684258791322749 0.00 0.00 0.00 0.00 28.31 1.41 30.53 -1.11 9.84 -57.26 18.39 -9.21
1684258791338500 0.00 0.00 0.00 0.00 28.30 2.67 30.21 -0.80 19.76 59.69 18.24 7.27
1684258791355169 0.00 0.00 0.00 0.00 28.31 1.41 29.73 0.31 19.02 -18.96 18.20 6.11
1684258791371510 0.00 0.00 0.00 0.00 29.61 -6.15 29.58 -0.48 29.29 -67.61 20.67 -9.65
1684258791386980 0.00 0.00 0.00 0.00 28.30 2.67 29.10 0.47 9.93 50.86 16.97 -4.50
1684258791404619 0.00 0.00 0.00 0.00 27.04 2.68 28.62 0.78 27.10 -53.67 19.30 -15.49
1684258791419659 0.00 0.00 0.00 0.00 27.04 2.68 28.31 1.10 31.55 -21.06 21.82 -11.18
1684258791436092 0.00 0.00 0.00 0.00 29.56 2.67 28.31 1.26 19.28 -19.23 20.72 -15.90
1684258791453953 0.00 0.00 0.00 0.00 24.52 3.95 27.83 1.57 0.04 -8.80 19.50 -9.85
1684258791468728 0.00 0.00 0.00 0.00 25.77 3.94 27.52 1.73 32.07 -21.41 21.04 -19.98
1684258791486513 0.00 0.00 0.00 0.00 25.78 2.68 27.20 1.89 17.75 -8.91 20.88 -18.73
1684258791501076 0.00 0.00 0.00 0.00 25.77 3.94 26.72 3.15 21.68 -10.89 19.93 -11.64
1684258791517346 0.00 0.00 0.00 0.00 27.03 3.93 26.56 3.31 29.44 -77.51 22.36 -27.69
1684258791533254 0.00 0.00 0.00 0.00 24.52 3.95 26.25 3.47 9.95 -9.92 20.22 -22.22
1684258791549493 0.00 0.00 0.00 0.00 24.52 3.95 25.93 3.62 19.43 -9.76 18.71 -20.80
1684258791565757 0.00 0.00 0.00 0.00 23.26 3.95 25.15 3.79 19.40 -9.74 18.72 -19.62
1684258791582022 0.00 0.00 0.00 0.00 23.26 2.70 24.99 3.63 48.44 -9.88 24.77 -19.75
1684258791598558 0.00 0.00 0.00 0.00 23.29 -3.59 24.68 2.69 9.46 9.45 21.94 -15.90
1684258791618352 0.00 0.00 0.00 0.00 23.29 -2.33 24.37 2.06 15.66 47.58 21.68 -8.83
1684258791631344 0.00 0.00 0.00 0.00 23.26 3.95 24.05 2.06 23.97 48.29 21.97 -1.44
1684258791648088 0.00 0.00 0.00 0.00 23.26 2.70 23.58 1.91 18.78 -0.08 20.63 8.24
1684258791666618 0.00 0.00 0.00 0.00 23.26 2.70 23.43 1.75 25.43 8.35 22.57 10.53
1684258791679616 0.00 0.00 0.00 0.00 23.26 3.95 23.27 1.75 12.04 12.02 21.65 13.25
1684258791696264 0.00 0.00 0.00 0.00 24.53 1.43 23.43 1.44 9.44 -0.04 20.40 14.46
1684258791712669 0.00 0.00 0.00 0.00 23.28 0.18 23.43 1.12 -9.67 19.18 13.14 18.09
1684258791729691 0.00 0.00 0.00 0.00 23.26 3.95 23.42 2.07 -0.09 18.46 11.94 19.22
1684258791746315 0.00 0.00 0.00 0.00 24.53 1.43 23.58 2.54 0.27 -56.74 10.02 6.18
1684258791763904 0.00 0.00 0.00 0.00 23.28 0.18 23.58 2.07 -8.81 -26.78 5.92 -3.20
1684258791777933 0.00 0.00 0.00 0.00 23.28 0.18 23.58 1.75 -0.15 33.58 3.56 1.00
1684258791794266 0.00 0.00 0.00 0.00 23.28 0.18 23.58 1.44 -0.09 19.23 0.37 2.36
1684258791809935 0.00 0.00 0.00 0.00 23.26 2.70 23.58 1.28 -0.09 20.05 -1.15 3.37
1684258791826132 0.00 0.00 0.00 0.00 24.53 0.18 23.59 1.12 -0.04 9.69 -2.33 4.58
1684258791845143 0.00 0.00 0.00 0.00 23.28 -1.08 23.59 0.97 -0.04 8.27 -1.13 3.22
1684258791860049 0.00 0.00 0.00 0.00 25.79 1.43 23.90 0.65 -0.05 10.55 -1.13 2.23
1684258791874600 0.00 0.00 0.00 0.00 25.79 1.43 24.06 0.65 -21.71 21.68 -3.87 12.03
1684258791893514 0.00 0.00 0.00 0.00 24.53 0.18 24.22 0.65 -8.32 0.04 -3.81 15.39
1684258791908514 0.00 0.00 0.00 0.00 24.53 0.18 24.37 0.65 -10.48 0.05 -5.10 11.19
1684258791923442 0.00 0.00 0.00 0.00 22.02 0.19 24.22 0.65 -10.53 0.05 -6.41 8.80
1684258791939583 0.00 0.00 0.00 0.00 24.53 0.18 24.38 0.33 9.73 -0.05 -5.18 6.29
1684258791956587 0.00 0.00 0.00 0.00 25.79 0.17 24.53 0.33 -9.33 18.52 -6.34 7.39
1684258791974049 0.00 0.00 0.00 0.00 24.52 2.69 24.69 0.80 -9.01 0.05 -7.46 6.36
1684258791988647 0.00 0.00 0.00 0.00 25.79 1.43 24.69 0.80 -10.61 -32.24 -8.78 1.01
1684258792004759 0.00 0.00 0.00 0.00 25.79 1.43 24.69 0.80 0.00 0.00 -6.07 -1.70
1684258792020712 0.00 0.00 0.00 0.00 24.53 1.43 24.69 0.96 0.00 0.00 -5.03 -1.70
1684258792036020 0.00 0.00 0.00 0.00 25.79 1.43 24.84 1.12 0.05 -10.27 -3.71 -2.99
1684258792052817 0.00 0.00 0.00 0.00 24.52 2.69 25.16 1.43 -9.32 -9.31 -3.56 -4.16
1684258792068586 0.00 0.00 0.00 0.00 25.79 1.43 25.31 1.59 -19.84 -19.83 -7.26 -6.64
1684258792090391 0.00 0.00 0.00 0.00 25.77 3.94 25.31 2.06 -7.18 -7.17 -6.99 -9.85
1684258792102484 0.00 0.00 0.00 0.00 25.79 1.43 25.47 1.90 0.19 -38.97 -5.84 -14.72
1684258792118751 0.00 0.00 0.00 0.00 24.52 2.69 25.31 2.06 -9.72 9.70 -5.73 -9.48
1684258792134011 0.00 0.00 0.00 0.00 25.78 2.68 25.31 2.21 10.36 -10.34 -4.43 -10.77
1684258792150554 0.00 0.00 0.00 0.00 25.78 2.68 25.47 2.37 0.05 -9.49 -4.43 -11.96
1684258792167025 0.00 0.00 0.00 0.00 24.53 1.43 25.31 2.37 -9.50 -9.49 -5.62 -11.86
1684258792182807 0.00 0.00 0.00 0.00 24.52 2.69 25.31 2.37 9.97 -0.05 -3.21 -10.71
1684258792199739 0.00 0.00 0.00 0.00 23.24 7.71 24.99 3.16 0.00 0.00 -0.73 -8.23
1684258792215792 0.00 0.00 0.00 0.00 23.26 2.70 24.68 3.00 19.80 -48.93 2.64 -13.45
1684258792231562 0.00 0.00 0.00 0.00 22.01 1.45 24.21 3.00 19.89 9.86 5.11 -7.34
1684258792247929 0.00 0.00 0.00 0.00 23.26 2.70 24.05 3.00 28.81 -0.14 9.92 -8.57
1684258792263436 0.00 0.00 0.00 0.00 24.52 2.69 23.89 3.01 10.14 -0.05 9.89 -7.29
1684258792280722 0.00 0.00 0.00 0.00 23.26 2.70 23.58 3.01 9.10 -0.04 11.03 -6.10
1684258792296934 0.00 0.00 0.00 0.00 24.55 -3.60 23.58 2.38 19.40 -0.09 14.64 -4.93
1684258792313202 0.00 0.00 0.00 0.00 24.50 8.96 23.58 3.16 -0.20 38.69 13.37 -0.09
1684258792328873 0.00 0.00 0.00 0.00 24.56 -4.86 23.74 1.59 0.20 -50.00 13.39 -6.34
1684258792345341 0.00 0.00 0.00 0.00 23.26 2.70 23.74 1.59 -9.99 95.43 9.67 11.71
1684258792364707 0.00 0.00 0.00 0.00 23.26 2.70 23.90 1.75 -0.00 0.00 7.18 10.48
1684258792377536 0.00 0.00 0.00 0.00 22.01 1.45 23.74 1.59 -12.19 -12.18 2.06 8.97
1684258792396165 0.00 0.00 0.00 0.00 23.27 1.44 23.59 1.43 8.39 8.39 1.84 10.02
1684258792411643 0.00 0.00 0.00 0.00 23.27 1.44 23.59 1.28 10.11 10.10 1.97 11.29
1684258792431533 0.00 0.00 0.00 0.00 23.27 1.44 23.43 1.91 -0.04 7.89 -0.46 12.29
1684258792443578 0.00 0.00 0.00 0.00 23.28 0.18 23.27 0.81 13.32 -52.31 1.23 0.92
1684258792458856 0.00 0.00 0.00 0.00 22.02 0.19 22.96 1.44 9.98 71.80 2.45 16.14
1684258792476212 0.00 0.00 0.00 0.00 24.53 1.43 23.11 1.28 18.30 -36.37 5.98 -0.34
1684258792491785 0.00 0.00 0.00 0.00 23.27 1.44 23.11 1.13 -10.14 10.13 4.72 0.93
1684258792507663 0.00 0.00 0.00 0.00 24.53 1.43 23.43 1.12 -0.05 9.89 6.23 3.69
1684258792526969 0.00 0.00 0.00 0.00 23.28 0.18 23.43 0.97 -16.28 0.08 3.15 2.65
1684258792541528 0.00 0.00 0.00 0.00 23.27 1.44 23.43 0.97 -0.05 10.79 1.88 2.74
1684258792557151 0.00 0.00 0.00 0.00 24.53 0.18 23.59 0.81 0.00 0.00 1.88 1.75
1684258792574769 0.00 0.00 0.00 0.00 23.27 1.44 23.59 0.97 -8.97 8.96 -0.90 9.41
1684258792590037 0.00 0.00 0.00 0.00 23.28 0.18 23.74 0.97 0.05 -10.29 -2.14 -0.85
1684258792605402 0.00 0.00 0.00 0.00 23.28 0.18 23.59 0.81 -10.22 0.05 -5.71 3.70
1684258792623168 0.00 0.00 0.00 0.00 23.27 1.44 23.59 0.81 8.81 8.80 -3.34 3.54
1684258792638193 0.00 0.00 0.00 0.00 23.27 1.44 23.43 0.81 0.00 0.00 -3.33 2.30
1684258792653857 0.00 0.00 0.00 0.00 23.27 1.44 23.43 0.97 10.04 -0.05 -0.04 2.28
1684258792670054 0.00 0.00 0.00 0.00 24.52 2.69 23.59 1.12 0.05 -9.70 -0.03 -0.28
1684258792689162 0.00 0.00 0.00 0.00 23.26 2.70 23.43 1.44 -8.19 -8.18 -1.06 -1.30
1684258792705787 0.00 0.00 0.00 0.00 23.26 2.70 23.43 1.60 9.55 -18.94 1.26 -4.79
1684258792720020 0.00 0.00 0.00 0.00 23.25 5.21 23.42 2.22 0.05 -11.03 1.26 -4.88
1684258792736113 0.00 0.00 0.00 0.00 23.26 2.70 23.42 2.54 0.18 -39.01 2.56 -9.76
1684258792752163 0.00 0.00 0.00 0.00 23.26 3.95 23.42 2.85 0.09 -19.57 1.47 -13.31
1684258792767623 0.00 0.00 0.00 0.00 23.26 2.70 23.42 3.01 0.09 -20.31 1.48 -15.85
1684258792784269 0.00 0.00 0.00 0.00 23.26 2.70 23.42 3.17 0.04 -9.43 0.23 -17.02
1684258792800009 0.00 0.00 0.00 0.00 23.26 3.95 23.26 3.32 0.05 -9.98 0.23 -17.06
1684258792817171 0.00 0.00 0.00 0.00 23.26 3.95 23.26 3.48 9.20 -9.18 2.41 -17.18
1684258792833000 0.00 0.00 0.00 0.00 23.26 3.95 23.26 3.64 0.04 -9.91 1.22 -16.05
1684258792855652 0.00 0.00 0.00 0.00 23.26 3.95 23.26 3.48 0.03 -6.93 1.22 -15.54
1684258792867947 0.00 0.00 0.00 0.00 25.75 10.21 23.57 4.42 -0.05 12.75 1.19 -9.07
1684258792882492 0.00 0.00 0.00 0.00 23.26 3.95 23.57 4.42 -21.36 -64.54 -1.50 -14.69
1684258792897649 0.00 0.00 0.00 0.00 23.26 2.70 23.57 4.42 0.00 0.00 -1.51 -12.15
1684258792914968 0.00 0.00 0.00 0.00 22.00 3.96 23.41 4.58 -0.00 0.00 -1.51 -10.97
1684258792930375 0.00 0.00 0.00 0.00 23.26 3.95 23.41 4.58 10.24 -10.23 -0.24 -11.00
1684258792948408 0.00 0.00 0.00 0.00 23.29 -3.59 23.42 3.63 0.00 0.00 -1.39 -9.86
1684258792963002 0.00 0.00 0.00 0.00 23.26 2.70 23.42 3.48 -0.31 64.63 -1.43 -0.54
1684258792979872 0.00 0.00 0.00 0.00 23.26 2.70 23.42 3.32 -0.04 9.30 -1.44 1.49
1684258792999031 0.00 0.00 0.00 0.00 23.26 3.95 23.11 2.54 -0.04 8.19 -1.44 0.92
1684258793010807 0.00 0.00 0.00 0.00 23.26 2.70 23.11 2.38 26.44 66.40 4.54 17.29
1684258793028135 0.00 0.00 0.00 0.00 23.29 -3.59 23.11 1.59 -0.04 9.05 4.53 18.42
1684258793044456 0.00 0.00 0.00 0.00 22.01 1.45 23.11 1.28 -0.24 48.18 4.50 24.44
1684258793060139 0.00 0.00 0.00 0.00 22.05 -6.11 22.96 0.02 -0.09 20.01 3.21 28.22
1684258793076878 0.00 0.00 0.00 0.00 22.01 1.45 22.80 0.65 9.02 75.14 4.34 37.61
1684258793092368 0.00 0.00 0.00 0.00 24.53 1.43 22.96 0.50 10.34 -40.67 5.67 24.45
1684258793108136 0.00 0.00 0.00 0.00 22.02 0.19 22.80 0.18 -10.02 10.01 4.42 24.54
1684258793124647 0.00 0.00 0.00 0.00 22.01 1.45 22.65 -0.13 9.43 18.98 5.61 25.89
1684258793140829 0.00 0.00 0.00 0.00 23.28 0.18 22.65 -0.45 9.62 19.35 3.50 20.01
1684258793156877 0.00 0.00 0.00 0.00 22.02 0.19 22.49 0.03 -0.09 19.58 3.50 21.32
1684258793174015 0.00 0.00 0.00 0.00 22.02 0.19 22.49 -0.13 9.30 -27.59 4.69 11.85
1684258793189455 0.00 0.00 0.00 0.00 23.27 1.44 22.64 0.81 -0.05 10.18 4.70 10.62
1684258793206238 0.00 0.00 0.00 0.00 22.01 1.45 22.64 0.81 -9.09 -56.24 2.43 -5.80
1684258793223712 0.00 0.00 0.00 0.00 23.26 2.70 22.49 0.97 0.00 0.00 1.14 -0.72
1684258793238430 0.00 0.00 0.00 0.00 22.01 1.45 22.49 1.13 10.73 -10.72 3.73 -3.31
1684258793254487 0.00 0.00 0.00 0.00 22.01 1.45 22.49 1.13 0.05 -9.78 2.56 -6.90
1684258793270976 0.00 0.00 0.00 0.00 22.01 1.45 22.33 1.29 0.00 0.00 1.36 -9.32
1684258793287348 0.00 0.00 0.00 0.00 20.76 0.19 22.17 1.29 9.64 -9.64 2.57 -12.98
1684258793303366 0.00 0.00 0.00 0.00 22.01 2.70 22.17 1.60 9.80 -0.05 2.64 -9.53
1684258793321242 0.00 0.00 0.00 0.00 25.78 2.68 22.48 1.76 0.08 -17.57 2.65 -13.00
1684258793336012 0.00 0.00 0.00 0.00 23.26 2.70 22.64 1.91 -21.24 -10.53 1.13 -7.29
1684258793352104 0.00 0.00 0.00 0.00 23.26 2.70 22.64 1.91 -9.72 -9.71 -0.08 -8.50
1684258793371333 0.00 0.00 0.00 0.00 25.78 2.68 23.11 2.07 0.00 0.00 -1.42 -7.16
1684258793386790 0.00 0.00 0.00 0.00 22.04 -4.85 23.11 1.28 -30.46 -10.02 -5.24 -7.19
1684258793401105 0.00 0.00 0.00 0.00 22.00 3.96 23.11 1.60 -0.27 54.97 -5.27 -0.32
1684258793416591 0.00 0.00 0.00 0.00 22.01 2.70 23.27 1.91 0.09 -20.27 -6.46 -1.65
1684258793433351 0.00 0.00 0.00 0.00 24.52 3.95 23.58 2.06 -9.28 -18.70 -8.85 -3.98
1684258793451817 0.00 0.00 0.00 0.00 23.26 3.95 23.27 2.22 -16.98 -8.42 -10.98 -2.83
1684258793466941 0.00 0.00 0.00 0.00 27.01 10.20 23.73 3.16 20.84 -10.47 -5.72 -2.83
1684258793482731 0.00 0.00 0.00 0.00 23.26 3.95 23.73 3.32 -29.64 -59.43 -8.21 -9.04
1684258793502235 0.00 0.00 0.00 0.00 23.25 6.46 23.42 3.79 0.04 -8.04 -8.21 -10.05
1684258793514540 0.00 0.00 0.00 0.00 23.27 1.44 23.57 4.58 25.72 -38.34 -1.19 -13.59
1684258793531669 0.00 0.00 0.00 0.00 23.26 2.70 23.73 4.42 -8.95 -45.89 -2.27 -26.19
1684258793548818 0.00 0.00 0.00 0.00 25.81 -3.61 24.20 3.63 -9.20 9.19 -3.43 -22.51
1684258793563731 0.00 0.00 0.00 0.00 22.00 3.96 23.89 3.63 -31.89 52.89 -6.26 -13.57
1684258793580916 0.00 0.00 0.00 0.00 24.52 2.69 24.05 3.47 18.28 -0.08 -1.85 -12.52
1684258793596343 0.00 0.00 0.00 0.00 23.30 -4.86 23.58 1.59 -10.23 10.22 -5.73 -9.94
1684258793613800 0.00 0.00 0.00 0.00 23.27 1.44 23.59 1.28 26.55 107.82 1.29 10.97
1684258793628765 0.00 0.00 0.00 0.00 23.27 1.44 23.59 0.65 -0.09 20.98 1.27 14.60
1684258793646749 0.00 0.00 0.00 0.00 20.76 1.45 23.27 0.65 -0.15 34.89 -1.96 23.75
1684258793662457 0.00 0.00 0.00 0.00 22.02 0.19 23.12 0.34 19.99 -0.09 1.66 29.48
1684258793677329 0.00 0.00 0.00 0.00 20.76 1.45 22.49 0.97 10.46 21.07 4.11 30.96
1684258793698169 0.00 0.00 0.00 0.00 22.02 0.19 22.49 0.50 30.32 -30.34 11.89 20.56
1684258793711035 0.00 0.00 0.00 0.00 22.02 0.19 22.18 0.19 -0.16 36.60 9.58 25.14
1684258793725894 0.00 0.00 0.00 0.00 22.02 0.19 22.02 0.82 21.05 21.04 13.50 26.50
1684258793742053 0.00 0.00 0.00 0.00 22.01 1.45 21.86 0.82 9.92 -39.02 11.42 8.14
1684258793759129 0.00 0.00 0.00 0.00 20.76 1.45 21.55 0.82 9.20 -0.04 12.58 5.51
1684258793775251 0.00 0.00 0.00 0.00 20.77 -1.06 21.55 0.50 19.48 -0.09 15.03 1.14
1684258793791076 0.00 0.00 0.00 0.00 23.28 0.18 21.70 0.50 -0.09 19.86 12.52 3.64
1684258793808615 0.00 0.00 0.00 0.00 22.02 0.19 21.86 0.35 -8.96 0.04 10.09 1.01
1684258793825172 0.00 0.00 0.00 0.00 22.06 -7.37 21.87 -0.60 -9.52 9.53 5.11 5.99
1684258793840428 0.00 0.00 0.00 0.00 20.76 0.19 21.71 -0.60 -0.30 61.96 5.10 9.16
1684258793858506 0.00 0.00 0.00 0.00 20.76 1.45 21.55 -0.44 8.68 -0.04 3.55 6.53
1684258793872242 0.00 0.00 0.00 0.00 22.02 0.19 21.55 -0.60 11.48 -11.49 3.75 9.97
1684258793888356 0.00 0.00 0.00 0.00 22.02 0.19 21.71 -0.76 -0.05 9.75 2.59 11.19
1684258793905350 0.00 0.00 0.00 0.00 22.04 -3.59 21.87 -1.07 -9.28 9.29 -1.00 12.36
1684258793922004 0.00 0.00 0.00 0.00 22.02 0.19 21.71 -1.07 -9.52 18.95 -2.18 12.25
1684258793937467 0.00 0.00 0.00 0.00 22.01 1.45 21.71 -0.91 10.16 -0.05 0.21 12.24
1684258793955410 0.00 0.00 0.00 0.00 20.76 1.45 21.55 0.19 0.04 -8.76 1.40 9.95
1684258793970314 0.00 0.00 0.00 0.00 19.51 0.20 21.39 0.19 10.89 -74.01 2.80 -7.04
1684258793987678 0.00 0.00 0.00 0.00 19.50 1.46 21.23 0.19 9.03 -0.04 2.84 -7.04
1684258794002063 0.00 0.00 0.00 0.00 21.98 10.22 21.23 1.44 10.90 -0.05 2.77 -5.61
1684258794019205 0.00 0.00 0.00 0.00 18.25 1.46 20.76 1.60 0.28 -73.13 2.81 -15.97
1684258794033703 0.00 0.00 0.00 0.00 20.76 1.45 20.60 2.23 32.50 -10.98 8.04 -18.51
1684258794050492 0.00 0.00 0.00 0.00 19.50 1.46 20.28 2.39 9.53 -37.52 10.42 -25.57
1684258794066708 0.00 0.00 0.00 0.00 20.76 1.45 20.13 2.39 19.41 -9.78 11.57 -26.78
1684258794082962 0.00 0.00 0.00 0.00 19.50 2.71 19.97 2.55 9.66 -0.04 12.78 -25.69
1684258794099231 0.00 0.00 0.00 0.00 19.49 3.97 19.97 3.02 9.68 -9.69 12.62 -17.65
1684258794114767 0.00 0.00 0.00 0.00 16.99 2.72 19.65 3.18 0.12 -30.30 11.51 -21.44
1684258794131730 0.00 0.00 0.00 0.00 20.75 2.71 19.50 2.24 18.50 -9.32 12.46 -22.59
1684258794152783 0.00 0.00 0.00 0.00 20.75 2.71 19.81 2.40 7.29 44.59 13.34 -7.88
1684258794168435 0.00 0.00 0.00 0.00 20.75 2.71 19.81 2.55 -19.99 -9.95 6.77 -7.75
1684258794182773 0.00 0.00 0.00 0.00 18.24 2.72 19.66 2.71 0.05 -10.95 5.59 -4.43
1684258794196525 0.00 0.00 0.00 0.00 20.75 3.96 19.65 3.02 11.44 -11.46 4.59 -4.64
1684258794213166 0.00 0.00 0.00 0.00 20.75 2.71 19.81 3.02 0.08 -18.86 3.40 -6.99
1684258794229714 0.00 0.00 0.00 0.00 21.98 10.22 20.12 3.81 -9.48 0.04 1.00 -5.77
1684258794245427 0.00 0.00 0.00 0.00 20.75 2.71 20.59 3.80 -19.79 -49.73 -1.49 -8.20
1684258794261453 0.00 0.00 0.00 0.00 19.50 1.46 20.44 3.65 -29.33 0.11 -7.47 -7.02
1684258794278108 0.00 0.00 0.00 0.00 20.76 1.45 20.44 3.49 9.38 9.38 -7.21 -11.43
1684258794298406 0.00 0.00 0.00 0.00 22.01 2.70 20.59 3.49 -0.03 7.73 -4.71 -9.22
1684258794310587 0.00 0.00 0.00 0.00 20.76 1.45 20.91 3.33 -12.88 0.05 -6.33 -7.84
1684258794326550 0.00 0.00 0.00 0.00 20.76 0.19 20.91 2.86 -19.68 9.91 -10.22 -5.17
1684258794343437 0.00 0.00 0.00 0.00 22.01 2.70 21.07 2.86 -0.12 27.88 -10.24 0.67
1684258794360683 0.00 0.00 0.00 0.00 20.79 -4.84 20.92 0.98 -9.10 0.04 -10.19 0.67
1684258794376543 0.00 0.00 0.00 0.00 19.50 1.46 20.76 0.82 9.41 118.69 -6.54 21.73
1684258794391913 0.00 0.00 0.00 0.00 20.76 0.19 20.92 0.66 10.16 10.17 -1.61 22.98
1684258794412633 0.00 0.00 0.00 0.00 22.02 0.19 21.08 0.51 -7.60 7.61 -3.73 22.76
1684258794427424 0.00 0.00 0.00 0.00 22.02 0.19 21.08 0.19 -10.66 10.67 -5.06 23.13
1684258794440768 0.00 0.00 0.00 0.00 20.76 0.19 21.08 0.03 -0.11 23.54 -3.46 26.06
1684258794460417 0.00 0.00 0.00 0.00 23.28 0.18 21.39 0.03 -0.04 8.00 -1.01 25.83
1684258794472856 0.00 0.00 0.00 0.00 23.28 0.18 21.55 -0.28 -25.25 0.12 -4.15 22.35
1684258794491470 0.00 0.00 0.00 0.00 19.51 0.20 21.39 0.35 -8.52 16.91 -4.08 24.46
1684258794505404 0.00 0.00 0.00 0.00 20.76 0.19 21.55 0.19 11.47 -45.24 -3.82 3.97
1684258794522548 0.00 0.00 0.00 0.00 20.76 0.19 21.55 0.19 -9.19 9.20 -6.24 3.85
1684258794538214 0.00 0.00 0.00 0.00 22.05 -6.11 21.55 -0.60 0.00 0.00 -5.29 2.90
1684258794554921 0.00 0.00 0.00 0.00 19.51 0.20 21.24 -0.60 -0.23 47.13 -3.98 7.46
1684258794570414 80.00 0.00 0.00 0.00 20.80 -8.63 21.24 -1.70 20.26 -0.09 -1.44 4.50
1684258794586595 80.00 0.00 0.00 0.00 19.50 1.46 20.77 -1.54 -0.32 68.18 -1.47 12.03
1684258794602967 80.00 0.00 0.00 0.00 19.50 1.46 20.30 -1.38 28.81 -9.73 5.28 10.80
1684258794620556 80.00 0.00 0.00 0.00 20.76 1.45 20.46 -1.22 26.81 -9.05 9.70 7.55
1684258794635129 80.00 0.00 0.00 0.00 18.25 0.21 20.14 -1.22 -10.72 -10.73 6.93 11.86
1684258794653633 80.00 0.00 0.00 0.00 19.50 1.46 19.99 -1.06 16.95 -0.07 10.19 10.70
1684258794667876 80.00 0.00 0.00 0.00 19.50 1.46 19.67 -0.12 11.06 -11.08 11.58 9.32
1684258794684396 80.00 0.00 0.00 0.00 19.51 0.20 19.67 -0.12 19.27 -57.26 14.01 -3.73
1684258794700956 80.00 0.00 0.00 0.00 19.50 2.71 19.50 1.30 -0.00 0.00 11.48 -3.72
1684258794717301 80.00 0.00 0.00 0.00 19.50 1.46 19.50 1.30 9.99 -86.74 12.77 -23.08
1684258794733539 80.00 0.00 0.00 0.00 22.01 1.45 19.82 1.30 -0.00 0.00 9.17 -21.87
1684258794749535 80.00 0.00 0.00 0.00 22.01 1.45 19.97 1.30 -19.62 0.09 3.37 -20.72
1684258794765463 80.00 0.00 0.00 0.00 22.01 2.70 20.44 1.61 -9.85 0.04 3.48 -19.38
1684258794783284 80.00 0.00 0.00 0.00 22.00 3.96 20.76 1.92 -26.33 -17.51 -1.93 -21.56
1684258794797600 80.00 0.00 0.00 0.00 22.04 -4.85 21.07 1.13 -21.82 -21.83 -6.04 -22.90
1684258794815153 80.00 0.00 0.00 0.00 22.01 2.70 21.39 1.45 -18.09 44.90 -10.71 -10.13
1684258794831205 80.00 0.00 0.00 0.00 23.26 2.70 21.86 1.44 -19.46 -19.48 -13.15 -12.57
1684258794846899 80.00 0.00 0.00 0.00 23.29 -2.33 22.33 0.97 -30.00 0.13 -18.15 -1.71
1684258794863597 80.00 0.00 0.00 0.00 28.35 -6.14 23.12 0.02 -28.34 28.38 -21.69 1.84
1684258794879767 80.00 0.00 0.00 0.00 25.75 10.21 23.59 1.12 -48.95 58.66 -25.36 9.16
1684258794896050 80.00 0.00 0.00 0.00 28.30 2.67 24.37 1.11 -28.68 -67.25 -27.71 0.75
1684258794911802 80.00 0.00 0.00 0.00 28.30 2.67 25.16 0.95 -49.93 0.23 -30.66 2.97
1684258794927814 80.00 0.00 0.00 0.00 29.57 1.41 26.10 1.73 -49.16 10.03 -34.08 6.95
1684258794945651 80.00 0.00 0.00 0.00 30.82 2.66 27.20 1.73 -52.72 -43.85 -38.41 -4.14
1684258794960413 80.00 0.00 0.00 0.00 30.82 2.66 28.15 1.72 -74.65 0.35 -45.30 -1.66
1684258794976669 80.00 0.00 0.00 0.00 32.05 10.19 29.25 3.29 -58.13 0.28 -48.82 -1.65
1684258794994655 80.00 0.00 0.00 0.00 33.35 2.65 29.87 4.39 -60.93 -87.02 -52.89 -16.07
1684258795008125 80.00 0.00 0.00 0.00 35.88 2.64 31.14 3.44 -46.44 -81.58 -52.58 -33.60
1684258795025270 80.00 0.00 0.00 0.00 35.88 1.38 32.08 3.28 -73.85 55.19 -58.23 -18.30
1684258795040927 80.00 0.00 0.00 0.00 35.88 2.64 33.03 3.28 -60.55 10.33 -59.55 -17.03
1684258795057170 80.00 0.00 0.00 0.00 40.94 2.62 34.45 3.43 -58.33 0.27 -60.70 -18.25
1684258795074244 80.00 0.00 0.00 0.00 40.94 1.36 35.72 3.27 -83.24 -8.86 -64.51 -13.88
1684258795091371 80.00 0.00 0.00 0.00 37.15 1.37 36.51 3.10 -73.84 9.48 -64.41 -12.74
1684258795106385 80.00 0.00 0.00 0.00 40.94 2.62 37.62 2.16 -52.66 10.71 -63.73 -11.43
1684258795122653 80.00 0.00 0.00 0.00 39.67 2.62 38.41 2.16 -68.24 58.15 -64.64 6.71
1684258795138882 80.00 0.00 0.00 0.00 39.68 1.36 38.88 2.00 -48.70 0.20 -64.93 16.93
1684258795155961 80.00 0.00 0.00 0.00 45.98 10.15 40.15 3.09 -27.80 9.31 -59.17 11.20
1684258795171211 80.00 0.00 0.00 0.00 45.98 0.09 41.41 2.78 -82.73 -71.92 -61.94 0.92
1684258795188787 80.00 0.00 0.00 0.00 44.71 8.90 41.88 3.56 -71.88 18.08 -63.64 3.15
1684258795203517 80.00 0.00 0.00 0.00 45.98 1.35 42.51 3.56 -32.06 -53.28 -57.24 -2.41
1684258795219807 80.00 0.00 0.00 0.00 45.98 10.15 43.61 4.66 -38.70 0.06 -52.85 -3.59
1684258795236090 80.00 0.00 0.00 0.00 48.46 -7.43 44.56 3.40 -67.77 -67.39 -54.73 -13.35
1684258795253643 80.00 0.00 0.00 0.00 49.70 -7.42 45.81 2.15 -53.60 71.52 -52.90 -11.68
1684258795269258 80.00 0.00 0.00 0.00 49.75 7.64 47.07 2.93 -80.31 80.36 -56.86 -1.66
1684258795290318 80.00 0.00 0.00 0.00 51.00 2.61 47.70 1.99 -59.81 -37.23 -60.86 -7.47
1684258795302177 80.00 0.00 0.00 0.00 51.00 6.38 48.32 2.77 -52.94 79.46 -57.13 11.45
1684258795317624 80.00 0.00 0.00 0.00 49.75 5.12 48.95 2.30 -40.63 -50.87 -53.23 2.83
1684258795336787 80.00 0.00 0.00 0.00 49.73 -2.41 49.42 1.83 -32.86 24.61 -53.33 12.57
1684258795349736 80.00 0.00 0.00 0.00 52.21 -3.65 50.20 0.11 -36.21 36.31 -53.02 17.10
1684258795366837 80.00 0.00 0.00 0.00 53.44 -3.64 50.82 0.58 -45.57 100.86 -50.24 38.13
1684258795381769 80.00 0.00 0.00 0.00 53.50 6.39 51.30 2.31 -41.68 -31.72 -48.75 25.22
1684258795399496 80.00 0.00 0.00 0.00 54.67 -3.62 51.91 0.90 -26.75 -97.33 -42.06 3.01
1684258795415447 80.00 0.00 0.00 0.00 52.21 -3.65 52.07 0.12 -38.55 88.24 -39.40 18.70
1684258795430768 80.00 0.00 0.00 0.00 54.68 -2.38 52.53 -0.98 -9.89 51.08 -34.02 15.15
1684258795447404 80.00 0.00 0.00 0.00 53.43 -4.89 52.99 -2.23 -27.65 65.80 -32.39 29.73
1684258795465051 80.00 0.00 0.00 0.00 55.88 -4.86 53.75 -2.54 -26.06 70.89 -31.54 35.52
1684258795479720 80.00 0.00 0.00 0.00 56.92 -13.49 54.34 -3.77 -52.37 20.86 -33.56 33.59
1684258795496143 80.00 0.00 0.00 0.00 55.94 1.39 54.65 -3.14 -35.83 74.92 -32.35 30.34
1684258795513339 80.00 0.00 0.00 0.00 58.11 -13.46 55.23 -5.62 -18.18 -36.51 -29.41 29.74
1684258795529781 80.00 0.00 0.00 0.00 59.48 -6.04 55.83 -5.92 -35.04 150.85 -30.45 60.77
1684258795545162 80.00 0.00 0.00 0.00 58.39 1.41 56.60 -5.29 -39.10 19.60 -30.52 52.19
1684258795561231 80.00 0.00 0.00 0.00 59.46 -7.27 57.20 -5.90 -48.06 -39.32 -35.29 40.89
1684258795577264 80.00 0.00 0.00 0.00 57.17 1.40 57.67 -5.12 -37.21 38.18 -36.48 37.43
1684258795593527 80.00 0.00 0.00 0.00 60.80 1.44 58.28 -4.33 -28.73 -48.28 -36.81 22.54
1684258795610294 80.00 0.00 0.00 0.00 60.70 -4.77 58.76 -3.24 -36.71 -46.92 -34.86 14.07
1684258795626724 80.00 0.00 0.00 0.00 60.65 -7.24 59.34 -4.32 -28.80 -66.32 -33.98 -3.59
1684258795641825 80.00 0.00 0.00 0.00 63.00 -7.18 59.96 -3.53 -38.93 71.44 -36.57 9.90
1684258795659621 80.00 0.00 0.00 0.00 63.00 -7.18 60.40 -3.68 -34.38 -44.08 -36.49 -14.46
1684258795675190 80.00 0.00 0.00 0.00 60.70 -4.77 60.69 -4.45 -28.26 9.19 -35.13 -15.76
1684258795691159 80.00 0.00 0.00 0.00 60.82 2.68 60.86 -3.20 -18.11 48.39 -31.39 -4.80
1684258795707464 80.00 0.00 0.00 0.00 65.40 -4.65 61.88 -3.96 -10.45 -76.33 -28.05 -19.11
1684258795725541 80.00 0.00 0.00 0.00 65.32 -7.11 62.45 -5.03 -56.90 41.83 -31.57 -7.85
1684258795740668 80.00 0.00 0.00 0.00 63.00 -7.18 62.74 -5.33 -37.34 70.59 -31.65 6.84
1684258795756917 80.00 0.00 0.00 0.00 65.09 -13.18 63.29 -6.07 -17.70 18.52 -30.26 17.44
1684258795772769 80.00 0.00 0.00 0.00 66.65 -0.93 63.75 -5.29 -35.03 46.84 -29.77 14.37
1684258795789483 80.00 0.00 0.00 0.00 65.32 -7.11 64.04 -5.28 -27.28 -46.76 -28.89 14.03
1684258795806499 80.00 0.00 0.00 0.00 64.17 -7.14 64.47 -5.58 -17.05 -0.55 -27.48 12.82
1684258795823314 80.00 0.00 0.00 0.00 66.65 -0.93 65.20 -6.03 -25.77 17.63 -28.44 8.97
1684258795837066 80.00 0.00 0.00 0.00 65.28 -8.33 65.19 -6.49 -53.00 32.83 -33.76 22.62
1684258795854707 80.00 0.00 0.00 0.00 66.47 -7.06 65.33 -6.48 0.82 26.04 -26.54 20.64
1684258795869941 80.00 0.00 0.00 0.00 67.61 -7.02 65.90 -6.46 -9.40 -0.34 -23.05 11.78
1684258795886752 80.00 0.00 0.00 0.00 66.47 -7.06 66.08 -5.70 -34.23 -1.19 -25.12 9.31
1684258795902621 80.00 0.00 0.00 0.00 65.32 -7.11 65.91 -6.47 -10.87 -48.21 -22.10 -2.57
1684258795919194 80.00 0.00 0.00 0.00 67.61 -7.02 66.20 -6.46 10.01 46.60 -17.44 9.10
1684258795934826 80.00 0.00 0.00 0.00 67.56 -8.24 66.62 -6.60 -18.25 -0.68 -17.59 9.09
1684258795953220 80.00 0.00 0.00 0.00 66.43 -8.28 66.59 -7.52 -23.05 7.43 -17.25 7.81
1684258795970258 80.00 0.00 0.00 0.00 65.89 -19.09 66.67 -8.86 1.65 53.97 -10.42 10.45
1684258795984032 80.00 0.00 0.00 0.00 67.56 -8.24 66.81 -9.01 -5.55 97.71 -11.21 19.41
1684258796000876 80.00 0.00 0.00 0.00 67.56 -8.24 66.80 -9.16 -8.09 8.70 -11.05 20.54
1684258796015733 80.00 0.00 0.00 0.00 68.57 -10.61 67.06 -9.60 0.39 10.24 -6.72 21.97
1684258796032438 80.00 0.00 0.00 0.00 70.03 -2.05 67.65 -8.97 -15.75 26.50 -7.33 31.31
1684258796048991 80.00 0.00 0.00 0.00 66.43 -8.28 67.50 -9.13 -35.51 -38.16 -13.02 20.71
1684258796066033 80.00 0.00 0.00 0.00 68.63 -9.40 67.64 -9.27 8.66 9.27 -9.66 21.96
1684258796081315 80.00 0.00 0.00 0.00 69.74 -9.34 68.05 -9.41 -8.76 9.50 -7.87 22.22
1684258796097886 80.00 0.00 0.00 0.00 69.74 -9.34 68.53 -8.19 -25.00 7.99 -11.20 16.47
1684258796114585 80.00 0.00 0.00 0.00 69.74 -9.34 68.80 -8.33 -28.79 -72.99 -14.10 -4.87
1684258796129660 80.00 0.00 0.00 0.00 70.50 -15.25 69.17 -9.20 -18.08 9.17 -15.35 -4.81
1684258796146093 80.00 0.00 0.00 0.00 70.03 -2.05 69.35 -8.13 -22.37 53.33 -18.20 0.58
1684258796164210 80.00 0.00 0.00 0.00 70.84 -9.29 69.45 -9.04 -10.01 -59.01 -17.48 -10.11
1684258796178099 80.00 0.00 0.00 0.00 71.14 -2.01 70.04 -8.25 -7.32 65.10 -13.96 2.79
1684258796195140 80.00 0.00 0.00 0.00 70.84 -9.29 70.32 -8.24 -34.57 -46.00 -19.36 -4.11
1684258796210325 80.00 0.00 0.00 0.00 70.84 -9.29 70.46 -8.23 -18.18 -0.93 -20.54 -5.42
1684258796227694 80.00 0.00 0.00 0.00 71.93 -9.22 70.73 -8.22 -7.91 -0.42 -18.40 -6.47
1684258796243040 80.00 0.00 0.00 0.00 71.99 -8.02 71.01 -8.05 -17.81 -0.97 -17.03 2.53
1684258796260175 80.00 0.00 0.00 0.00 73.07 -7.96 71.33 -7.14 -16.39 -9.63 -16.82 0.18
1684258796275894 80.00 0.00 0.00 0.00 73.18 -5.56 71.73 -7.58 -20.39 -57.93 -16.57 -13.72
1684258796292822 80.00 0.00 0.00 0.00 74.07 -9.10 72.13 -7.56 -23.31 25.88 -18.23 -3.11
1684258796307786 80.00 0.00 0.00 0.00 71.93 -9.22 72.23 -8.46 -26.96 -1.59 -20.69 -11.45
1684258796324912 80.00 0.00 0.00 0.00 72.55 -16.26 72.44 -9.33 -5.74 52.64 -17.09 0.88
1684258796340746 80.00 0.00 0.00 0.00 73.07 -7.96 72.72 -9.16 -13.53 55.09 -16.51 7.88
1684258796358846 80.00 0.00 0.00 0.00 74.07 -9.10 72.99 -9.15 -15.38 -9.13 -17.44 6.80
1684258796373320 80.00 0.00 0.00 0.00 72.32 0.47 73.03 -8.09 -18.49 -1.12 -17.52 6.78
1684258796390116 80.00 0.00 0.00 0.00 75.12 -9.03 73.29 -8.22 -2.50 -63.21 -15.79 0.08
1684258796405586 80.00 0.00 0.00 0.00 73.23 -4.35 73.29 -8.07 -16.60 8.59 -15.31 8.39
1684258796423090 80.00 0.00 0.00 0.00 76.16 -8.96 73.56 -8.05 -0.38 -8.62 -12.45 4.08
1684258796438798 80.00 0.00 0.00 0.00 76.23 -7.77 74.09 -7.87 -16.66 -1.11 -11.16 4.14
1684258796454748 80.00 0.00 0.00 0.00 75.12 -9.03 74.41 -6.96 -33.73 -11.42 -14.66 -3.87
1684258796470703 80.00 0.00 0.00 0.00 76.48 -2.98 74.84 -6.34 -20.11 -56.70 -15.48 -17.84
1684258796487989 80.00 0.00 0.00 0.00 76.16 -8.96 75.10 -6.32 -24.68 -36.02 -16.64 -21.20
1684258796503959 80.00 0.00 0.00 0.00 78.12 -9.98 75.83 -7.63 -16.38 -1.09 -16.38 -21.20
1684258796519868 80.00 0.00 0.00 0.00 78.20 -8.81 76.21 -7.60 -45.59 82.13 -21.77 -3.03
1684258796536353 80.00 0.00 0.00 0.00 78.56 -16.84 76.88 -9.17 -23.39 -1.67 -22.62 -4.31
1684258796551639 80.00 0.00 0.00 0.00 79.21 -8.73 77.26 -9.14 -43.54 102.17 -28.01 9.54
1684258796568537 80.00 0.00 0.00 0.00 77.52 -2.93 77.42 -8.53 -22.55 -1.69 -28.75 9.46
1684258796584616 80.00 0.00 0.00 0.00 80.20 -8.65 78.06 -8.48 -10.01 -37.64 -25.78 6.19
1684258796600046 80.00 0.00 0.00 0.00 80.20 -8.65 78.52 -9.19 -41.15 -3.07 -28.41 12.89
1684258796618847 80.00 0.00 0.00 0.00 80.20 -8.65 79.03 -9.15 -24.73 37.66 -28.42 22.10
1684258796641934 80.00 0.00 0.00 0.00 80.20 -8.65 79.29 -8.99 -21.87 -1.67 -29.10 22.03
1684258796654008 80.00 0.00 0.00 0.00 81.41 -5.05 79.69 -8.52 -21.47 -13.82 -26.09 10.03
1684258796666094 80.00 0.00 0.00 0.00 81.09 -9.73 80.00 -7.63 -33.17 -38.89 -27.31 5.38
1684258796681772 80.00 0.00 0.00 0.00 81.18 -8.56 80.25 -7.61 -20.18 -56.72 -24.39 -14.48
1684258796697536 80.00 0.00 0.00 0.00 82.06 -9.64 80.82 -8.45 -15.62 -1.29 -23.52 -14.43
1684258796714334 80.00 0.00 0.00 0.00 82.23 -7.31 81.07 -8.28 -33.77 49.97 -26.49 -3.48
