#Task Selector: 5
#PID Parameters: kp: 0.04, kd: 0.04, ki: 0.02
#n_pos: 8
#n_vel: 8
t x_ref y_ref vx_ref vy_ref x_raw y_raw x y vx_raw vy_raw vx vy
1684259304857839 0.00 0.00 0.00 0.00 6.99 9.00 0.87 1.12 0.00 0.00 0.00 0.00
1684259304857840 0.00 0.00 0.00 0.00 8.24 8.99 1.90 2.25 -53.35 -68.62 -6.67 -8.58
1684259304874547 0.00 0.00 0.00 0.00 9.49 8.99 3.09 3.37 -61.65 -67.30 -14.38 -16.99
1684259304901077 0.00 0.00 0.00 0.00 6.99 9.00 3.96 4.50 -44.69 -42.38 -19.96 -22.29
1684259304913356 0.00 0.00 0.00 0.00 8.24 8.99 4.99 5.62 -71.20 -91.59 -28.86 -33.74
1684259304926761 0.00 0.00 0.00 0.00 9.49 7.75 6.18 6.59 -76.83 -83.88 -38.47 -44.22
1684259304938957 0.00 0.00 0.00 0.00 6.99 9.00 7.05 7.71 -97.24 -79.39 -50.62 -54.14
1684259304957785 0.00 0.00 0.00 0.00 6.99 9.00 7.93 8.84 -46.44 -59.73 -56.43 -61.61
1684259304971194 0.00 0.00 0.00 0.00 6.99 9.00 7.93 8.84 -65.20 -83.87 -64.58 -72.09
1684259304987648 0.00 0.00 0.00 0.00 6.99 11.49 7.77 9.15 -0.00 0.00 -57.91 -63.51
1684259305004779 0.00 0.00 0.00 0.00 6.99 9.00 7.46 9.15 9.10 -18.21 -49.06 -57.38
1684259305019634 0.00 0.00 0.00 0.00 6.99 9.00 7.46 9.15 20.96 -0.02 -40.86 -52.08
1684259305034817 0.00 0.00 0.00 0.00 5.75 7.75 7.15 9.00 0.00 0.00 -31.96 -40.64
1684259305051955 0.00 0.00 0.00 0.00 5.75 7.75 6.68 9.00 18.16 9.09 -20.08 -29.01
1684259305068227 0.00 0.00 0.00 0.00 6.99 7.75 6.68 8.84 28.71 -0.02 -4.34 -19.09
1684259305084692 0.00 0.00 0.00 0.00 5.75 7.75 6.53 8.68 -0.01 9.48 1.47 -10.44
1684259305100521 0.00 0.00 0.00 0.00 7.00 -1.02 6.53 7.43 9.83 9.85 10.85 1.27
1684259305116446 0.00 0.00 0.00 0.00 5.75 6.50 6.37 6.81 -0.06 78.64 10.84 11.10
1684259305134560 0.00 0.00 0.00 0.00 7.00 6.50 6.37 6.50 8.58 34.44 10.77 17.68
1684259305150532 0.00 0.00 0.00 0.00 4.50 6.50 6.06 6.18 -0.01 19.55 8.15 20.13
1684259305165566 0.00 0.00 0.00 0.00 5.75 5.25 6.06 5.87 20.70 20.76 10.74 22.72
1684259305181894 0.00 0.00 0.00 0.00 5.75 4.00 6.06 5.40 -0.01 19.14 8.47 23.98
1684259305199563 0.00 0.00 0.00 0.00 5.75 2.74 5.91 4.78 -0.01 26.54 4.88 27.30
1684259305215026 0.00 0.00 0.00 0.00 7.00 2.74 6.06 4.15 10.05 40.45 6.13 31.17
1684259305231080 0.00 0.00 0.00 0.00 7.00 2.74 6.06 4.62 -9.73 38.97 3.69 34.81
1684259305246668 0.00 0.00 0.00 0.00 8.25 1.49 6.37 4.00 0.03 -30.20 3.70 21.21
1684259305263244 0.00 0.00 0.00 0.00 7.00 1.49 6.38 3.37 -18.84 37.79 0.27 21.62
1684259305278878 0.00 0.00 0.00 0.00 7.00 0.23 6.69 2.59 -0.03 40.05 0.27 24.19
1684259305295153 0.00 0.00 0.00 0.00 9.50 0.23 7.16 1.96 -19.18 48.12 -4.71 27.61
1684259305313268 0.00 0.00 0.00 0.00 8.25 -1.02 7.47 1.33 -25.86 34.62 -7.95 29.54
1684259305327504 0.00 0.00 0.00 0.00 9.50 -1.03 7.94 0.86 -21.95 44.08 -10.69 31.73
1684259305343910 0.00 0.00 0.00 0.00 12.00 -1.03 8.56 0.39 -28.56 28.72 -15.52 30.27
1684259305360412 0.00 0.00 0.00 0.00 13.25 -2.29 9.34 -0.24 -37.88 28.59 -19.03 28.97
1684259305376933 0.00 0.00 0.00 0.00 14.50 -1.04 10.13 -0.56 -47.33 38.10 -24.95 37.51
1684259305394354 0.00 0.00 0.00 0.00 14.51 -3.56 11.06 -1.19 -44.87 18.13 -28.21 35.05
1684259305408608 0.00 0.00 0.00 0.00 17.01 -2.31 12.32 -1.51 -65.86 44.25 -36.44 35.58
1684259305425639 0.00 0.00 0.00 0.00 15.76 -2.30 13.10 -1.82 -73.47 18.64 -43.22 31.89
1684259305441046 0.00 0.00 0.00 0.00 18.27 -3.57 14.35 -2.14 -50.79 20.54 -46.34 30.13
1684259305457985 0.00 0.00 0.00 0.00 20.78 -3.58 15.76 -2.46 -73.93 18.79 -52.84 26.97
1684259305473748 0.00 0.00 0.00 0.00 19.52 -3.58 16.70 -2.78 -89.45 20.27 -60.45 25.92
1684259305490527 0.00 0.00 0.00 0.00 19.52 -3.58 17.49 -2.94 -56.06 18.96 -62.72 24.71
1684259305506992 0.00 0.00 0.00 0.00 20.78 -3.58 18.27 -3.26 -47.61 9.74 -62.76 21.17
1684259305522934 0.00 0.00 0.00 0.00 23.30 -4.86 19.37 -3.42 -49.23 19.94 -63.30 21.39
1684259305539147 0.00 0.00 0.00 0.00 22.04 -4.85 20.00 -3.74 -67.78 10.02 -63.54 17.11
1684259305556182 0.00 0.00 0.00 0.00 23.30 -4.86 20.94 -4.06 -36.93 18.66 -58.97 17.12
1684259305571306 0.00 0.00 0.00 0.00 23.30 -4.86 21.57 -4.22 -62.36 21.12 -60.42 17.19
1684259305591564 0.00 0.00 0.00 0.00 24.56 -4.86 22.04 -4.38 -31.04 7.93 -55.06 15.83
1684259305603766 0.00 0.00 0.00 0.00 28.34 -4.88 23.14 -4.54 -38.71 13.11 -48.72 14.94
1684259305621803 0.00 0.00 0.00 0.00 27.08 -4.88 24.09 -4.70 -61.08 9.05 -49.34 13.70
1684259305636412 0.00 0.00 0.00 0.00 25.83 -6.13 24.72 -5.02 -64.63 11.11 -51.47 13.87
1684259305654480 0.00 0.00 0.00 0.00 25.82 -4.87 25.03 -5.02 -34.90 17.63 -49.68 13.58
1684259305671538 0.00 0.00 0.00 0.00 27.08 -4.88 25.66 -5.03 -18.45 0.10 -43.51 12.34
1684259305685628 0.00 0.00 0.00 0.00 25.82 -4.87 25.98 -5.03 -44.67 0.23 -44.48 10.03
1684259305703106 0.00 0.00 0.00 0.00 28.34 -4.88 26.61 -5.03 -18.00 0.09 -38.94 7.41
1684259305719505 0.00 0.00 0.00 0.00 28.35 -6.14 27.08 -5.19 -38.40 0.20 -39.86 6.44
1684259305734527 0.00 0.00 0.00 0.00 28.34 -4.88 27.08 -5.19 -31.50 10.66 -38.95 6.13
1684259305750778 0.00 0.00 0.00 0.00 28.34 -4.88 27.24 -5.19 0.00 0.00 -31.32 5.00
1684259305769320 0.00 0.00 0.00 0.00 28.34 -4.88 27.55 -5.04 -8.50 0.04 -24.30 3.62
1684259305784424 0.00 0.00 0.00 0.00 28.34 -4.88 27.87 -5.04 -20.80 -10.33 -22.54 0.13
1684259305799363 0.00 0.00 0.00 0.00 28.33 -3.62 28.02 -4.88 -21.09 0.11 -22.87 0.13
1684259305816905 0.00 0.00 0.00 0.00 28.34 -4.88 28.34 -4.88 -8.93 -8.94 -18.40 -1.02
1684259305832711 0.00 0.00 0.00 0.00 28.34 -4.88 28.34 -4.88 -19.93 0.11 -18.64 -1.02
1684259305849666 0.00 0.00 0.00 0.00 28.34 -4.88 28.34 -4.72 0.00 0.00 -13.84 -1.04
1684259305864373 0.00 0.00 0.00 0.00 28.34 -4.88 28.34 -4.72 0.06 -10.72 -9.90 -3.72
1684259305881786 0.00 0.00 0.00 0.00 28.35 -6.14 28.34 -4.88 0.00 0.00 -9.90 -3.72
1684259305896955 0.00 0.00 0.00 0.00 29.60 -4.89 28.50 -4.88 -0.05 10.39 -8.84 -2.42
1684259305913516 0.00 0.00 0.00 0.00 28.35 -6.14 28.50 -5.04 -9.52 0.05 -7.43 -1.12
1684259305929277 0.00 0.00 0.00 0.00 28.34 -4.88 28.50 -5.20 -0.05 10.00 -4.80 0.11
1684259305945848 0.00 0.00 0.00 0.00 28.35 -6.14 28.50 -5.36 -0.05 9.51 -3.69 2.42
1684259305962666 0.00 0.00 0.00 0.00 28.34 -4.88 28.50 -5.36 -0.05 9.37 -1.21 3.58
1684259305989248 0.00 0.00 0.00 0.00 28.35 -6.14 28.50 -5.51 0.00 0.00 -1.21 3.58
1684259306000146 0.00 0.00 0.00 0.00 28.35 -6.14 28.50 -5.67 -0.08 14.47 -1.22 6.73
1684259306012684 0.00 0.00 0.00 0.00 28.35 -6.14 28.50 -5.67 -0.07 12.58 -1.23 8.30
1684259306025982 0.00 0.00 0.00 0.00 28.35 -6.14 28.34 -5.83 0.00 0.00 -1.23 7.00
1684259306042393 0.00 0.00 0.00 0.00 28.35 -6.14 28.34 -5.83 9.56 9.56 1.16 8.19
1684259306068192 0.00 0.00 0.00 0.00 30.87 -6.16 28.66 -5.99 -0.00 0.00 1.16 6.94
1684259306084138 0.00 0.00 0.00 0.00 30.87 -6.16 28.97 -5.99 -19.82 9.99 -1.31 7.00
1684259306097842 0.00 0.00 0.00 0.00 29.61 -6.15 29.13 -6.15 -23.01 0.12 -4.18 5.84
1684259306110149 0.00 0.00 0.00 0.00 32.13 -6.16 29.61 -6.15 -12.87 12.88 -5.79 7.45
1684259306123423 0.00 0.00 0.00 0.00 30.87 -6.16 29.92 -6.15 -35.63 0.17 -10.23 5.66
1684259306139521 0.00 0.00 0.00 0.00 30.87 -6.16 30.24 -6.15 -19.58 0.10 -12.67 4.10
1684259306156986 0.00 0.00 0.00 0.00 30.87 -6.16 30.55 -6.15 -18.05 0.09 -14.93 4.11
1684259306172412 0.00 0.00 0.00 0.00 33.39 -6.17 31.18 -6.16 -20.44 0.10 -18.68 2.93
1684259306188863 0.00 0.00 0.00 0.00 30.87 -6.16 31.18 -6.16 -38.34 0.18 -23.47 2.95
1684259306204571 0.00 0.00 0.00 0.00 33.39 -6.17 31.50 -6.16 0.00 0.00 -20.99 1.71
1684259306223416 0.00 0.00 0.00 0.00 33.39 -4.91 31.97 -6.00 -16.74 0.08 -20.21 1.70
1684259306237955 0.00 0.00 0.00 0.00 33.39 -6.17 32.13 -6.00 -32.49 -10.69 -22.66 -1.24
1684259306253268 0.00 0.00 0.00 0.00 33.39 -4.91 32.44 -5.85 -10.30 0.05 -19.49 -1.26
1684259306271641 0.00 0.00 0.00 0.00 33.39 -6.17 32.76 -5.85 -17.13 -8.50 -19.19 -2.34
1684259306287561 0.00 0.00 0.00 0.00 33.39 -6.17 33.07 -5.85 -19.81 0.09 -19.41 -2.34
1684259306302076 0.00 0.00 0.00 0.00 33.39 -4.91 33.07 -5.69 -21.73 0.10 -19.57 -2.34
1684259306320028 0.00 0.00 0.00 0.00 33.39 -4.91 33.39 -5.54 0.04 -8.78 -14.77 -3.46
1684259306343870 0.00 0.00 0.00 0.00 33.39 -4.91 33.39 -5.38 -13.20 -6.55 -16.42 -4.27
1684259306356216 0.00 0.00 0.00 0.00 33.39 -4.91 33.39 -5.38 0.06 -12.76 -14.32 -5.88
1684259306368412 0.00 0.00 0.00 0.00 34.64 -3.65 33.54 -5.07 0.00 0.00 -10.26 -4.54
1684259306384897 0.00 0.00 0.00 0.00 33.39 -4.91 33.54 -5.07 -9.49 -19.07 -10.16 -6.93
1684259306400053 0.00 0.00 0.00 0.00 33.39 -4.91 33.54 -4.91 0.00 0.00 -8.02 -5.87
1684259306417693 0.00 0.00 0.00 0.00 34.65 -4.91 33.70 -4.75 0.04 -8.93 -5.54 -7.00
1684259306432685 0.00 0.00 0.00 0.00 33.39 -6.17 33.70 -4.91 -10.48 -10.46 -4.13 -8.32
1684259306448450 0.00 0.00 0.00 0.00 33.39 -4.91 33.70 -4.91 -0.04 9.99 -4.14 -5.97
1684259306464954 0.00 0.00 0.00 0.00 33.38 -3.65 33.70 -4.75 0.00 0.00 -2.49 -5.15
1684259306482671 0.00 0.00 0.00 0.00 33.39 -4.91 33.70 -4.75 0.04 -8.89 -2.49 -4.67
1684259306498468 0.00 0.00 0.00 0.00 33.38 -3.65 33.54 -4.75 -0.00 0.00 -2.49 -4.67
1684259306513595 0.00 0.00 0.00 0.00 33.39 -4.91 33.54 -4.75 10.43 -0.05 -0.00 -2.29
1684259306529722 0.00 0.00 0.00 0.00 33.39 -4.91 33.54 -4.75 0.00 0.00 -0.00 -2.29
1684259306546644 0.00 0.00 0.00 0.00 34.65 -4.91 33.54 -4.75 0.00 -0.00 -0.01 -1.18
1684259306565446 0.00 0.00 0.00 0.00 30.87 -6.16 33.23 -4.75 0.00 0.00 1.30 0.13
1684259306578823 0.00 0.00 0.00 0.00 30.85 -3.63 32.91 -4.59 23.58 -0.11 4.26 -1.13
1684259306596809 0.00 0.00 0.00 0.00 32.12 -4.90 32.75 -4.75 17.59 -8.84 6.46 -2.24
1684259306610428 0.00 0.00 0.00 0.00 32.13 -6.16 32.60 -4.90 11.53 11.51 7.89 0.31
1684259306627605 0.00 0.00 0.00 0.00 33.39 -4.91 32.60 -5.06 9.14 9.13 9.03 1.46
1684259306644966 0.00 0.00 0.00 0.00 30.86 -4.89 32.28 -5.06 -0.04 9.07 7.72 2.60
1684259306660986 0.00 0.00 0.00 0.00 30.87 -6.16 31.97 -5.22 19.69 -0.09 10.19 2.58
1684259306675979 0.00 0.00 0.00 0.00 30.86 -4.89 31.49 -5.21 20.99 10.41 12.81 3.89
1684259306692352 0.00 0.00 0.00 0.00 30.86 -4.89 31.49 -5.06 28.91 -0.13 16.42 3.87
1684259306711014 0.00 0.00 0.00 0.00 32.12 -4.90 31.65 -5.21 0.04 -8.45 13.48 2.83
1684259306725997 0.00 0.00 0.00 0.00 30.86 -4.89 31.49 -5.21 -10.58 10.57 9.96 5.25
1684259306742159 0.00 0.00 0.00 0.00 32.12 -3.64 31.49 -4.90 9.76 -0.05 9.74 3.81
1684259306758269 0.00 0.00 0.00 0.00 32.12 -4.90 31.33 -4.90 0.09 -19.56 8.61 0.22
1684259306779076 0.00 0.00 0.00 0.00 30.85 -3.63 31.33 -4.74 7.58 -0.04 9.56 -0.92
1684259306791074 0.00 0.00 0.00 0.00 32.12 -3.64 31.49 -4.43 0.07 -13.13 7.11 -2.55
1684259306807075 0.00 0.00 0.00 0.00 33.38 -3.65 31.80 -4.27 -9.76 -19.65 3.26 -6.30
1684259306823788 0.00 0.00 0.00 0.00 33.38 -3.65 32.12 -4.11 -18.84 -9.34 -2.70 -7.46
1684259306838989 0.00 0.00 0.00 0.00 33.39 -4.91 32.28 -4.11 -20.71 -10.26 -5.30 -7.68
1684259306857402 0.00 0.00 0.00 0.00 35.90 -3.66 32.91 -3.96 -8.57 0.04 -5.05 -9.00
1684259306872006 0.00 0.00 0.00 0.00 35.91 -4.92 33.38 -4.12 -43.17 -10.59 -11.66 -10.32
1684259306887880 0.00 0.00 0.00 0.00 33.38 -3.65 33.54 -3.96 -29.87 10.05 -15.41 -6.61
1684259306903767 0.00 0.00 0.00 0.00 34.64 -3.65 34.01 -3.96 -9.89 -9.87 -17.59 -7.84
1684259306920292 0.00 0.00 0.00 0.00 35.91 -4.92 34.49 -4.12 -28.65 0.14 -21.18 -6.18
1684259306936402 0.00 0.00 0.00 0.00 34.64 -3.65 34.64 -4.12 -29.43 9.91 -23.64 -2.49
1684259306952592 0.00 0.00 0.00 0.00 33.38 -3.65 34.64 -4.12 -9.75 0.04 -22.50 -1.32
1684259306969817 0.00 0.00 0.00 0.00 35.91 -4.92 34.96 -4.13 0.00 0.00 -19.92 -0.03
1684259306985576 0.00 0.00 0.00 0.00 33.38 -3.65 34.64 -4.12 -20.03 0.08 -21.35 -0.03
1684259307000340 0.00 0.00 0.00 0.00 34.64 -2.39 34.48 -3.81 21.38 -0.09 -13.28 1.28
1684259307017545 0.00 0.00 0.00 0.00 34.64 -3.65 34.64 -3.81 9.25 -18.34 -8.39 -2.27
1684259307033296 0.00 0.00 0.00 0.00 35.90 -3.66 34.80 -3.81 -10.02 0.05 -8.41 -1.03
1684259307060679 0.00 0.00 0.00 0.00 34.65 -4.91 34.64 -3.81 -5.76 0.02 -5.54 -1.04
1684259307074965 0.00 0.00 0.00 0.00 34.64 -3.65 34.64 -3.81 11.04 -0.04 -0.49 -2.29
1684259307087201 0.00 0.00 0.00 0.00 32.12 -4.90 34.49 -3.97 0.00 0.00 0.73 -2.29
1684259307102244 0.00 0.00 0.00 0.00 30.86 -4.89 33.85 -3.96 10.44 10.42 2.04 -0.99
1684259307115052 0.00 0.00 0.00 0.00 30.86 -4.89 33.54 -4.12 49.27 -0.22 10.70 -1.03
1684259307132435 0.00 0.00 0.00 0.00 30.87 -6.16 33.07 -4.59 18.11 8.98 10.29 0.11
1684259307147153 0.00 0.00 0.00 0.00 30.86 -4.89 32.60 -4.75 32.01 31.96 13.14 6.40
1684259307162548 0.00 0.00 0.00 0.00 29.60 -4.89 31.81 -4.90 30.70 10.09 18.23 7.65
1684259307179087 0.00 0.00 0.00 0.00 30.86 -4.89 31.33 -4.90 47.65 9.30 24.90 8.81
1684259307195114 0.00 0.00 0.00 0.00 29.60 -4.89 30.70 -5.05 29.53 -0.14 27.21 8.80
1684259307211665 0.00 0.00 0.00 0.00 28.33 -3.62 30.23 -4.89 38.08 9.34 31.98 9.97
1684259307228722 0.00 0.00 0.00 0.00 28.34 -4.88 29.92 -4.89 27.78 -9.38 34.14 7.49
1684259307244916 0.00 0.00 0.00 0.00 28.33 -3.62 29.60 -4.73 19.47 -0.10 30.42 7.51
1684259307261079 0.00 0.00 0.00 0.00 28.35 -6.14 29.28 -4.73 19.56 -9.85 30.60 5.15
1684259307276752 0.00 0.00 0.00 0.00 28.35 -6.14 28.97 -4.89 20.12 -0.10 29.11 1.14
1684259307292895 0.00 0.00 0.00 0.00 29.60 -4.89 28.97 -4.89 19.48 9.67 27.71 1.09
1684259307316404 0.00 0.00 0.00 0.00 28.34 -4.88 28.65 -4.88 -0.00 0.00 21.75 -0.07
1684259307329775 0.00 0.00 0.00 0.00 29.61 -6.15 28.65 -5.04 23.58 -0.12 21.01 -0.07
1684259307341801 0.00 0.00 0.00 0.00 29.61 -6.15 28.81 -5.36 -0.07 13.11 16.24 0.40
1684259307358719 0.00 0.00 0.00 0.00 28.34 -4.88 28.81 -5.36 -9.41 18.68 11.59 3.91
1684259307374307 0.00 0.00 0.00 0.00 29.61 -6.15 28.97 -5.67 0.00 0.00 9.16 3.92
1684259307391541 0.00 0.00 0.00 0.00 28.34 -4.88 28.97 -5.52 -9.24 18.34 5.56 7.45
1684259307407941 0.00 0.00 0.00 0.00 28.34 -4.88 28.97 -5.36 0.05 -9.61 3.05 6.26
1684259307422678 0.00 0.00 0.00 0.00 28.35 -6.14 28.81 -5.51 0.06 -10.70 0.62 3.71
1684259307441560 0.00 0.00 0.00 0.00 28.34 -4.88 28.81 -5.51 8.31 8.31 1.66 4.75
1684259307456799 0.00 0.00 0.00 0.00 28.34 -4.88 28.66 -5.36 0.00 0.00 -1.29 4.77
1684259307472050 0.00 0.00 0.00 0.00 28.34 -4.88 28.50 -5.20 10.39 -10.39 0.02 1.83
1684259307488809 0.00 0.00 0.00 0.00 28.34 -4.88 28.50 -5.20 9.45 -9.46 2.38 -1.69
1684259307504731 0.00 0.00 0.00 0.00 28.35 -6.14 28.34 -5.20 0.00 0.00 2.38 -1.69
1684259307521788 0.00 0.00 0.00 0.00 28.34 -4.88 28.34 -5.20 9.24 -0.05 4.69 -3.99
1684259307536669 0.00 0.00 0.00 0.00 30.86 -4.89 28.66 -5.20 0.00 0.00 4.68 -2.79
1684259307552634 0.00 0.00 0.00 0.00 28.34 -4.88 28.65 -5.04 -19.75 0.10 2.20 -1.44
1684259307574369 0.00 0.00 0.00 0.00 28.34 -4.88 28.65 -5.04 0.04 -7.25 1.17 -3.38
1684259307586305 0.00 0.00 0.00 0.00 28.34 -4.88 28.65 -5.04 0.00 0.00 1.17 -3.38
1684259307602794 0.00 0.00 0.00 0.00 29.59 -3.63 28.81 -4.88 0.00 0.00 -0.13 -2.08
1684259307618564 0.00 0.00 0.00 0.00 29.60 -4.89 28.97 -4.89 -9.94 -9.94 -2.55 -2.14
1684259307634316 0.00 0.00 0.00 0.00 29.60 -4.89 29.13 -4.73 -10.01 0.05 -3.80 -2.14
1684259307651186 0.00 0.00 0.00 0.00 29.60 -4.89 29.28 -4.73 -9.30 -9.30 -6.12 -3.29
1684259307667479 0.00 0.00 0.00 0.00 30.86 -4.89 29.28 -4.73 -9.68 0.05 -7.33 -3.29
1684259307682942 0.00 0.00 0.00 0.00 28.33 -3.62 29.28 -4.57 0.00 0.00 -4.86 -3.30
1684259307699118 0.00 0.00 0.00 0.00 30.86 -4.89 29.60 -4.57 0.05 -9.74 -4.86 -3.61
1684259307716708 0.00 0.00 0.00 0.00 28.33 -3.62 29.60 -4.42 -17.93 0.09 -7.10 -3.60
1684259307734343 0.00 0.00 0.00 0.00 28.33 -3.62 29.44 -4.41 0.05 -8.94 -7.09 -4.72
1684259307748019 0.00 0.00 0.00 0.00 28.33 -3.62 29.28 -4.26 11.53 -0.06 -4.41 -3.48
1684259307767318 0.00 0.00 0.00 0.00 28.33 -3.62 29.12 -4.10 8.21 -8.21 -2.13 -4.51
1684259307781447 0.00 0.00 0.00 0.00 28.34 -4.88 28.97 -4.10 11.22 -11.21 0.43 -4.75
1684259307797281 0.00 0.00 0.00 0.00 29.59 -3.63 28.81 -3.94 9.96 -0.05 2.89 -4.77
1684259307813219 0.00 0.00 0.00 0.00 28.33 -3.62 28.81 -3.94 9.95 -9.94 4.13 -6.01
1684259307830879 0.00 0.00 0.00 0.00 28.33 -3.62 28.49 -3.78 0.00 0.00 4.12 -4.79
1684259307845123 0.00 0.00 0.00 0.00 28.33 -3.62 28.49 -3.78 22.20 -11.18 9.14 -6.20
1684259307862663 0.00 0.00 0.00 0.00 25.81 -3.61 28.18 -3.78 0.00 0.00 9.13 -5.08
1684259307878113 0.00 0.00 0.00 0.00 25.81 -3.61 27.86 -3.78 20.39 -0.11 10.24 -5.09
1684259307895055 0.00 0.00 0.00 0.00 27.07 -3.61 27.70 -3.78 18.59 -0.10 11.54 -4.07
1684259307911270 0.00 0.00 0.00 0.00 27.07 -3.61 27.54 -3.62 9.72 -0.05 11.35 -2.68
1684259307930148 0.00 0.00 0.00 0.00 27.07 -3.61 27.23 -3.62 8.39 -8.39 11.15 -3.72
1684259307942888 0.00 0.00 0.00 0.00 25.81 -3.61 26.91 -3.61 24.74 -0.13 13.00 -2.50
1684259307961623 0.00 0.00 0.00 0.00 25.81 -2.35 26.60 -3.45 16.82 -0.09 15.11 -2.51
1684259307975466 0.00 0.00 0.00 0.00 25.81 -3.61 26.28 -3.45 22.82 -11.50 15.18 -2.55
1684259307992411 0.00 0.00 0.00 0.00 25.77 5.19 26.28 -2.35 18.59 -0.10 17.51 -2.56
1684259308007021 0.00 0.00 0.00 0.00 25.81 -3.61 26.28 -2.35 0.37 -75.32 15.01 -11.96
1684259308024095 0.00 0.00 0.00 0.00 25.81 -3.61 26.12 -2.35 -0.00 0.00 12.68 -11.95
1684259308041766 0.00 0.00 0.00 0.00 24.55 -3.60 25.81 -2.35 8.91 -0.05 12.58 -11.95
1684259308056359 0.00 0.00 0.00 0.00 23.29 -3.59 25.33 -2.35 21.58 -0.11 14.23 -10.91
1684259308072657 0.00 0.00 0.00 0.00 24.55 -3.60 25.18 -2.35 28.97 -0.15 14.76 -10.91
1684259308089827 0.00 0.00 0.00 0.00 24.55 -3.60 25.02 -2.50 9.17 -0.05 13.80 -10.91
1684259308105954 0.00 0.00 0.00 0.00 24.55 -2.34 24.86 -2.34 9.71 9.72 12.16 -8.26
1684259308121869 0.00 0.00 0.00 0.00 23.29 -2.33 24.55 -3.29 9.94 -9.95 11.08 -9.49
1684259308139012 0.00 0.00 0.00 0.00 23.29 -2.33 24.24 -3.13 18.08 54.90 13.29 6.79
1684259308153185 0.00 0.00 0.00 0.00 24.55 -3.60 24.08 -3.13 22.26 -11.23 16.08 5.38
1684259308170552 0.00 0.00 0.00 0.00 24.55 -3.60 24.08 -3.13 9.06 -0.05 16.10 5.38
1684259308192606 0.00 0.00 0.00 0.00 24.55 -2.34 24.23 -2.97 0.00 0.00 13.40 5.40
1684259308205103 0.00 0.00 0.00 0.00 24.55 -2.34 24.23 -2.81 -12.52 -12.54 8.21 3.85
1684259308219010 0.00 0.00 0.00 0.00 24.54 -1.08 24.23 -2.50 0.06 -11.33 7.07 2.44
1684259308237044 0.00 0.00 0.00 0.00 22.03 -2.33 23.92 -2.50 0.09 -17.46 5.87 -0.96
1684259308251514 0.00 0.00 0.00 0.00 22.03 -2.33 23.76 -2.49 21.73 -0.11 7.35 0.27
1684259308269207 0.00 0.00 0.00 0.00 22.03 -2.33 23.60 -2.49 8.88 -0.04 6.20 -6.59
1684259308283804 0.00 0.00 0.00 0.00 22.03 -2.33 23.29 -2.33 10.77 -0.05 4.76 -5.20
1684259308301591 0.00 0.00 0.00 0.00 22.03 -2.33 22.97 -2.18 17.72 -8.94 5.84 -6.31
1684259308315995 0.00 0.00 0.00 0.00 20.77 -1.06 22.50 -2.02 21.88 -11.05 8.58 -7.69
1684259308332433 0.00 0.00 0.00 0.00 22.03 -2.33 22.19 -2.01 28.73 -9.72 13.73 -7.34
1684259308348552 0.00 0.00 0.00 0.00 20.77 -1.06 21.72 -2.01 19.51 -0.10 16.16 -5.93
1684259308364555 0.00 0.00 0.00 0.00 22.02 0.19 21.71 -1.70 29.46 -0.14 19.83 -3.77
1684259308382723 0.00 0.00 0.00 0.00 19.51 -1.06 21.40 -1.54 0.08 -17.32 17.13 -5.92
1684259308397207 0.00 0.00 0.00 0.00 19.51 -1.06 21.08 -1.38 21.73 -10.97 18.73 -7.29
1684259308414352 0.00 0.00 0.00 0.00 19.51 -1.06 20.77 -1.22 18.36 -9.26 19.68 -8.44
1684259308429741 0.00 0.00 0.00 0.00 20.77 -1.06 20.61 -1.06 20.45 -10.32 20.02 -8.61
1684259308448937 0.00 0.00 0.00 0.00 20.77 -2.32 20.61 -1.22 8.22 -8.24 18.32 -8.26
1684259308463442 0.00 0.00 0.00 0.00 18.25 0.21 20.14 -0.90 -0.05 10.85 14.72 -5.69
1684259308478778 0.00 0.00 0.00 0.00 17.00 0.21 19.67 -0.74 30.79 -20.65 16.13 -8.26
1684259308494705 0.00 0.00 0.00 0.00 17.01 -1.05 19.04 -0.90 29.57 -9.99 16.14 -9.49
1684259308511216 0.00 0.00 0.00 0.00 17.01 -1.05 18.73 -0.90 37.95 9.36 20.88 -6.15
1684259308528416 0.00 0.00 0.00 0.00 15.75 0.21 18.26 -0.74 18.22 -0.08 20.44 -4.79
1684259308543621 0.00 0.00 0.00 0.00 18.26 -1.05 18.10 -0.74 30.95 -10.46 22.01 -4.94
1684259308560197 0.00 0.00 0.00 0.00 15.75 -1.04 17.48 -0.74 9.46 -0.04 20.64 -3.66
1684259308576430 0.00 0.00 0.00 0.00 15.75 -1.04 16.85 -0.58 38.62 -0.16 24.44 -2.65
1684259308593040 0.00 0.00 0.00 0.00 15.75 -1.04 16.54 -0.73 37.79 -9.63 29.17 -5.21
1684259308608732 0.00 0.00 0.00 0.00 18.26 -1.05 16.69 -0.89 19.92 9.94 27.81 -1.38
1684259308626208 0.00 0.00 0.00 0.00 15.75 0.21 16.54 -0.73 -9.00 9.03 22.99 1.00
1684259308641220 0.00 0.00 0.00 0.00 15.75 -1.04 16.38 -0.73 10.47 -10.51 19.55 -1.49
1684259308663398 0.00 0.00 0.00 0.00 15.75 -1.04 16.38 -0.89 7.06 -0.03 18.16 -1.48
1684259308678949 0.00 0.00 0.00 0.00 15.75 -1.04 16.07 -0.89 -0.04 10.11 14.29 1.09
1684259308691254 0.00 0.00 0.00 0.00 15.75 -1.04 16.07 -0.89 25.46 -0.10 16.29 1.08
1684259308706062 0.00 0.00 0.00 0.00 15.75 0.21 16.07 -0.73 -0.00 0.00 11.46 1.10
1684259308725640 0.00 0.00 0.00 0.00 15.75 -1.04 16.07 -0.73 0.03 -8.03 6.74 1.30
1684259308739265 0.00 0.00 0.00 0.00 15.75 -1.04 15.75 -0.73 0.00 0.00 4.25 0.06
1684259308755444 0.00 0.00 0.00 0.00 15.75 -1.04 15.75 -0.89 19.36 -0.07 7.79 -1.08
1684259308771678 0.00 0.00 0.00 0.00 15.75 -1.04 15.75 -0.89 -0.03 9.68 6.48 1.44
1684259308787832 0.00 0.00 0.00 0.00 15.75 -1.04 15.75 -0.89 -0.00 0.00 5.60 1.45
1684259308805152 0.00 0.00 0.00 0.00 17.01 -1.05 15.91 -0.89 0.00 0.00 5.60 0.19
1684259308820175 0.00 0.00 0.00 0.00 15.75 -1.04 15.91 -0.89 -10.42 0.04 1.12 0.20
1684259308839095 0.00 0.00 0.00 0.00 15.75 -1.04 15.91 -1.04 0.00 0.00 1.12 0.20
1684259308852636 0.00 0.00 0.00 0.00 15.75 -1.04 15.91 -1.04 -0.04 11.61 1.11 2.66
1684259308872153 0.00 0.00 0.00 0.00 15.75 -1.04 15.91 -1.04 -0.00 0.00 1.11 2.66
1684259308885049 0.00 0.00 0.00 0.00 17.00 0.21 16.07 -0.89 0.00 0.00 -1.31 2.67
1684259308903260 0.00 0.00 0.00 0.00 15.75 -1.04 16.07 -0.89 -8.57 -8.60 -2.38 0.38
1684259308919221 0.00 0.00 0.00 0.00 15.75 -1.04 16.07 -0.89 0.00 0.00 -2.38 0.38
1684259308933964 0.00 0.00 0.00 0.00 15.75 -1.04 15.91 -0.89 0.00 0.00 -2.38 0.38
1684259308950947 0.00 0.00 0.00 0.00 15.75 -1.04 15.91 -0.89 9.22 -0.03 0.08 0.37
1684259308969494 0.00 0.00 0.00 0.00 17.01 -1.05 16.07 -0.89 -0.00 0.00 0.08 0.37
1684259308984957 0.00 0.00 0.00 0.00 15.74 2.73 16.06 -0.42 -10.13 0.04 -1.18 -1.07
1684259308999082 0.00 0.00 0.00 0.00 15.75 -1.04 16.06 -0.42 0.11 -33.34 -1.17 -5.24
1684259309014399 0.00 0.00 0.00 0.00 17.01 -1.05 16.06 -0.57 0.00 0.00 -1.17 -5.24
1684259309030974 0.00 0.00 0.00 0.00 13.25 -1.03 15.75 -0.57 -0.04 9.48 -0.10 -2.98
1684259309047773 0.00 0.00 0.00 0.00 14.50 -1.04 15.60 -0.57 18.63 -0.06 2.22 -2.99
1684259309063391 0.00 0.00 0.00 0.00 14.50 -1.04 15.44 -0.57 10.02 -0.03 3.48 -2.99
1684259309079273 0.00 0.00 0.00 0.00 14.50 -1.04 15.28 -0.57 9.85 -0.03 3.56 -2.99
1684259309096555 0.00 0.00 0.00 0.00 14.50 -1.04 14.97 -0.57 9.06 -0.03 4.69 -3.00
1684259309112093 0.00 0.00 0.00 0.00 13.25 -1.03 14.66 -1.04 20.15 -0.07 8.47 -3.01
1684259309128003 0.00 0.00 0.00 0.00 14.50 -1.04 14.50 -1.04 19.57 29.54 10.90 4.85
1684259309144312 0.00 0.00 0.00 0.00 13.25 -1.03 14.03 -1.04 9.59 -0.03 12.10 4.84
1684259309162244 0.00 0.00 0.00 0.00 13.25 -1.03 14.03 -1.04 26.18 -0.09 15.38 3.65
1684259309177141 0.00 0.00 0.00 0.00 12.00 -1.03 13.72 -1.04 0.00 0.00 13.05 3.66
1684259309192733 0.00 0.00 0.00 0.00 12.00 -1.03 13.41 -1.04 20.06 -0.06 14.31 3.65
1684259309213322 0.00 0.00 0.00 0.00 12.00 -1.03 13.09 -1.03 15.19 -0.04 14.97 3.65
1684259309225820 0.00 0.00 0.00 0.00 12.00 0.23 12.78 -0.88 25.02 -0.07 16.97 3.65
1684259309242580 0.00 0.00 0.00 0.00 10.75 -1.03 12.47 -0.88 18.68 -9.43 16.79 2.48
1684259309258051 0.00 0.00 0.00 0.00 10.75 -1.03 12.00 -0.87 20.20 -0.05 16.87 -1.22
1684259309274407 0.00 0.00 0.00 0.00 9.50 0.23 11.53 -0.72 28.67 -0.08 19.25 -1.23
1684259309291523 0.00 0.00 0.00 0.00 10.75 0.23 11.22 -0.56 27.40 -9.24 19.40 -2.37
1684259309306723 0.00 0.00 0.00 0.00 9.50 0.23 10.90 -0.40 20.59 -10.39 21.98 -3.67
1684259309323756 0.00 0.00 0.00 0.00 9.50 -1.03 10.59 -0.40 18.36 -9.26 21.76 -4.82
1684259309341253 0.00 0.00 0.00 0.00 9.50 0.23 10.28 -0.24 17.86 -0.04 22.10 -4.82
1684259309357060 0.00 0.00 0.00 0.00 8.25 0.23 9.81 -0.24 19.78 -9.98 21.44 -6.06
1684259309371460 0.00 0.00 0.00 0.00 7.00 1.49 9.34 0.07 32.53 -0.06 23.17 -4.89
1684259309389792 0.00 0.00 0.00 0.00 8.25 0.23 9.03 0.23 25.57 -17.17 23.85 -7.03
1684259309404366 0.00 0.00 0.00 0.00 7.00 0.23 8.72 0.23 21.45 -10.82 22.94 -8.37
1684259309420881 0.00 0.00 0.00 0.00 7.01 -7.32 8.25 -0.71 18.90 -0.03 21.88 -7.22
1684259309437940 0.00 0.00 0.00 0.00 7.00 0.23 7.94 -0.71 27.39 55.34 22.73 1.00
1684259309453969 0.00 0.00 0.00 0.00 7.00 1.49 7.63 -0.40 19.47 -0.03 22.87 2.15
1684259309469523 0.00 0.00 0.00 0.00 7.00 0.23 7.31 -0.40 20.09 -20.21 23.15 -0.37
1684259309485838 0.00 0.00 0.00 0.00 7.00 0.23 7.16 -0.40 19.13 -0.03 23.07 0.88
1684259309502531 0.00 0.00 0.00 0.00 7.00 1.49 7.16 -0.40 9.35 -0.01 20.17 0.88
1684259309518145 0.00 0.00 0.00 0.00 5.75 0.24 6.85 -0.40 0.00 0.00 16.97 3.03
1684259309537907 0.00 0.00 0.00 0.00 7.00 0.23 6.85 -0.40 15.79 -0.02 16.27 4.38
1684259309550577 0.00 0.00 0.00 0.00 7.00 0.23 6.84 0.55 0.00 0.00 13.90 4.38
1684259309569014 0.00 0.00 0.00 0.00 7.00 0.23 6.84 0.55 0.05 -51.24 10.49 -8.94
1684259309582921 0.00 0.00 0.00 0.00 7.00 1.49 6.84 0.55 0.00 0.00 8.05 -8.94
1684259309599478 0.00 0.00 0.00 0.00 7.00 0.23 6.84 0.55 0.00 0.00 5.54 -6.41
1684259309616385 0.00 0.00 0.00 0.00 4.50 0.24 6.53 0.55 0.00 0.00 3.15 -6.41
1684259309631439 0.00 0.00 0.00 0.00 7.00 1.49 6.53 0.55 20.73 -0.01 4.57 -6.41
1684259309662342 0.00 0.00 0.00 0.00 5.75 0.24 6.53 0.55 0.00 0.00 4.57 -6.41
1684259309676153 0.00 0.00 0.00 0.00 5.75 1.49 6.38 0.71 0.00 0.00 2.60 -6.41
1684259309691593 0.00 0.00 0.00 0.00 4.50 0.24 6.06 0.71 10.11 -10.17 3.86 -7.68
1684259309703745 0.00 0.00 0.00 0.00 7.00 0.23 6.06 0.71 25.68 -0.01 7.06 -1.27
1684259309715654 0.00 0.00 0.00 0.00 7.00 1.49 6.06 0.71 0.00 0.00 7.06 -1.27
1684259309729374 0.00 0.00 0.00 0.00 4.50 1.49 5.75 0.86 0.00 0.00 7.06 -1.27
1684259309745550 0.00 0.00 0.00 0.00 5.75 0.24 5.91 0.86 19.29 -9.71 9.48 -2.49
1684259309762685 0.00 0.00 0.00 0.00 4.50 1.49 5.60 0.86 -9.10 0.00 5.75 -2.49
1684259309777795 0.00 0.00 0.00 0.00 7.00 0.23 5.75 0.86 20.64 -0.01 8.33 -2.49
1684259309795094 0.00 0.00 0.00 0.00 4.50 0.24 5.60 0.71 -9.02 0.01 7.20 -2.49
1684259309810829 0.00 0.00 0.00 0.00 4.51 -1.02 5.60 0.55 9.91 9.97 7.17 0.03
1684259309827302 80.00 0.00 0.00 0.00 4.50 1.49 5.28 0.71 -0.00 9.53 3.96 1.22
1684259309844203 80.00 0.00 0.00 0.00 3.26 1.49 4.82 0.71 18.46 -9.29 6.27 0.06
1684259309861125 80.00 0.00 0.00 0.00 4.50 1.49 4.82 0.71 27.65 -0.01 9.73 0.06
1684259309875793 80.00 0.00 0.00 0.00 4.50 1.49 4.66 0.86 -0.00 0.00 7.32 1.27
1684259309896546 80.00 0.00 0.00 0.00 3.26 1.49 4.50 0.86 7.52 -7.56 9.39 0.33
1684259309908680 80.00 0.00 0.00 0.00 3.26 1.49 4.04 1.02 12.85 0.00 8.42 0.33
1684259309925350 80.00 0.00 0.00 0.00 3.26 1.49 3.88 1.18 28.07 -9.42 13.06 -0.85
1684259309940952 80.00 0.00 0.00 0.00 3.26 2.74 3.73 1.65 10.00 -10.06 13.07 -3.35
1684259309961599 80.00 0.00 0.00 0.00 3.26 2.74 3.57 1.80 7.55 -22.80 14.01 -7.39
1684259309974199 80.00 0.00 0.00 0.00 3.26 2.74 3.57 1.96 12.37 -12.44 13.25 -7.79
1684259309991580 80.00 0.00 0.00 0.00 4.50 2.74 3.57 2.12 -0.00 -9.02 9.80 -8.91
1684259310005915 80.00 0.00 0.00 0.00 5.75 4.00 3.72 2.43 0.00 -10.93 9.80 -10.28
1684259310020994 80.00 0.00 0.00 0.00 7.00 4.00 4.19 2.74 -10.33 -20.78 7.56 -11.93
1684259310037508 80.00 0.00 0.00 0.00 5.75 5.25 4.50 3.21 -28.31 -18.97 2.42 -14.30
1684259310053760 80.00 0.00 0.00 0.00 8.24 5.25 5.13 3.68 -19.18 -28.90 -3.49 -16.74
1684259310070572 80.00 0.00 0.00 0.00 7.00 5.25 5.59 4.00 -37.07 -27.93 -9.37 -18.97
1684259310093803 80.00 0.00 0.00 0.00 8.24 5.25 6.22 4.31 -20.12 -13.47 -12.83 -17.80
1684259310106972 80.00 0.00 0.00 0.00 8.24 6.50 6.84 4.78 -47.32 -23.75 -20.29 -19.22
1684259310120145 80.00 0.00 0.00 0.00 10.74 6.49 7.62 5.25 -47.30 -35.61 -26.20 -22.54
1684259310135322 80.00 0.00 0.00 0.00 13.23 6.49 8.55 5.56 -51.32 -30.88 -32.62 -25.03
1684259310151512 80.00 0.00 0.00 0.00 13.23 6.49 9.33 5.87 -57.75 -19.24 -38.55 -24.84
1684259310167244 80.00 0.00 0.00 0.00 15.73 7.73 10.58 6.18 -49.53 -19.81 -41.20 -24.95
1684259310183799 80.00 0.00 0.00 0.00 16.97 8.98 11.67 6.65 -75.33 -18.76 -48.22 -23.68
1684259310200204 80.00 0.00 0.00 0.00 19.48 8.97 13.23 7.11 -66.52 -28.45 -51.90 -23.75
1684259310216800 80.00 0.00 0.00 0.00 20.73 8.97 14.79 7.58 -94.00 -28.07 -61.13 -25.57
1684259310232872 80.00 0.00 0.00 0.00 21.98 10.22 16.51 8.04 -97.12 -28.96 -67.36 -26.22
1684259310249155 80.00 0.00 0.00 0.00 23.24 10.21 18.07 8.51 -105.47 -28.56 -74.63 -25.34
1684259310265583 80.00 0.00 0.00 0.00 25.75 8.95 19.64 8.82 -95.11 -28.30 -80.10 -25.02
1684259310280691 80.00 0.00 0.00 0.00 28.27 10.20 21.52 9.28 -103.61 -20.40 -85.84 -25.16
1684259310297425 80.00 0.00 0.00 0.00 28.27 8.95 23.09 9.43 -112.33 -27.70 -93.69 -26.15
1684259310314160 80.00 0.00 0.00 0.00 30.80 8.94 24.81 9.43 -93.71 -9.05 -95.98 -24.94
1684259310330719 80.00 0.00 0.00 0.00 33.32 10.18 26.54 9.58 -104.34 0.33 -100.71 -21.34
1684259310346496 80.00 0.00 0.00 0.00 33.32 8.93 28.12 9.57 -109.67 -9.57 -102.67 -19.03
1684259310362512 80.00 0.00 0.00 0.00 35.85 8.92 29.85 9.41 -98.30 0.33 -102.82 -15.36
1684259310378813 80.00 0.00 0.00 0.00 38.39 8.91 31.75 9.25 -106.39 9.95 -102.93 -10.55
1684259310394839 80.00 0.00 0.00 0.00 39.65 8.91 33.48 9.24 -118.17 10.16 -105.81 -5.74
1684259310411507 80.00 0.00 0.00 0.00 43.45 10.16 35.38 9.24 -104.24 0.35 -105.89 -3.15
1684259310427511 80.00 0.00 0.00 0.00 44.72 7.64 37.44 9.07 -118.57 0.33 -106.67 0.36
1684259310443761 80.00 0.00 0.00 0.00 45.98 8.89 39.33 9.07 -126.49 10.05 -110.77 2.74
1684259310467799 80.00 0.00 0.00 0.00 45.97 16.43 40.92 9.85 -78.94 0.22 -107.60 2.73
1684259310481540 80.00 0.00 0.00 0.00 45.98 7.64 42.50 9.69 -115.09 -56.89 -108.27 -3.19
1684259310497874 80.00 0.00 0.00 0.00 49.74 -1.15 44.23 8.43 -96.85 9.87 -108.09 -1.99
1684259310510850 80.00 0.00 0.00 0.00 47.23 13.92 45.34 9.05 -133.77 97.05 -111.51 8.89
1684259310524775 80.00 0.00 0.00 0.00 51.00 6.38 46.76 8.74 -79.43 -44.97 -106.67 2.00
1684259310541724 80.00 0.00 0.00 0.00 51.00 5.12 47.70 8.11 -83.72 18.63 -104.11 4.29
1684259310557547 80.00 0.00 0.00 0.00 51.00 5.12 48.49 7.80 -59.69 39.74 -96.75 9.21
1684259310574954 80.00 0.00 0.00 0.00 52.25 5.13 49.27 7.32 -45.15 18.06 -86.58 10.21
1684259310590151 80.00 0.00 0.00 0.00 52.26 10.15 50.06 6.54 -51.60 30.98 -83.16 14.06
1684259310606390 80.00 0.00 0.00 0.00 53.49 3.88 51.00 6.07 -48.42 48.37 -74.83 27.22
1684259310625157 80.00 0.00 0.00 0.00 53.49 3.88 51.47 6.70 -50.03 25.05 -68.98 29.11
1684259310639144 80.00 0.00 0.00 0.00 53.51 10.15 52.25 6.23 -33.53 -44.97 -56.45 11.36
1684259310655443 80.00 0.00 0.00 0.00 52.26 10.15 52.41 6.70 -48.11 28.90 -52.53 20.60
1684259310671299 80.00 0.00 0.00 0.00 52.24 2.62 52.56 6.38 -9.89 -29.72 -43.30 14.55
1684259310687937 80.00 0.00 0.00 0.00 54.71 1.38 53.03 5.92 -9.32 18.84 -37.01 11.94
1684259310704280 80.00 0.00 0.00 0.00 50.99 1.36 52.87 5.45 -28.38 28.67 -34.91 13.26
1684259310720011 80.00 0.00 0.00 0.00 54.63 -7.36 53.17 3.26 9.99 29.95 -27.21 13.13
1684259310736035 80.00 0.00 0.00 0.00 52.26 11.41 53.01 4.20 -18.46 136.62 -23.47 24.17
1684259310752586 80.00 0.00 0.00 0.00 54.64 -6.12 53.16 2.95 9.28 -56.88 -16.05 13.93
1684259310768312 80.00 0.00 0.00 0.00 55.86 -6.10 53.45 0.92 -9.17 79.45 -13.01 29.48
1684259310785197 80.00 0.00 0.00 0.00 53.47 0.12 53.60 -0.34 -17.44 120.33 -9.17 40.91
1684259310801599 80.00 0.00 0.00 0.00 55.97 5.14 54.07 -0.02 -9.23 76.47 -9.09 54.18
1684259310817827 80.00 0.00 0.00 0.00 53.50 8.90 53.92 0.92 -28.70 -19.45 -11.51 49.40
1684259310839328 80.00 0.00 0.00 0.00 54.71 0.12 54.38 0.76 7.03 -43.72 -7.09 40.35
1684259310851537 80.00 0.00 0.00 0.00 53.47 0.12 54.24 1.70 -38.00 12.63 -13.09 38.18
1684259310866137 80.00 0.00 0.00 0.00 54.71 0.12 54.54 0.29 9.89 -64.03 -9.54 13.10
1684259310882533 80.00 0.00 0.00 0.00 57.16 0.15 54.86 1.07 -18.63 86.02 -13.03 30.96
1684259310898822 80.00 0.00 0.00 0.00 55.93 0.13 54.86 1.85 -19.29 -48.07 -14.30 15.02
1684259310915614 80.00 0.00 0.00 0.00 52.26 8.89 54.71 2.95 -0.53 -46.42 -12.18 -5.82
1684259310931207 80.00 0.00 0.00 0.00 55.94 1.39 54.71 2.48 9.72 -70.37 -9.81 -24.18
1684259310948211 80.00 0.00 0.00 0.00 52.26 12.66 54.55 2.95 0.18 27.62 -6.20 -18.29
1684259310963678 80.00 0.00 0.00 0.00 59.46 -7.27 55.15 2.02 10.04 -30.44 -5.83 -16.63
1684259310980294 80.00 0.00 0.00 0.00 55.94 1.39 55.46 2.18 -35.75 55.65 -5.55 -11.26
1684259310996721 80.00 0.00 0.00 0.00 57.20 6.40 55.77 2.97 -18.82 -9.66 -9.13 -4.46
1684259311012114 80.00 0.00 0.00 0.00 54.76 12.67 55.47 4.53 -20.30 -50.98 -9.34 -21.58
1684259311027299 80.00 0.00 0.00 0.00 60.65 -7.24 56.06 3.61 19.77 -103.07 -4.46 -28.46
1684259311043812 80.00 0.00 0.00 0.00 57.23 12.67 56.68 4.08 -35.68 55.86 -8.85 -15.67
1684259311066364 80.00 0.00 0.00 0.00 58.45 11.42 56.99 5.34 -27.56 -20.94 -13.51 -9.49
1684259311078662 80.00 0.00 0.00 0.00 63.23 3.96 58.36 4.25 -25.52 -102.01 -16.73 -25.70
1684259311094485 80.00 0.00 0.00 0.00 63.30 11.45 58.85 6.59 -86.62 68.76 -28.81 -13.30
1684259311109565 80.00 0.00 0.00 0.00 60.89 11.43 59.46 7.84 -31.86 -155.18 -28.32 -39.65
1684259311125318 80.00 0.00 0.00 0.00 65.68 12.71 60.52 8.63 -39.26 -79.73 -30.88 -48.41
1684259311147522 80.00 0.00 0.00 0.00 65.57 2.76 61.87 7.39 -47.73 -35.52 -34.31 -46.48
1684259311159375 80.00 0.00 0.00 0.00 63.30 11.45 62.21 9.73 -114.01 104.52 -51.03 -20.53
1684259311174808 80.00 0.00 0.00 0.00 66.81 7.74 63.40 9.11 -21.49 -151.39 -49.25 -46.44
1684259311190708 80.00 0.00 0.00 0.00 66.73 2.78 64.44 8.03 -75.31 38.76 -55.22 -38.97
1684259311206501 80.00 0.00 0.00 0.00 66.81 7.74 64.89 8.51 -65.50 68.41 -60.22 -17.67
1684259311222871 80.00 0.00 0.00 0.00 70.26 7.79 65.76 8.05 -27.34 -28.87 -52.81 -29.87
1684259311239304 80.00 0.00 0.00 0.00 71.25 1.66 67.05 6.83 -52.93 27.78 -55.45 -7.00
1684259311257669 80.00 0.00 0.00 0.00 71.28 2.89 67.75 5.60 -70.51 66.52 -59.35 11.28
1684259311271998 80.00 0.00 0.00 0.00 72.32 0.47 68.59 5.31 -48.85 85.71 -59.49 26.43
1684259311289262 80.00 0.00 0.00 0.00 72.32 0.47 69.72 3.94 -48.92 16.56 -51.35 15.43
1684259311304130 80.00 0.00 0.00 0.00 73.38 -0.71 70.54 2.89 -75.86 92.29 -58.15 45.90
1684259311320051 80.00 0.00 0.00 0.00 74.46 -0.67 71.51 2.46 -51.57 66.35 -55.19 49.34
1684259311340228 80.00 0.00 0.00 0.00 74.46 -0.67 72.47 1.40 -47.87 21.34 -52.98 43.46
1684259311353271 80.00 0.00 0.00 0.00 74.41 -1.88 72.98 0.20 -73.31 80.58 -58.73 57.14
1684259311369471 80.00 0.00 0.00 0.00 75.48 -1.83 73.51 -0.24 -32.05 74.64 -56.12 63.00
1684259311386396 80.00 0.00 0.00 0.00 75.43 -3.04 74.03 -0.98 -31.22 25.77 -51.21 57.90
1684259311401672 80.00 0.00 0.00 0.00 76.71 3.06 74.58 -0.66 -33.90 48.48 -49.34 53.25
1684259311418235 80.00 0.00 0.00 0.00 75.43 -3.04 74.97 -1.10 -33.14 -19.56 -47.36 48.74
1684259311433976 80.00 0.00 0.00 0.00 77.67 0.68 75.51 -0.92 -24.64 27.85 -40.96 40.68
1684259311452591 80.00 0.00 0.00 0.00 78.60 -1.67 76.02 -1.05 -28.86 -9.35 -38.12 31.22
1684259311466702 80.00 0.00 0.00 0.00 77.63 -0.52 76.42 -1.03 -36.72 8.91 -36.73 29.66
1684259311483906 80.00 0.00 0.00 0.00 79.62 -1.61 77.07 -1.00 -23.02 -1.04 -30.44 19.46
1684259311499936 80.00 0.00 0.00 0.00 78.66 -0.47 77.47 -0.83 -40.61 -2.06 -31.51 9.87
1684259311518263 80.00 0.00 0.00 0.00 79.36 -6.37 77.96 -1.24 -21.68 -9.27 -30.32 5.49
1684259311531587 80.00 0.00 0.00 0.00 79.67 -0.42 78.33 -1.68 -36.90 31.27 -30.70 3.34
1684259311549747 80.00 0.00 0.00 0.00 80.68 -0.36 78.99 -1.34 -20.38 23.95 -29.10 8.78
1684259311564167 80.00 0.00 0.00 0.00 80.73 0.83 79.37 -1.32 -45.54 -23.19 -31.71 2.40
1684259311580500 80.00 0.00 0.00 0.00 80.73 0.83 79.63 -1.01 -23.41 -1.15 -31.03 3.43
1684259311597180 80.00 0.00 0.00 0.00 81.78 2.08 80.15 -0.69 -15.97 -18.77 -28.44 -0.03
1684259311616162 80.00 0.00 0.00 0.00 79.73 0.78 80.17 -0.39 -27.35 -17.15 -28.98 -2.04
1684259311629558 80.00 0.00 0.00 0.00 79.94 6.81 80.33 0.52 -1.01 -22.36 -24.03 -4.58
1684259311646240 80.00 0.00 0.00 0.00 81.87 4.48 80.64 1.88 -9.61 -54.57 -22.52 -10.24
1684259311661704 80.00 0.00 0.00 0.00 81.99 8.09 80.93 2.94 -20.32 -87.69 -20.45 -25.11
1684259311679219 80.00 0.00 0.00 0.00 81.87 4.48 81.08 3.55 -16.51 -60.71 -19.97 -35.70
1684259311695489 80.00 0.00 0.00 0.00 82.98 8.12 81.36 4.46 -9.17 -37.19 -15.42 -37.45
1684259311710956 80.00 0.00 0.00 0.00 82.90 5.72 81.63 5.07 -18.12 -58.90 -14.76 -44.67
1684259311729020 80.00 0.00 0.00 0.00 82.86 4.52 81.77 5.37 -15.00 -33.82 -14.64 -46.55
1684259311744708 80.00 0.00 0.00 0.00 83.01 9.32 82.18 6.44 -8.59 -19.45 -12.29 -46.84
1684259311759503 80.00 0.00 0.00 0.00 82.94 6.92 82.55 6.46 -27.72 -72.18 -15.63 -53.06
1684259311776002 80.00 0.00 0.00 0.00 82.94 6.92 82.69 6.76 -22.74 -0.82 -17.27 -46.34
1684259311791941 80.00 0.00 0.00 0.00 83.06 11.73 82.82 7.22 -8.37 -19.15 -15.78 -37.78
1684259311808251 80.00 0.00 0.00 0.00 83.08 12.94 82.97 8.28 -8.23 -27.95 -14.74 -33.68
1684259311825872 80.00 0.00 0.00 0.00 84.06 12.96 83.11 8.88 -8.59 -60.04 -14.67 -36.54
1684259311841245 80.00 0.00 0.00 0.00 82.94 6.92 83.11 9.03 -8.83 -39.36 -13.51 -34.09
1684259311856882 80.00 0.00 0.00 0.00 83.91 6.96 83.24 9.33 -0.31 -9.59 -11.67 -31.07
1684259311873962 80.00 0.00 0.00 0.00 80.09 14.10 82.88 9.93 -7.73 -17.83 -11.56 -30.86
1684259311890741 80.00 0.00 0.00 0.00 84.06 12.96 83.02 10.69 21.77 -35.59 -5.38 -26.29
1684259311906566 80.00 0.00 0.00 0.00 82.90 5.72 83.01 10.54 -8.86 -47.73 -3.64 -32.16
1684259311923004 80.00 0.00 0.00 0.00 82.90 5.72 82.99 9.79 0.30 9.12 -2.56 -28.62
1684259311938602 80.00 0.00 0.00 0.00 83.83 4.57 83.09 8.74 1.29 48.20 -1.37 -19.10
1684259311954566 80.00 0.00 0.00 0.00 84.91 8.19 83.19 8.14 -5.83 65.57 -1.02 -3.40
1684259311971154 80.00 0.00 0.00 0.00 83.87 5.76 83.31 8.00 -6.40 35.95 -0.72 6.01
1684259311988186 80.00 0.00 0.00 0.00 84.87 7.00 83.43 8.00 -6.85 8.50 -1.54 8.27
1684259312005550 80.00 0.00 0.00 0.00 83.91 6.96 83.91 7.11 -6.91 -0.28 -1.44 10.47
1684259312021179 80.00 0.00 0.00 0.00 85.86 8.23 84.13 6.52 -30.61 57.14 -7.98 22.06
1684259312034589 80.00 0.00 0.00 0.00 82.05 10.50 84.03 7.12 -16.75 44.13 -8.97 33.54
1684259312053974 80.00 0.00 0.00 0.00 84.74 3.43 84.26 6.83 5.50 -30.84 -8.32 28.55
1684259312073008 80.00 0.00 0.00 0.00 85.57 1.11 84.47 6.40 -12.06 15.07 -9.99 24.40
1684259312084911 80.00 0.00 0.00 0.00 86.50 1.18 84.67 5.52 -18.27 36.26 -11.54 20.74
1684259312099797 80.00 0.00 0.00 0.00 84.91 8.19 84.80 5.82 -13.31 58.92 -12.41 23.61
1684259312117167 80.00 0.00 0.00 0.00 85.73 4.66 84.91 5.53 -7.47 -17.49 -12.49 20.36
1684259312135041 80.00 0.00 0.00 0.00 85.57 1.11 85.11 4.80 -6.00 16.33 -12.37 22.44
1684259312151162 80.00 0.00 0.00 0.00 86.61 3.53 85.21 4.21 -12.84 45.31 -10.15 20.96
1684259312164726 80.00 0.00 0.00 0.00 86.71 5.89 85.79 3.64 -6.93 43.30 -8.92 20.86
1684259312180773 80.00 0.00 0.00 0.00 87.58 4.76 86.15 3.80 -36.32 35.90 -14.15 29.20
1684259312198113 80.00 0.00 0.00 0.00 87.47 2.41 86.38 3.97 -20.49 -9.62 -15.20 26.11
1684259312214910 80.00 0.00 0.00 0.00 87.58 4.76 86.52 4.41 -14.16 -9.63 -14.69 20.38
1684259312230162 80.00 0.00 0.00 0.00 88.25 0.13 86.94 3.41 -8.88 -29.38 -14.13 9.34
1684259312247436 80.00 0.00 0.00 0.00 87.35 0.07 87.14 2.83 -24.14 58.30 -16.22 18.81
1684259312262725 80.00 0.00 0.00 0.00 87.28 -1.10 87.35 2.56 -13.21 37.56 -17.12 21.47
1684259312279678 80.00 0.00 0.00 0.00 88.37 2.47 87.57 2.42 -12.60 16.32 -17.09 17.84
1684259312295985 80.00 0.00 0.00 0.00 89.13 0.20 87.88 1.71 -13.51 8.14 -17.91 13.45
1684259312311827 80.00 0.00 0.00 0.00 88.37 2.47 87.98 1.43 -19.13 44.90 -15.77 14.57
1684259312331390 80.00 0.00 0.00 0.00 88.53 5.99 88.11 1.87 -5.07 14.65 -13.84 17.61
1684259312344442 80.00 0.00 0.00 0.00 89.38 4.86 88.33 1.89 -10.17 -34.26 -13.34 14.53
1684259312360189 80.00 0.00 0.00 0.00 89.13 0.20 88.44 1.89 -14.26 -0.81 -14.01 18.10
1684259312376229 80.00 0.00 0.00 0.00 90.30 6.08 88.81 2.65 -6.92 -0.53 -11.86 10.75
1684259312393400 80.00 0.00 0.00 0.00 89.20 1.36 89.05 2.95 -21.54 -43.79 -12.90 0.58
1684259312408321 80.00 0.00 0.00 0.00 89.20 1.36 89.16 2.82 -16.11 -20.63 -13.34 -4.04
1684259312425373 80.00 0.00 0.00 0.00 89.61 -5.47 89.22 2.11 -6.06 8.09 -12.41 -4.05
1684259312441394 80.00 0.00 0.00 0.00 90.14 2.59 89.44 2.12 -3.71 44.24 -10.48 -4.13
1684259312460327 80.00 0.00 0.00 0.00 90.01 0.27 89.62 1.41 -11.66 -0.80 -11.30 -6.06
1684259312473720 80.00 0.00 0.00 0.00 90.87 0.34 89.81 0.84 -13.77 53.34 -11.75 4.89
1684259312490683 80.00 0.00 0.00 0.00 91.22 7.30 90.07 1.73 -11.02 33.32 -11.35 9.16
1684259312506731 80.00 0.00 0.00 0.00 90.87 0.34 90.14 1.01 -16.24 -55.26 -12.51 2.32
1684259312523100 80.00 0.00 0.00 0.00 90.87 0.34 90.35 0.88 -4.32 43.84 -10.36 13.27
1684259312538579 80.00 0.00 0.00 0.00 91.79 1.56 90.67 0.91 -13.49 8.25 -10.03 16.88
1684259312555490 80.00 0.00 0.00 0.00 90.94 1.49 90.84 1.78 -19.14 -1.46 -11.67 15.69
1684259312576691 80.00 0.00 0.00 0.00 90.01 0.27 90.82 1.49 -7.84 -41.05 -12.19 5.02
1684259312589352 80.00 0.00 0.00 0.00 90.87 0.34 90.93 1.50 1.29 22.88 -10.57 7.98
1684259312603737 80.00 0.00 0.00 0.00 91.79 1.56 91.04 1.65 -7.49 -0.61 -9.78 1.24
1684259312620842 80.00 0.00 0.00 0.00 92.87 6.23 91.25 1.52 -6.72 -8.91 -9.24 -4.04
1684259312639376 80.00 0.00 0.00 0.00 93.38 0.56 91.56 1.54 -11.11 7.18 -8.60 3.76
1684259312653006 80.00 0.00 0.00 0.00 92.12 8.50 91.72 2.57 -23.04 -1.98 -10.94 -1.96
1684259312669833 80.00 0.00 0.00 0.00 92.63 1.63 91.83 2.57 -9.26 -60.64 -10.41 -10.57
1684259312686887 80.00 0.00 0.00 0.00 93.38 0.56 92.13 2.46 -6.14 -0.50 -8.79 -10.45
1684259312702705 80.00 0.00 0.00 0.00 92.69 2.78 92.47 2.77 -19.31 7.41 -10.22 -4.40
1684259312719022 80.00 0.00 0.00 0.00 92.63 1.63 92.69 2.93 -20.57 -19.19 -12.95 -9.65
1684259312736300 80.00 0.00 0.00 0.00 94.56 7.48 93.03 3.67 -12.71 -9.31 -13.61 -10.74
1684259312750724 80.00 0.00 0.00 0.00 93.45 1.70 93.11 3.10 -24.01 -51.31 -15.77 -16.04
1684259312769641 80.00 0.00 0.00 0.00 94.51 6.33 93.25 3.83 -3.89 29.96 -14.87 -13.19
1684259312782511 80.00 0.00 0.00 0.00 94.20 0.63 93.51 2.84 -10.95 -56.12 -13.36 -19.96
1684259312800970 80.00 0.00 0.00 0.00 92.91 7.39 93.54 3.56 -14.08 53.32 -13.96 -5.72
1684259312815202 80.00 0.00 0.00 0.00 95.07 1.84 93.75 3.72 -2.52 -50.59 -13.51 -11.98
1684259312835335 80.00 0.00 0.00 0.00 94.34 2.90 93.96 3.74 -10.47 -7.94 -12.40 -13.90
1684259312847597 80.00 0.00 0.00 0.00 94.27 1.77 94.16 3.75 -16.73 -1.31 -11.92 -11.66
1684259312864290 80.00 0.00 0.00 0.00 95.36 7.53 94.26 3.76 -12.28 -1.03 -11.87 -10.63
1684259312880796 80.00 0.00 0.00 0.00 94.51 6.33 94.40 4.34 -6.09 -0.36 -9.63 -4.26
1684259312896654 80.00 0.00 0.00 0.00 94.40 4.05 94.38 4.05 -8.33 -36.56 -10.18 -12.57
1684259312913161 80.00 0.00 0.00 0.00 94.34 2.90 94.40 4.34 0.85 17.33 -8.71 -3.39
1684259312931743 80.00 0.00 0.00 0.00 94.20 0.63 94.56 3.49 -0.93 -15.30 -7.06 -11.97
1684259312945305 80.00 0.00 0.00 0.00 94.27 1.77 94.46 3.49 -11.81 62.29 -8.23 2.14
1684259312961397 80.00 0.00 0.00 0.00 93.45 1.70 94.35 3.33 6.23 0.54 -6.14 3.20
1684259312978021 80.00 0.00 0.00 0.00 94.40 4.05 94.37 3.62 6.63 9.08 -3.22 4.50
1684259312994163 80.00 0.00 0.00 0.00 94.51 6.33 94.26 3.47 -1.01 -17.65 -1.81 2.42
1684259313009114 80.00 0.00 0.00 0.00 93.69 6.28 94.16 3.46 7.14 9.99 -0.15 3.72
1684259313027631 80.00 0.00 0.00 0.00 92.12 8.50 93.87 4.02 5.51 0.35 1.58 8.33
1684259313042641 80.00 0.00 0.00 0.00 91.72 0.41 93.54 3.71 19.00 -37.13 3.84 1.52
1684259313057522 80.00 0.00 0.00 0.00 92.63 1.63 93.35 3.83 21.96 20.94 6.71 6.05
1684259313074516 80.00 0.00 0.00 0.00 92.56 0.48 93.13 3.67 11.54 -7.35 9.62 -2.65
1684259313091509 80.00 0.00 0.00 0.00 91.79 1.56 92.93 3.66 12.58 9.43 10.42 -1.54
1684259313106561 80.00 0.00 0.00 0.00 91.72 0.41 92.59 3.20 13.82 1.13 11.32 -2.54
1684259313123855 80.00 0.00 0.00 0.00 92.48 -0.66 92.34 2.33 19.35 26.26 13.86 2.95
1684259313139101 80.00 0.00 0.00 0.00 93.52 2.84 92.32 1.90 16.62 57.33 15.05 8.87
1684259313155735 80.00 0.00 0.00 0.00 91.72 0.41 92.27 0.89 1.31 25.87 14.52 12.06
1684259313171589 80.00 0.00 0.00 0.00 91.72 0.41 92.27 0.89 3.12 63.80 12.54 24.68
1684259313189178 80.00 0.00 0.00 0.00 92.87 6.23 92.30 1.46 0.00 0.00 9.79 22.06
1684259313204047 80.00 0.00 0.00 0.00 93.38 0.56 92.40 1.47 -2.00 -38.70 8.10 18.14
1684259313220781 80.00 0.00 0.00 0.00 92.56 0.48 92.50 1.34 -6.16 -0.54 5.76 16.89
1684259313240772 80.00 0.00 0.00 0.00 92.23 -4.06 92.56 0.78 -4.80 6.73 3.43 17.59
1684259313253076 80.00 0.00 0.00 0.00 92.23 -4.06 92.53 0.35 -5.23 45.48 0.36 20.00
1684259313269453 80.00 0.00 0.00 0.00 91.17 6.13 92.24 0.76 1.90 26.00 -1.48 16.08
1684259313285776 80.00 0.00 0.00 0.00 92.63 1.63 92.35 0.91 17.99 -25.21 0.60 9.70
1684259313302201 80.00 0.00 0.00 0.00 91.22 7.30 92.29 1.78 -6.91 -9.26 -0.65 0.56
1684259313318983 80.00 0.00 0.00 0.00 90.94 1.49 92.05 1.18 3.74 -51.27 -0.18 -5.85
1684259313334155 80.00 0.00 0.00 0.00 90.87 0.34 91.73 1.16 15.87 39.03 2.05 3.87
1684259313350276 80.00 0.00 0.00 0.00 90.94 1.49 91.53 1.28 19.48 1.67 5.26 4.15
1684259313367186 80.00 0.00 0.00 0.00 91.79 1.56 91.47 1.99 11.96 -7.47 7.35 2.37
1684259313383317 80.00 0.00 0.00 0.00 90.94 1.49 91.31 2.68 3.45 -43.59 8.44 -8.76
1684259313399992 80.00 0.00 0.00 0.00 91.00 2.65 91.29 2.24 9.71 -41.67 9.41 -17.22
1684259313419063 80.00 0.00 0.00 0.00 91.79 1.56 91.19 2.24 1.10 22.82 7.30 -11.22
1684259313432665 80.00 0.00 0.00 0.00 90.94 1.49 91.15 1.51 7.70 0.62 9.13 -9.98
1684259313448526 80.00 0.00 0.00 0.00 91.12 4.97 91.17 1.95 2.20 45.73 8.94 2.14
1684259313468880 80.00 0.00 0.00 0.00 91.85 2.71 91.30 2.24 -1.11 -21.34 6.81 -5.40
1684259313481733 80.00 0.00 0.00 0.00 90.94 1.49 91.30 2.24 -9.57 -23.06 3.18 -8.49
1684259313499928 80.00 0.00 0.00 0.00 90.87 0.34 91.18 2.09 0.00 0.00 1.69 -7.56
1684259313514640 80.00 0.00 0.00 0.00 90.94 1.49 91.18 2.09 7.81 10.36 2.23 -0.82
1684259313529817 80.00 0.00 0.00 0.00 90.87 0.34 91.17 1.80 0.00 0.00 1.02 4.39
1684259313550438 80.00 0.00 0.00 0.00 91.72 0.41 91.16 1.66 0.80 13.99 0.98 3.29
1684259313562771 80.00 0.00 0.00 0.00 90.94 1.49 91.16 1.66 0.70 11.64 0.10 4.67
1684259313578454 80.00 0.00 0.00 0.00 90.80 -0.81 91.12 0.94 0.00 0.00 -0.17 -1.05
1684259313594192 80.00 0.00 0.00 0.00 90.35 7.25 90.93 1.50 2.55 45.89 0.29 7.35
1684259313610967 80.00 0.00 0.00 0.00 90.87 0.34 90.92 1.36 11.20 -33.82 2.88 6.01
1684259313627088 80.00 0.00 0.00 0.00 91.31 -5.29 90.98 0.65 0.53 8.94 2.95 7.13
1684259313644928 80.00 0.00 0.00 0.00 91.72 0.41 91.07 0.52 -3.08 39.43 1.59 10.76
1684259313659280 80.00 0.00 0.00 0.00 92.56 0.48 91.28 0.54 -6.80 9.42 0.74 11.94
1684259313675852 80.00 0.00 0.00 0.00 91.17 6.13 91.22 1.25 -12.73 -1.08 -0.95 10.05
1684259313692662 80.00 0.00 0.00 0.00 90.87 0.34 91.21 1.11 4.09 -42.53 -0.53 3.28
1684259313708209 80.00 0.00 0.00 0.00 91.65 -0.73 91.31 1.12 0.55 9.27 -0.46 4.44
1684259313725141 80.00 0.00 0.00 0.00 91.65 -0.73 91.47 0.12 -6.27 -0.56 -1.56 -1.36
1684259313741066 80.00 0.00 0.00 0.00 90.87 0.34 91.47 0.12 -10.17 62.67 -4.24 10.70
1684259313757392 80.00 0.00 0.00 0.00 92.02 6.18 91.56 1.55 0.00 0.00 -4.30 9.58
1684259313774630 80.00 0.00 0.00 0.00 91.65 -0.73 91.55 1.41 -5.18 -83.15 -4.56 -5.74
1684259313791085 80.00 0.00 0.00 0.00 91.72 0.41 91.45 1.40 0.56 8.71 -3.64 -5.83
1684259313806662 80.00 0.00 0.00 0.00 92.56 0.48 91.62 0.69 6.72 0.58 -1.21 -5.63
1684259313822814 80.00 0.00 0.00 0.00 91.92 3.87 91.75 1.14 -10.73 43.71 -3.06 5.15
1684259313838113 80.00 0.00 0.00 0.00 91.72 0.41 91.76 1.28 -8.54 -28.80 -4.20 0.39
1684259313855057 80.00 0.00 0.00 0.00 91.65 -0.73 91.76 1.28 -0.54 -8.45 -3.48 -0.59
1684259313870986 80.00 0.00 0.00 0.00 92.63 1.63 91.98 1.44 -0.00 0.00 -2.21 -8.43
1684259313887439 80.00 0.00 0.00 0.00 92.48 -0.66 92.04 0.58 -13.35 -9.78 -3.88 -9.65
1684259313903382 80.00 0.00 0.00 0.00 92.56 0.48 92.15 0.74 -3.60 53.62 -3.69 7.45
1684259313920342 80.00 0.00 0.00 0.00 92.56 0.48 92.26 0.75 -6.71 -8.98 -4.59 5.24
1684259313935571 80.00 0.00 0.00 0.00 93.31 -0.58 92.35 0.61 -6.87 -0.59 -6.29 5.09
1684259313952285 80.00 0.00 0.00 0.00 92.87 6.23 92.47 0.91 -5.61 7.96 -5.65 0.62
1684259313968533 80.00 0.00 0.00 0.00 92.07 7.34 92.52 1.77 -7.31 -18.20 -5.50 1.95
1684259313984941 80.00 0.00 0.00 0.00 92.63 1.63 92.64 2.07 -2.68 -52.79 -5.77 -3.59
1684259314000748 80.00 0.00 0.00 0.00 93.38 0.56 92.73 1.94 -7.76 -18.68 -6.74 -5.93
1684259314016036 80.00 0.00 0.00 0.00 93.45 1.70 92.85 2.23 -6.17 8.76 -5.84 -3.61
1684259314034395 80.00 0.00 0.00 0.00 93.45 1.70 92.97 2.38 -6.61 -16.03 -6.22 -12.32
1684259314049042 80.00 0.00 0.00 0.00 93.52 2.84 93.09 2.68 -7.65 -10.35 -6.33 -12.49
1684259314067834 80.00 0.00 0.00 0.00 93.38 0.56 93.10 2.82 -6.40 -15.67 -6.27 -14.37
1684259314084000 80.00 0.00 0.00 0.00 92.63 1.63 93.07 2.24 -0.58 -8.79 -5.65 -16.47
1684259314097443 80.00 0.00 0.00 0.00 94.46 5.19 93.36 1.97 2.21 42.80 -4.46 -8.84
1684259314113579 80.00 0.00 0.00 0.00 93.38 0.56 93.46 1.84 -18.47 16.68 -6.43 -0.16
1684259314129674 80.00 0.00 0.00 0.00 93.45 1.70 93.47 1.98 -5.86 8.33 -6.19 3.21
1684259314146812 80.00 0.00 0.00 0.00 93.38 0.56 93.46 1.84 -0.52 -8.32 -5.48 1.08
1684259314162518 80.00 0.00 0.00 0.00 92.63 1.63 93.35 1.83 0.56 9.08 -4.59 4.22
1684259314178617 80.00 0.00 0.00 0.00 93.38 0.56 93.34 1.55 6.41 0.53 -2.83 5.58
1684259314196055 80.00 0.00 0.00 0.00 92.63 1.63 93.24 1.68 0.98 16.37 -1.91 9.58
1684259314214466 80.00 0.00 0.00 0.00 92.56 0.48 93.23 1.54 5.13 -7.28 -1.19 9.77
1684259314228420 80.00 0.00 0.00 0.00 93.74 7.43 93.15 1.82 0.63 10.25 -1.39 5.70
1684259314243930 80.00 0.00 0.00 0.00 92.76 3.93 93.07 2.24 5.75 -18.10 1.64 1.36
1684259314263069 80.00 0.00 0.00 0.00 92.69 2.78 92.97 2.37 4.10 -22.00 2.88 -2.43
1684259314276611 80.00 0.00 0.00 0.00 92.69 2.78 92.89 2.65 7.02 -9.96 3.82 -2.64
1684259314293759 80.00 0.00 0.00 0.00 92.63 1.63 92.89 2.65 5.02 -16.18 4.38 -5.80
1684259314310298 80.00 0.00 0.00 0.00 92.69 2.78 92.80 2.93 0.00 0.00 3.58 -5.86
1684259314326409 80.00 0.00 0.00 0.00 93.64 5.13 92.93 3.37 5.35 -17.22 4.12 -10.06
1684259314342384 80.00 0.00 0.00 0.00 93.52 2.84 93.05 3.66 -7.92 -27.42 2.49 -12.58
1684259314359310 80.00 0.00 0.00 0.00 92.69 2.78 92.92 3.08 -7.11 -17.40 1.52 -16.03
1684259314374607 80.00 0.00 0.00 0.00 92.91 7.39 92.93 3.51 8.58 38.07 1.88 -9.01
1684259314390996 80.00 0.00 0.00 0.00 91.92 3.87 92.84 3.65 -1.21 -26.41 1.22 -9.56
1684259314407294 80.00 0.00 0.00 0.00 92.69 2.78 92.84 3.65 5.97 -8.36 1.08 -9.36
1684259314422509 80.00 0.00 0.00 0.00 92.69 2.78 92.85 3.79 0.00 0.00 0.46 -7.34
1684259314439112 80.00 0.00 0.00 0.00 92.69 2.78 92.85 3.79 -0.50 -8.64 0.39 -8.42
1684259314456588 80.00 0.00 0.00 0.00 92.69 2.78 92.73 3.50 0.00 -0.00 -0.27 -6.27
1684259314471727 80.00 0.00 0.00 0.00 91.92 3.87 92.53 3.63 7.82 19.46 1.69 -0.41
1684259314487427 80.00 0.00 0.00 0.00 92.76 3.93 92.53 3.77 12.78 -8.17 4.18 0.74
1684259314504521 80.00 0.00 0.00 0.00 93.74 7.43 92.64 3.77 -0.45 -8.41 3.05 -5.07
1684259314520158 80.00 0.00 0.00 0.00 93.14 -2.85 92.79 2.94 -6.63 -0.37 2.37 -1.81
1684259314536164 80.00 0.00 0.00 0.00 92.69 2.78 92.79 2.94 -9.60 52.42 0.43 5.79
1684259314552286 80.00 0.00 0.00 0.00 92.81 5.08 92.81 3.22 -0.00 0.00 0.43 5.79
1684259314573638 80.00 0.00 0.00 0.00 92.63 1.63 92.80 3.08 -0.70 -13.47 0.40 5.18
1684259314586542 80.00 0.00 0.00 0.00 92.87 6.23 92.82 3.51 0.64 11.11 0.48 6.57
1684259314602660 80.00 0.00 0.00 0.00 92.69 2.78 92.92 3.38 -1.33 -26.80 -0.66 0.79
1684259314617783 80.00 0.00 0.00 0.00 92.87 6.23 92.93 3.66 -6.43 9.01 -3.06 2.94
1684259314635158 80.00 0.00 0.00 0.00 92.69 2.78 92.80 3.08 -0.79 -16.59 -3.11 1.91
1684259314651371 80.00 0.00 0.00 0.00 91.92 3.87 92.65 3.92 8.09 35.92 -1.27 6.45
1684259314667553 80.00 0.00 0.00 0.00 92.69 2.78 92.65 3.92 9.49 -51.85 1.12 -6.58
1684259314683145 80.00 0.00 0.00 0.00 92.69 2.78 92.63 3.63 -0.00 -0.00 1.12 -6.58
1684259314703201 80.00 0.00 0.00 0.00 92.69 2.78 92.64 3.78 0.74 14.35 1.30 -3.11
1684259314718962 80.00 0.00 0.00 0.00 93.58 3.99 92.73 3.50 -0.52 -9.10 1.16 -5.63
1684259314731667 80.00 0.00 0.00 0.00 93.00 9.71 92.77 4.36 -7.05 22.10 0.44 0.48
1684259314750954 80.00 0.00 0.00 0.00 93.74 7.43 92.88 4.51 -1.98 -44.91 1.00 -6.26
1684259314764163 80.00 0.00 0.00 0.00 92.76 3.93 92.88 4.66 -8.31 -11.39 0.06 -5.61
1684259314780281 80.00 0.00 0.00 0.00 92.63 1.63 92.97 4.38 -0.48 -8.92 -1.01 -11.22
1684259314796955 80.00 0.00 0.00 0.00 91.79 1.56 92.86 4.22 -5.34 16.78 -2.87 -2.64
1684259314814952 80.00 0.00 0.00 0.00 93.45 1.70 92.96 4.09 6.28 8.44 -2.08 -1.58
1684259314829706 80.00 0.00 0.00 0.00 92.63 1.63 92.95 3.95 -6.44 9.14 -2.98 -2.23
1684259314846641 80.00 0.00 0.00 0.00 92.76 3.93 92.84 3.94 0.49 8.47 -2.85 -0.04
1684259314861493 80.00 0.00 0.00 0.00 92.63 1.63 92.80 2.93 6.96 0.50 -1.10 -2.74
1684259314878946 80.00 0.00 0.00 0.00 92.56 0.48 92.65 2.06 2.66 57.85 -0.52 10.11
1684259314895133 80.00 0.00 0.00 0.00 93.45 1.70 92.74 1.78 9.16 53.68 1.66 18.24
1684259314912782 80.00 0.00 0.00 0.00 92.69 2.78 92.75 1.92 -4.95 15.78 1.10 21.33
1684259314938076 80.00 0.00 0.00 0.00 92.69 2.78 92.86 2.08 -0.33 -5.67 1.73 18.52
1684259314949991 80.00 0.00 0.00 0.00 93.74 7.43 92.89 2.79 -9.48 -12.74 -0.24 15.88
1684259314969126 80.00 0.00 0.00 0.00 91.97 5.02 92.81 3.22 -1.89 -37.48 0.33 10.05
1684259314981163 80.00 0.00 0.00 0.00 92.76 3.93 92.81 3.22 6.81 -35.25 1.12 4.58
1684259314993828 80.00 0.00 0.00 0.00 92.63 1.63 92.81 3.22 -0.00 -0.00 0.25 4.52
1684259315008311 80.00 0.00 0.00 0.00 92.63 1.63 92.82 3.36 0.00 0.00 -0.09 -2.71
1684259315023387 80.00 0.00 0.00 0.00 93.69 6.28 92.85 3.93 -0.58 -9.49 -1.30 -10.61
1684259315040379 80.00 0.00 0.00 0.00 92.56 0.48 92.83 3.65 -1.77 -33.74 -0.91 -16.80
1684259315055776 80.00 0.00 0.00 0.00 92.87 6.23 92.86 4.08 1.10 18.61 -0.73 -13.76
1684259315071918 80.00 0.00 0.00 0.00 92.63 1.63 92.72 3.35 -1.33 -26.76 0.29 -15.51
1684259315088195 80.00 0.00 0.00 0.00 92.63 1.63 92.80 2.93 8.57 44.59 1.60 -5.25
1684259315107027 80.00 0.00 0.00 0.00 92.76 3.93 92.80 2.93 -4.35 22.53 0.20 1.97
1684259315120802 80.00 0.00 0.00 0.00 92.56 0.48 92.79 2.79 0.00 0.00 0.20 1.97
1684259315138055 80.00 0.00 0.00 0.00 92.76 3.93 92.81 3.07 0.51 8.29 0.27 3.00
1684259315152898 80.00 0.00 0.00 0.00 92.69 2.78 92.68 2.64 -1.07 -19.34 0.21 1.77
1684259315170158 80.00 0.00 0.00 0.00 92.02 6.18 92.61 3.35 7.25 25.40 1.33 9.16
1684259315185528 80.00 0.00 0.00 0.00 90.87 0.34 92.36 2.61 4.34 -46.34 1.74 1.05
1684259315203206 80.00 0.00 0.00 0.00 91.79 1.56 92.26 2.60 14.11 41.65 3.67 9.60
1684259315218302 80.00 0.00 0.00 0.00 91.79 1.56 92.15 2.59 6.94 0.56 3.46 4.09
1684259315234914 80.00 0.00 0.00 0.00 90.87 0.34 91.92 2.15 6.31 0.51 4.80 1.34
1684259315250357 80.00 0.00 0.00 0.00 90.94 1.49 91.72 2.27 15.25 29.01 6.70 4.97
1684259315266967 80.00 0.00 0.00 0.00 91.79 1.56 91.60 1.98 12.18 -7.60 8.16 2.98
1684259315283420 80.00 0.00 0.00 0.00 91.22 7.30 91.41 2.54 7.34 17.96 9.21 7.64
1684259315300003 80.00 0.00 0.00 0.00 91.22 7.30 91.31 2.68 11.12 -34.07 9.70 0.21
1684259315316295 80.00 0.00 0.00 0.00 90.87 0.34 91.31 2.68 6.19 -8.55 9.93 4.93
1684259315332123 80.00 0.00 0.00 0.00 90.87 0.34 91.20 2.53 0.00 0.00 8.17 -0.27
1684259315350327 80.00 0.00 0.00 0.00 91.17 6.13 91.12 3.10 6.31 8.38 8.09 0.70
1684259315365351 80.00 0.00 0.00 0.00 91.22 7.30 91.16 3.97 5.15 -38.02 7.94 -4.11
1684259315382949 80.00 0.00 0.00 0.00 90.56 -4.24 91.11 3.25 -2.47 -49.40 5.73 -13.91
1684259315397184 80.00 0.00 0.00 0.00 91.17 6.13 91.04 3.82 3.37 50.36 4.63 -6.67
1684259315413281 80.00 0.00 0.00 0.00 90.80 -0.81 90.98 2.81 4.80 -35.49 4.31 -13.35
1684259315431043 80.00 0.00 0.00 0.00 90.87 0.34 90.94 1.94 2.96 57.04 3.29 -1.96
1684259315445617 80.00 0.00 0.00 0.00 90.87 0.34 90.94 1.94 2.98 59.65 2.89 6.56
1684259315463300 80.00 0.00 0.00 0.00 90.87 0.34 90.94 1.94 0.00 0.00 2.89 6.56
1684259315480786 80.00 0.00 0.00 0.00 90.87 0.34 90.90 1.22 0.00 0.00 2.10 5.52
1684259315495612 80.00 0.00 0.00 0.00 90.01 0.27 90.75 0.34 2.53 48.82 1.77 16.37
1684259315511371 80.00 0.00 0.00 0.00 91.17 6.13 90.83 1.64 9.60 55.72 3.28 29.51
1684259315526947 80.00 0.00 0.00 0.00 90.01 0.27 90.68 0.90 -4.94 -83.24 2.24 12.81
1684259315546060 80.00 0.00 0.00 0.00 90.08 1.43 90.59 1.18 7.60 38.32 2.59 22.04
1684259315559710 80.00 0.00 0.00 0.00 90.01 0.27 90.49 1.17 6.61 -20.49 3.05 12.35
1684259315576769 80.00 0.00 0.00 0.00 90.01 0.27 90.38 1.17 6.32 0.51 3.46 4.96
1684259315592239 80.00 0.00 0.00 0.00 90.08 1.43 90.28 1.30 6.97 0.57 4.34 5.03
1684259315610362 80.00 0.00 0.00 0.00 89.94 -0.88 90.16 1.15 5.48 -7.50 5.02 4.09
1684259315627945 80.00 0.00 0.00 0.00 90.20 3.75 90.19 1.58 6.64 8.70 5.53 -0.92
1684259315641202 80.00 0.00 0.00 0.00 89.61 -5.47 89.99 0.13 -1.79 -32.81 4.11 -11.99
1684259315657235 80.00 0.00 0.00 0.00 90.01 0.27 89.99 0.13 12.18 90.44 6.25 9.72
1684259315673902 80.00 0.00 0.00 0.00 90.30 6.08 90.02 0.72 0.00 0.00 5.30 4.93
1684259315690079 80.00 0.00 0.00 0.00 89.13 0.20 89.91 0.71 -1.77 -35.96 4.25 2.99
1684259315706770 80.00 0.00 0.00 0.00 90.87 0.34 90.02 0.72 6.55 0.52 4.28 3.00
1684259315725002 80.00 0.00 0.00 0.00 90.20 3.75 90.03 1.01 -5.91 -0.48 2.67 2.86
1684259315740301 80.00 0.00 0.00 0.00 90.08 1.43 90.05 1.29 -1.00 -18.97 1.86 1.43
1684259315755011 80.00 0.00 0.00 0.00 89.20 1.36 89.93 1.00 -1.18 -19.64 0.88 -2.11
1684259315772026 80.00 0.00 0.00 0.00 90.08 1.43 89.98 1.86 7.33 17.54 2.03 4.18
1684259315787368 80.00 0.00 0.00 0.00 90.01 0.27 89.98 1.86 -3.81 -56.19 0.03 -14.15
1684259315803493 80.00 0.00 0.00 0.00 90.01 0.27 89.95 1.13 0.00 0.00 0.03 -14.15
1684259315820569 80.00 0.00 0.00 0.00 89.70 -4.33 90.02 0.57 2.17 42.54 0.52 -4.34
1684259315838444 80.00 0.00 0.00 0.00 89.26 2.53 89.82 0.84 -3.94 31.67 -0.79 -0.44
1684259315852612 80.00 0.00 0.00 0.00 90.20 3.75 89.82 0.84 14.19 -19.29 1.72 -2.79
1684259315874288 80.00 0.00 0.00 0.00 90.08 1.43 89.82 0.84 -0.00 0.00 1.85 -0.42
1684259315886804 80.00 0.00 0.00 0.00 91.17 6.13 90.06 1.44 0.00 0.00 1.99 2.03
1684259315902111 80.00 0.00 0.00 0.00 90.35 7.25 90.10 2.16 -16.09 -38.93 -0.94 -5.03
1684259315920562 80.00 0.00 0.00 0.00 90.01 0.27 90.10 2.16 -1.87 -39.45 -0.69 -2.93
1684259315934860 80.00 0.00 0.00 0.00 89.13 0.20 89.99 2.15 0.00 0.00 -0.69 -2.93
1684259315951403 80.00 0.00 0.00 0.00 90.01 0.27 90.03 2.73 6.61 0.52 -0.14 -8.18
1684259315967220 80.00 0.00 0.00 0.00 90.35 7.25 90.16 3.32 -2.46 -36.34 0.05 -16.69
1684259315982195 80.00 0.00 0.00 0.00 89.94 -0.88 90.13 2.74 -9.09 -39.43 -2.86 -19.20
1684259315998416 80.00 0.00 0.00 0.00 89.06 -0.96 90.00 2.44 2.02 35.71 -2.61 -14.74
1684259316016394 80.00 0.00 0.00 0.00 90.01 0.27 89.86 1.71 7.04 16.58 -1.73 -12.67
1684259316030568 80.00 0.00 0.00 0.00 90.35 7.25 89.86 1.71 10.25 51.68 1.56 -1.34
1684259316049955 80.00 0.00 0.00 0.00 89.06 -0.96 89.74 1.56 0.00 0.00 1.80 3.59
1684259316064316 80.00 0.00 0.00 0.00 90.30 6.08 89.89 2.29 8.23 10.68 2.82 4.93
1684259316081605 80.00 0.00 0.00 0.00 89.86 -2.03 89.87 2.00 -8.46 -42.51 0.94 -0.45
1684259316094918 80.00 0.00 0.00 0.00 89.86 -2.03 89.81 0.84 1.38 21.65 1.42 6.79
1684259316111689 80.00 0.00 0.00 0.00 90.25 4.92 89.85 1.57 3.65 69.21 3.01 20.37
1684259316127242 80.00 0.00 0.00 0.00 90.20 3.75 89.99 2.16 -2.55 -46.60 2.44 10.09
1684259316144754 80.00 0.00 0.00 0.00 89.38 4.86 89.91 2.73 -8.10 -33.60 0.55 3.81
1684259316161598 80.00 0.00 0.00 0.00 89.38 4.86 89.79 2.43 4.70 -34.07 -0.14 -6.91
1684259316178752 80.00 0.00 0.00 0.00 89.86 -2.03 89.89 2.30 7.11 17.40 0.75 -4.73
1684259316193909 80.00 0.00 0.00 0.00 89.38 4.86 89.77 2.14 -6.58 8.89 -1.11 -4.95
1684259316209129 80.00 0.00 0.00 0.00 89.70 -4.33 89.75 1.86 7.63 10.01 0.91 1.61
1684259316226374 80.00 0.00 0.00 0.00 89.78 -3.18 89.74 1.71 1.19 16.62 0.88 0.98
1684259316241829 80.00 0.00 0.00 0.00 89.70 -4.33 89.67 0.56 0.65 9.29 0.51 -6.51
1684259316258099 80.00 0.00 0.00 0.00 89.86 -2.03 89.63 -0.16 4.28 71.01 1.36 8.19
1684259316276051 80.00 0.00 0.00 0.00 89.13 0.20 89.60 -0.75 2.35 40.28 2.67 17.43
1684259316289878 80.00 0.00 0.00 0.00 89.78 -3.18 89.65 -1.75 2.18 42.13 2.35 26.95
1684259316307545 80.00 0.00 0.00 0.00 88.91 -3.26 89.53 -1.91 -2.87 56.92 1.10 31.89
1684259316322947 80.00 0.00 0.00 0.00 89.70 -4.33 89.57 -3.06 7.72 9.98 2.89 32.03
1684259316339162 80.00 0.00 0.00 0.00 88.83 -4.41 89.46 -3.07 -2.48 70.85 1.63 39.63
1684259316354871 80.00 0.00 0.00 0.00 90.56 -4.24 89.56 -3.20 6.93 0.68 2.34 37.64
1684259316371164 80.00 0.00 0.00 0.00 89.73 -13.23 89.56 -4.31 -5.94 8.12 1.52 37.50
1684259316388267 80.00 0.00 0.00 0.00 89.78 -3.18 89.55 -4.45 -0.21 65.03 0.96 36.75
1684259316403867 80.00 0.00 0.00 0.00 88.74 -5.56 89.50 -5.17 0.64 9.20 0.75 32.86
1684259316421025 80.00 0.00 0.00 0.00 89.61 -5.47 89.48 -5.46 2.87 41.96 0.83 32.84
1684259316438374 80.00 0.00 0.00 0.00 90.14 2.59 89.63 -4.73 1.24 16.47 1.35 27.79
1684259316453983 80.00 0.00 0.00 0.00 89.78 -3.18 89.64 -4.59 -9.85 -46.86 -0.85 20.68
1684259316468718 80.00 0.00 0.00 0.00 89.86 -2.03 89.77 -4.29 -0.71 -9.71 -0.63 10.61
1684259316487382 80.00 0.00 0.00 0.00 90.94 1.49 89.82 -3.57 -6.93 -15.93 -2.36 8.54
1684259316501507 80.00 0.00 0.00 0.00 90.47 -5.38 89.91 -2.59 -3.40 -50.75 -2.04 1.18
1684259316518135 80.00 0.00 0.00 0.00 90.94 1.49 90.06 -2.01 -5.56 -59.00 -2.71 -14.33
1684259316533645 80.00 0.00 0.00 0.00 91.06 3.81 90.35 -0.83 -9.33 -37.69 -3.96 -20.19
1684259316551308 80.00 0.00 0.00 0.00 89.86 -2.03 90.38 -0.41 -16.44 -66.28 -6.37 -33.72
1684259316567552 80.00 0.00 0.00 0.00 88.43 3.64 90.17 -0.27 -1.94 -26.43 -6.77 -39.08
1684259316582358 80.00 0.00 0.00 0.00 90.72 -1.96 90.29 -0.12 14.43 -8.86 -3.74 -34.33
1684259316598876 80.00 0.00 0.00 0.00 90.72 -1.96 90.39 -0.11 -7.11 -9.28 -4.54 -34.28
1684259316616945 80.00 0.00 0.00 0.00 91.92 3.87 90.51 0.19 -5.95 -0.54 -4.41 -32.36
1684259316631637 80.00 0.00 0.00 0.00 90.94 1.49 90.57 1.04 -8.31 -20.18 -5.03 -28.53
1684259316649921 80.00 0.00 0.00 0.00 91.49 -3.02 90.64 0.48 -3.24 -46.98 -4.74 -27.03
1684259316670820 80.00 0.00 0.00 0.00 90.14 2.59 90.53 0.33 -3.28 26.98 -3.98 -18.95
1684259316683002 80.00 0.00 0.00 0.00 90.56 -4.24 90.61 0.05 9.48 12.52 -0.74 -9.10
1684259316696958 80.00 0.00 0.00 0.00 90.56 -4.24 90.88 -0.93 -6.22 19.76 -1.27 -3.32
1684259316713729 80.00 0.00 0.00 0.00 91.40 -4.15 90.96 -1.21 -15.84 58.72 -5.06 5.12
1684259316728802 80.00 0.00 0.00 0.00 92.23 -4.06 91.15 -1.47 -5.64 18.22 -4.87 8.56
1684259316745797 80.00 0.00 0.00 0.00 89.61 -5.47 90.87 -2.64 -11.13 15.51 -5.52 10.57
1684259316761254 80.00 0.00 0.00 0.00 91.57 -1.88 90.94 -3.06 18.65 75.50 -2.15 22.53
1684259316777840 80.00 0.00 0.00 0.00 90.56 -4.24 90.83 -3.21 -4.75 25.40 -2.34 31.58
1684259316794334 80.00 0.00 0.00 0.00 90.56 -4.24 90.88 -4.07 7.06 9.28 -1.05 29.36
1684259316813728 80.00 0.00 0.00 0.00 89.60 -14.33 90.76 -5.33 -2.68 44.01 -2.57 33.30
1684259316826432 80.00 0.00 0.00 0.00 89.94 -0.88 90.68 -4.91 9.36 99.27 -0.62 43.24
1684259316845675 80.00 0.00 0.00 0.00 88.25 0.13 90.29 -4.37 4.02 -21.81 1.86 33.17
1684259316858786 80.00 0.00 0.00 0.00 89.52 -6.61 89.95 -4.69 30.08 -40.87 6.33 25.79
1684259316876529 80.00 0.00 0.00 0.00 90.56 -13.10 90.07 -5.64 19.15 17.91 10.11 26.09
1684259316891572 80.00 0.00 0.00 0.00 89.42 -7.74 89.80 -6.38 -7.93 63.46 6.79 24.58
1684259316908424 80.00 0.00 0.00 0.00 89.32 -8.87 89.65 -6.95 15.94 43.49 9.37 26.84
1684259316924358 80.00 0.00 0.00 0.00 89.32 -8.87 89.49 -7.53 9.69 36.31 9.70 30.22
1684259316940625 80.00 0.00 0.00 0.00 90.37 -6.51 89.59 -6.56 9.49 35.57 11.22 29.17
1684259316957083 80.00 0.00 0.00 0.00 89.06 -0.96 89.48 -6.57 -5.84 -59.38 9.33 9.33
1684259316973182 80.00 0.00 0.00 0.00 89.52 -6.61 89.64 -7.41 6.78 0.57 9.67 12.13
1684259316991211 80.00 0.00 0.00 0.00 88.31 1.30 89.49 -6.42 -8.81 46.73 4.81 23.08
1684259317006200 80.00 0.00 0.00 0.00 89.94 -0.88 89.41 -4.89 10.05 -65.93 3.67 12.60
1684259317020713 80.00 0.00 0.00 0.00 89.78 -3.18 89.45 -4.32 5.39 -105.27 5.34 -8.49
1684259317036846 80.00 0.00 0.00 0.00 88.55 -7.84 89.36 -4.19 -2.80 -35.31 3.00 -18.34
1684259317053319 80.00 0.00 0.00 0.00 88.55 -7.84 89.26 -4.06 5.81 -7.83 2.51 -23.86
1684259317069447 80.00 0.00 0.00 0.00 89.26 2.53 89.12 -2.93 5.94 -8.00 2.07 -29.30
1684259317086288 80.00 0.00 0.00 0.00 88.65 -6.70 89.07 -3.65 8.24 -67.09 3.83 -30.27
1684259317102311 80.00 0.00 0.00 0.00 88.99 -2.11 89.00 -3.09 3.23 44.81 3.38 -24.74
1684259317121574 80.00 0.00 0.00 0.00 89.61 -5.47 89.17 -3.94 3.43 -29.17 4.91 -34.22
1684259317135621 80.00 0.00 0.00 0.00 90.01 0.27 89.18 -3.79 -11.54 60.23 2.21 -18.45
1684259317151147 80.00 0.00 0.00 0.00 89.61 -5.47 89.15 -4.08 -0.58 -9.29 1.47 -6.46
1684259317169662 80.00 0.00 0.00 0.00 89.61 -5.47 89.29 -3.78 1.16 15.43 1.96 -0.11
1684259317185018 80.00 0.00 0.00 0.00 89.94 -0.88 89.46 -2.91 -8.59 -19.28 0.16 -1.55
1684259317200388 80.00 0.00 0.00 0.00 90.47 -5.38 89.61 -3.90 -11.25 -56.56 -1.99 -7.62
1684259317218148 80.00 0.00 0.00 0.00 89.26 2.53 89.69 -2.75 -8.47 55.64 -4.08 7.72
1684259317231925 80.00 0.00 0.00 0.00 89.86 -2.03 89.80 -2.74 -5.57 -83.72 -5.18 -8.34
1684259317248390 80.00 0.00 0.00 0.00 88.83 -4.41 89.70 -2.61 -6.62 -0.59 -6.43 -4.77
1684259317264276 80.00 0.00 0.00 0.00 88.74 -5.56 89.54 -3.33 6.15 -8.31 -4.22 -13.34
1684259317281178 80.00 0.00 0.00 0.00 89.26 2.53 89.50 -2.33 9.38 43.11 -2.98 -6.78
1684259317297178 80.00 0.00 0.00 0.00 89.26 2.53 89.45 -1.34 2.71 -62.47 -2.78 -16.52
1684259317316512 80.00 0.00 0.00 0.00 90.01 0.27 89.46 -1.19 2.24 -51.70 -1.43 -20.57
1684259317329857 80.00 0.00 0.00 0.00 88.55 -7.84 89.22 -1.50 -0.67 -10.81 -0.11 -14.86
1684259317345538 80.00 0.00 0.00 0.00 88.65 -6.70 89.15 -2.65 15.24 19.61 2.86 -19.36
1684259317362745 80.00 0.00 0.00 0.00 88.74 -5.56 89.01 -3.09 4.46 67.03 4.11 -0.51
1684259317379063 80.00 0.00 0.00 0.00 88.91 -3.26 89.02 -2.95 8.59 26.99 6.01 2.93
1684259317396747 80.00 0.00 0.00 0.00 88.99 -2.11 89.05 -2.52 -0.59 -8.12 5.17 2.96
1684259317410534 80.00 0.00 0.00 0.00 89.06 -0.96 89.02 -2.95 -2.25 -31.25 3.72 -6.34
1684259317427254 80.00 0.00 0.00 0.00 89.94 -0.88 89.11 -3.38 1.49 26.04 3.56 4.73
1684259317444002 80.00 0.00 0.00 0.00 89.42 -7.74 89.03 -4.38 -5.03 25.45 2.66 14.37
1684259317460116 80.00 0.00 0.00 0.00 88.88 -13.34 89.07 -5.07 4.56 62.14 3.31 23.49
1684259317480497 80.00 0.00 0.00 0.00 88.99 -2.11 89.12 -4.50 -1.98 33.78 1.16 25.26
1684259317492822 80.00 0.00 0.00 0.00 89.13 0.20 89.16 -3.78 -3.45 -46.54 0.17 11.06
1684259317510369 80.00 0.00 0.00 0.00 90.72 -1.96 89.39 -3.61 -2.81 -41.03 -1.26 2.56
1684259317525998 80.00 0.00 0.00 0.00 88.55 -7.84 89.34 -4.33 -14.49 -10.46 -2.99 2.27
1684259317540824 80.00 0.00 0.00 0.00 90.72 -1.96 89.54 -4.45 3.67 48.28 -2.25 12.21
1684259317557570 80.00 0.00 0.00 0.00 89.26 2.53 89.46 -4.03 -12.38 7.46 -3.99 9.89
1684259317576456 80.00 0.00 0.00 0.00 89.42 -7.74 89.46 -4.03 4.46 -22.57 -2.80 3.88
1684259317590032 80.00 0.00 0.00 0.00 89.32 -8.87 89.52 -3.47 0.00 0.00 -3.37 -3.89
1684259317605980 80.00 0.00 0.00 0.00 89.52 -6.61 89.58 -4.03 -3.47 -35.08 -3.56 -12.49
1684259317625737 80.00 0.00 0.00 0.00 88.76 -14.45 89.53 -5.86 -3.34 28.44 -3.54 -3.12
1684259317639239 80.00 0.00 0.00 0.00 89.13 0.20 89.34 -5.59 3.49 135.67 -2.76 18.97
1684259317655252 80.00 0.00 0.00 0.00 88.99 -2.11 89.39 -4.88 12.39 -16.85 0.60 18.17
1684259317671983 80.00 0.00 0.00 0.00 89.13 0.20 89.19 -4.61 -3.25 -42.78 -0.26 6.79
1684259317687592 80.00 0.00 0.00 0.00 88.65 -6.70 89.11 -5.76 12.71 -17.28 2.87 3.69
1684259317704184 80.00 0.00 0.00 0.00 88.65 -6.70 89.02 -5.63 4.62 69.51 2.90 15.20
1684259317719403 80.00 0.00 0.00 0.00 88.45 -8.97 88.91 -5.64 6.34 -8.54 3.69 14.14
1684259317736226 80.00 0.00 0.00 0.00 90.28 -7.64 89.01 -5.77 6.43 0.76 4.92 18.62
1684259317753415 80.00 0.00 0.00 0.00 88.55 -7.84 88.98 -4.94 -5.51 7.52 4.65 16.00
1684259317770799 80.00 0.00 0.00 0.00 88.83 -4.41 88.94 -5.52 1.46 -47.56 4.40 -6.90
1684259317784625 80.00 0.00 0.00 0.00 90.28 -7.64 89.10 -6.21 2.78 41.72 3.20 0.42
1684259317803545 80.00 0.00 0.00 0.00 90.44 -14.20 89.27 -8.01 -8.50 36.53 2.54 10.33
1684259317817185 80.00 0.00 0.00 0.00 89.20 1.36 89.33 -7.01 -11.97 132.02 -0.54 29.00
1684259317833739 80.00 0.00 0.00 0.00 90.68 -12.00 89.59 -7.67 -4.16 -60.89 -1.64 12.70
1684259317849512 80.00 0.00 0.00 0.00 88.74 -5.56 89.62 -7.24 -16.11 42.01 -4.45 19.01
1684259317866131 80.00 0.00 0.00 0.00 88.31 1.30 89.38 -6.12 -2.15 -25.67 -5.52 15.71
1684259317882853 80.00 0.00 0.00 0.00 88.48 4.81 89.37 -4.54 14.67 -66.83 -3.00 6.42
1684259317898625 80.00 0.00 0.00 0.00 89.96 -11.00 89.51 -5.37 0.55 -100.25 -3.11 -0.17
1684259317916367 80.00 0.00 0.00 0.00 88.91 -3.26 89.34 -4.82 -7.97 46.44 -4.45 0.42
1684259317930758 80.00 0.00 0.00 0.00 88.91 -3.26 89.15 -3.45 11.86 -38.02 -1.91 -8.90
1684259317948453 80.00 0.00 0.00 0.00 88.83 -4.41 89.10 -4.17 10.81 -77.28 0.94 -35.06
1684259317964335 80.00 0.00 0.00 0.00 87.47 2.41 88.70 -2.37 2.94 45.46 1.83 -21.77
1684259317979794 80.00 0.00 0.00 0.00 88.37 2.47 88.66 -1.37 25.97 -116.52 7.09 -41.58
1684259317996036 80.00 0.00 0.00 0.00 90.25 4.92 88.90 -0.92 2.82 -61.78 7.71 -46.10
1684259318012186 80.00 0.00 0.00 0.00 88.43 3.64 88.89 -1.06 -15.03 -27.99 3.99 -41.24
1684259318027896 80.00 0.00 0.00 0.00 88.10 -2.19 88.66 0.04 0.42 9.33 3.98 -27.54
1684259318043870 80.00 0.00 0.00 0.00 88.99 -2.11 88.67 0.18 14.51 -69.00 6.79 -41.97
1684259318060889 80.00 0.00 0.00 0.00 88.03 -3.34 88.56 0.17 -0.58 -8.46 5.23 -38.28
1684259318077040 80.00 0.00 0.00 0.00 89.11 -11.12 88.59 -0.67 6.84 0.62 4.74 -28.54
1684259318092498 80.00 0.00 0.00 0.00 87.13 -3.42 88.55 -1.40 -2.26 54.21 4.09 -27.45
1684259318108931 80.00 0.00 0.00 0.00 87.21 -2.26 88.41 -1.99 2.60 44.36 1.17 -7.34
1684259318124949 80.00 0.00 0.00 0.00 87.13 -3.42 88.02 -3.03 9.11 36.91 1.95 5.00
1684259318141776 80.00 0.00 0.00 0.00 87.13 -3.42 87.85 -3.91 23.21 61.94 6.73 16.24
1684259318157522 80.00 0.00 0.00 0.00 86.56 2.35 87.66 -3.34 10.33 56.06 7.97 22.08
1684259318173734 80.00 0.00 0.00 0.00 86.37 -1.17 87.33 -3.23 11.94 -35.00 7.65 26.33
1684259318190530 80.00 0.00 0.00 0.00 82.81 3.33 86.68 -2.39 19.52 -7.02 10.16 26.51
1684259318207261 80.00 0.00 0.00 0.00 85.57 1.11 86.24 -0.86 38.96 -49.83 14.18 20.20
1684259318222397 80.00 0.00 0.00 0.00 85.44 -1.24 86.03 -0.59 29.22 -101.01 18.11 0.80
1684259318239174 80.00 0.00 0.00 0.00 84.36 -3.65 85.67 -0.76 12.58 -16.29 19.36 -6.78
1684259318255451 80.00 0.00 0.00 0.00 84.36 -3.65 85.32 -0.79 21.83 10.67 20.95 -10.06
1684259318271711 80.00 0.00 0.00 0.00 85.30 -3.58 85.10 -0.81 21.26 1.76 20.71 -17.58
1684259318288266 80.00 0.00 0.00 0.00 84.36 -3.65 84.82 -1.56 13.83 1.16 21.14 -24.45
1684259318303830 80.00 0.00 0.00 0.00 85.57 1.11 84.72 -1.28 17.60 48.21 21.85 -14.04
1684259318320630 80.00 0.00 0.00 0.00 85.37 -2.41 85.04 -1.99 5.93 -16.99 20.15 -15.29
1684259318336747 80.00 0.00 0.00 0.00 83.73 2.19 84.81 -1.86 -19.86 44.48 12.80 -3.50
1684259318353832 80.00 0.00 0.00 0.00 83.67 1.00 84.59 -1.58 13.46 -7.83 10.83 8.15
1684259318376376 80.00 0.00 0.00 0.00 83.67 1.00 84.51 -1.00 9.80 -12.39 10.48 8.63
1684259318389156 80.00 0.00 0.00 0.00 82.45 -3.80 84.27 -1.02 6.74 -45.47 8.60 1.61
1684259318402814 80.00 0.00 0.00 0.00 81.87 4.48 83.84 -0.01 17.47 1.32 8.12 1.56
1684259318418373 80.00 0.00 0.00 0.00 82.45 -3.80 83.60 -0.03 27.52 -64.71 9.83 -6.67
1684259318435466 80.00 0.00 0.00 0.00 81.73 0.89 83.12 -0.06 13.96 1.06 9.38 -12.57
1684259318450422 80.00 0.00 0.00 0.00 81.09 -9.73 82.58 -0.97 32.11 1.91 12.65 -10.21
1684259318467677 80.00 0.00 0.00 0.00 80.49 -3.93 82.18 -1.74 31.01 53.04 19.01 -9.14
1684259318482939 80.00 0.00 0.00 0.00 80.49 -3.93 81.78 -2.35 26.49 50.11 20.64 -1.89
1684259318499792 80.00 0.00 0.00 0.00 80.49 -3.93 81.39 -2.97 23.58 36.57 22.36 4.23
1684259318516488 80.00 0.00 0.00 0.00 79.50 -4.00 81.02 -3.00 23.80 36.92 24.49 14.53
1684259318532076 80.00 0.00 0.00 0.00 80.43 -5.12 80.83 -4.19 23.73 1.63 25.28 14.57
1684259318548285 80.00 0.00 0.00 0.00 79.43 -5.19 80.46 -4.37 11.16 74.00 23.23 31.90
1684259318564781 80.00 0.00 0.00 0.00 77.46 -4.12 79.92 -4.99 22.93 10.54 24.35 33.09
1684259318580503 80.00 0.00 0.00 0.00 79.43 -5.19 79.72 -4.43 33.94 39.84 24.58 37.83
1684259318596873 80.00 0.00 0.00 0.00 77.40 -5.32 79.33 -4.60 12.69 -34.69 22.29 26.86
1684259318613187 80.00 0.00 0.00 0.00 78.48 -4.06 79.08 -4.62 23.74 10.62 21.95 21.93
1684259318628919 80.00 0.00 0.00 0.00 77.52 -2.93 78.70 -4.49 15.98 1.03 21.00 17.49
1684259318645030 80.00 0.00 0.00 0.00 76.42 -4.18 78.32 -4.51 23.10 -7.81 20.91 11.89
1684259318661852 80.00 0.00 0.00 0.00 77.46 -4.12 77.95 -4.39 22.85 1.38 20.80 11.86
1684259318678701 80.00 0.00 0.00 0.00 76.42 -4.18 77.57 -4.26 22.02 -7.36 22.16 1.69
1684259318696003 80.00 0.00 0.00 0.00 73.42 0.51 77.07 -3.69 21.73 -7.24 22.01 -0.53
1684259318710677 80.00 0.00 0.00 0.00 75.43 -3.04 76.57 -3.42 34.42 -39.47 22.07 -10.44
1684259318726574 80.00 0.00 0.00 0.00 76.16 -8.96 76.41 -3.87 31.48 -16.90 24.41 -8.22
1684259318743121 80.00 0.00 0.00 0.00 74.41 -1.88 75.90 -3.60 9.34 27.47 22.61 -6.11
