1.510989 
1.513407 
1.515018 
1.516630 
1.491648 
1.514212 
1.515824 
1.514212 
1.514212 
1.516630 
1.513407 
1.521465 
1.510989 
1.493260 
1.514212 
1.517436 
1.512601 
1.512601 
1.511795 
1.499707 
1.509377 
1.509377 
1.481978 
1.515018 
1.519048 
1.507766 
1.508571 
1.510989 
1.513407 
1.509377 
1.510183 
1.506154 
1.510183 
1.511795 
1.513407 
1.507766 
1.506960 
1.513407 
1.510989 
1.523077 
1.508571 
1.515824 
1.517436 
1.510989 
1.513407 
1.511795 
1.511795 
1.515824 
1.514212 
1.510183 

