1.508571 
1.512601 
1.516630 
1.509377 
1.514212 
1.514212 
1.510989 
1.511795 
1.511795 
1.514212 
1.510183 
1.511795 
1.514212 
1.512601 
1.508571 
1.511795 
1.509377 
1.516630 
1.510183 
1.511795 
1.513407 
1.514212 
1.510989 
1.513407 
1.510989 
1.512601 
1.513407 
1.510989 
1.508571 
1.510989 
1.515824 
1.513407 
1.517436 
1.510989 
1.511795 
1.514212 
1.506154 
1.509377 
1.513407 
1.510183 
1.511795 
1.515824 
1.511795 
1.513407 
1.513407 
1.509377 
1.509377 
1.513407 
1.513407 
1.510183 
