1.418315 
1.694725 
1.497289 
1.510989 
1.469890 
1.534359 
1.527106 
1.495678 
1.526300 
1.506960 
1.430403 
1.548059 
1.507766 
1.507766 
1.510989 
1.523077 
1.510989 
1.501319 
1.512601 
1.506960 
1.521465 
1.532747 
1.490037 
1.512601 
1.534359 
1.560147 
1.506960 
1.498095 
1.532747 
1.520659 
1.498901 
1.510183 
1.498095 
1.509377 
1.518242 
1.513407 
1.510989 
1.519853 
1.495678 
1.508571 
1.519048 
1.520659 
1.511795 
1.506154 
1.517436 
1.501319 
1.512601 
1.506960 
1.525494 
1.508571 

